SYMBOL,SERIES,DATE1,PREV_CLOSE,OPEN_PRICE,HIGH_PRICE,LOW_PRICE,LAST_PRICE,CLOSE_PRICE,AVG_PRICE,TTL_TRD_QNTY,TURNOVER_LACS,NO_OF_TRADES,DELIV_QTY,DELIV_PER
GFSTEELS,BE,23-07-2019,1.0,1.25,1.3,1.25,1.3,1.3,1.29,"1,940","2,497.00",6,-,-
GFSTEELS,BE,24-07-2019,1.3,1.35,1.35,1.35,1.35,1.35,1.35,140,189.00,1,-,-
GFSTEELS,BE,25-07-2019,1.35,1.4,1.4,1.4,1.4,1.4,1.4,"1,580","2,212.00",7,-,-
GFSTEELS,BE,26-07-2019,1.4,1.45,1.45,1.45,1.45,1.45,1.45,350,507.50,2,-,-
GFSTEELS,BE,29-07-2019,1.45,1.5,1.5,1.5,1.5,1.5,1.5,920,"1,380.00",4,-,-
GFSTEELS,BE,30-07-2019,1.5,1.55,1.55,1.55,1.55,1.55,1.55,"5,680","8,804.00",12,-,-
GFSTEELS,BE,31-07-2019,1.55,1.6,1.6,1.5,1.5,1.5,1.55,"4,686","7,254.00",8,-,-
GFSTEELS,BE,01-08-2019,1.5,1.55,1.55,1.55,1.55,1.55,1.55,"2,280","3,534.00",7,-,-
GFSTEELS,BE,02-08-2019,1.55,1.6,1.6,1.6,1.6,1.6,1.6,41,65.60,2,-,-
GFSTEELS,BE,05-08-2019,1.6,1.65,1.65,1.55,1.65,1.65,1.62,"1,181","1,910.65",6,-,-
GFSTEELS,BE,06-08-2019,1.65,1.6,1.6,1.6,1.6,1.6,1.6,620,992.00,2,-,-
GFSTEELS,BE,07-08-2019,1.6,1.55,1.55,1.55,1.55,1.55,1.55,1,1.55,1,-,-
GFSTEELS,BE,08-08-2019,1.55,1.55,1.6,1.55,1.55,1.55,1.56,"5,591","8,746.05",7,-,-
GFSTEELS,BE,09-08-2019,1.55,1.6,1.6,1.6,1.6,1.6,1.6,200,320.00,1,-,-
GFSTEELS,BE,14-08-2019,1.6,1.6,1.6,1.6,1.6,1.6,1.6,"2,931","4,689.60",7,-,-
GFSTEELS,BE,19-08-2019,1.6,1.65,1.65,1.65,1.65,1.65,1.65,140,231.00,1,-,-
GFSTEELS,BE,20-08-2019,1.65,1.7,1.7,1.7,1.7,1.7,1.7,"1,972","3,352.40",3,-,-
GFSTEELS,BE,21-08-2019,1.7,1.75,1.75,1.75,1.75,1.75,1.75,"1,477","2,584.75",5,-,-
GFSTEELS,BE,22-08-2019,1.75,1.8,1.8,1.8,1.8,1.8,1.8,650,"1,170.00",3,-,-
GFSTEELS,BE,23-08-2019,1.8,1.85,1.85,1.85,1.85,1.85,1.85,"1,500","2,775.00",1,-,-
GFSTEELS,BE,26-08-2019,1.85,1.9,1.9,1.9,1.9,1.9,1.9,"1,340","2,546.00",3,-,-
GFSTEELS,BE,28-08-2019,1.9,1.95,1.95,1.95,1.95,1.95,1.95,240,468.00,2,-,-
GFSTEELS,BE,29-08-2019,1.95,2.0,2.0,2.0,2.0,2.0,2.0,661,"1,322.00",5,-,-
GFSTEELS,BE,30-08-2019,2.0,2.1,2.1,2.1,2.1,2.1,2.1,718,"1,507.80",2,-,-
GFSTEELS,BE,03-09-2019,2.1,2.2,2.2,2.2,2.2,2.2,2.2,1,2.20,1,-,-
GFSTEELS,BE,06-09-2019,2.2,2.3,2.3,2.3,2.3,2.3,2.3,753,"1,731.90",3,-,-
GFSTEELS,BE,09-09-2019,2.3,2.4,2.4,2.4,2.4,2.4,2.4,645,"1,548.00",4,-,-
GFSTEELS,BE,11-09-2019,2.4,2.5,2.5,2.5,2.5,2.5,2.5,"1,540","3,850.00",3,-,-
GFSTEELS,BE,12-09-2019,2.5,2.6,2.6,2.6,2.6,2.6,2.6,140,364.00,1,-,-
GFSTEELS,BE,13-09-2019,2.6,2.7,2.7,2.7,2.7,2.7,2.7,"1,760","4,752.00",2,-,-
GFSTEELS,BE,16-09-2019,2.7,2.8,2.8,2.8,2.8,2.8,2.8,313,876.40,2,-,-
GFSTEELS,BE,18-09-2019,2.8,2.9,2.9,2.9,2.9,2.9,2.9,"2,950","8,555.00",4,-,-
GFSTEELS,BE,19-09-2019,2.9,3.0,3.0,3.0,3.0,3.0,3.0,"2,541","7,623.00",6,-,-
GFSTEELS,BE,20-09-2019,3.0,3.15,3.15,3.15,3.15,3.15,3.15,325,"1,023.75",5,-,-
GFSTEELS,BE,23-09-2019,3.15,3.3,3.3,3.3,3.3,3.3,3.3,"2,770","9,141.00",11,-,-
GFSTEELS,BE,24-09-2019,3.3,3.45,3.45,3.45,3.45,3.45,3.45,"1,117","3,853.65",9,-,-
GFSTEELS,BE,25-09-2019,3.45,3.6,3.6,3.6,3.6,3.6,3.6,"4,382","15,775.20",22,-,-
GFSTEELS,BE,26-09-2019,3.6,3.75,3.75,3.75,3.75,3.75,3.75,"6,411","24,041.25",22,-,-
GFSTEELS,BE,27-09-2019,3.75,3.9,3.9,3.9,3.9,3.9,3.9,"2,541","9,909.90",14,-,-
GFSTEELS,BE,30-09-2019,3.9,4.05,4.05,4.05,4.05,4.05,4.05,"25,704","1,04,101.20",73,-,-
GFSTEELS,BE,01-10-2019,4.05,4.25,4.25,4.25,4.25,4.25,4.25,"27,146","1,15,370.50",125,-,-
GFSTEELS,BE,03-10-2019,4.25,4.45,4.45,4.45,4.45,4.45,4.45,"2,282","10,154.90",18,-,-
GFSTEELS,BE,04-10-2019,4.45,4.65,4.65,4.65,4.65,4.65,4.65,"2,260","10,509.00",39,-,-
GFSTEELS,BE,07-10-2019,4.65,4.85,4.85,4.85,4.85,4.85,4.85,434,"2,104.90",7,-,-
GFSTEELS,BE,09-10-2019,4.85,5.05,5.05,5.05,5.05,5.05,5.05,"1,610","8,130.50",8,-,-
GFSTEELS,BE,10-10-2019,5.05,5.3,5.3,5.3,5.3,5.3,5.3,"1,024","5,427.20",6,-,-
GFSTEELS,BE,11-10-2019,5.3,5.55,5.55,5.55,5.55,5.55,5.55,572,"3,174.60",5,-,-
GFSTEELS,BE,14-10-2019,5.55,5.8,5.8,5.8,5.8,5.8,5.8,"1,784","10,347.20",13,-,-
GFSTEELS,BE,15-10-2019,5.8,6.05,6.05,6.05,6.05,6.05,6.05,"1,268","7,671.40",5,-,-
GFSTEELS,BE,16-10-2019,6.05,6.35,6.35,6.35,6.35,6.35,6.35,"3,962","25,158.70",21,-,-
GFSTEELS,BE,17-10-2019,6.35,6.65,6.65,6.65,6.65,6.65,6.65,"13,452","89,455.80",96,-,-
GFSTEELS,BE,18-10-2019,6.65,6.95,6.95,6.95,6.95,6.95,6.95,"3,587","24,929.65",27,-,-
GFSTEELS,BE,22-10-2019,6.95,7.25,7.25,7.25,7.25,7.25,7.25,"20,536","1,48,886.00",128,-,-
GFSTEELS,BE,23-10-2019,7.25,7.6,7.6,6.9,6.9,6.9,7.38,"38,239","2,82,363.80",269,-,-
GFSTEELS,BE,24-10-2019,6.9,6.6,6.6,6.6,6.6,6.6,6.6,"3,979","26,261.40",58,-,-
GFSTEELS,BE,25-10-2019,6.6,6.3,6.3,6.3,6.3,6.3,6.3,"1,452","9,147.60",18,-,-
GFSTEELS,BE,27-10-2019,6.3,6.0,6.0,6.0,6.0,6.0,6.0,785,"4,710.00",15,-,-
GFSTEELS,BE,29-10-2019,6.0,5.7,5.7,5.7,5.7,5.7,5.7,185,"1,054.50",11,-,-
GFSTEELS,BE,30-10-2019,5.7,5.45,5.45,5.45,5.45,5.45,5.45,691,"3,765.95",24,-,-
GFSTEELS,BE,31-10-2019,5.45,5.2,5.2,5.2,5.2,5.2,5.2,677,"3,520.40",20,-,-
GFSTEELS,BE,01-11-2019,5.2,4.95,4.95,4.95,4.95,4.95,4.95,450,"2,227.50",20,-,-
GFSTEELS,BE,04-11-2019,4.95,4.75,4.75,4.75,4.75,4.75,4.75,305,"1,448.75",17,-,-
GFSTEELS,BE,11-11-2019,4.75,4.55,4.55,4.55,4.55,4.55,4.55,270,"1,228.50",8,-,-
GFSTEELS,BE,18-11-2019,4.55,4.35,4.35,4.35,4.35,4.35,4.35,598,"2,601.30",7,-,-
GFSTEELS,BE,25-11-2019,4.35,4.15,4.15,4.15,4.15,4.15,4.15,131,543.65,4,-,-
GFSTEELS,BE,02-12-2019,4.15,3.95,3.95,3.95,3.95,3.95,3.95,246,971.70,9,-,-
GFSTEELS,BE,09-12-2019,3.95,3.8,3.8,3.8,3.8,3.8,3.8,435,"1,653.00",8,-,-
GFSTEELS,BE,16-12-2019,3.8,3.65,3.65,3.65,3.65,3.65,3.65,103,375.95,3,-,-
GFSTEELS,BE,23-12-2019,3.65,3.5,3.5,3.5,3.5,3.5,3.5,255,892.50,7,-,-
GFSTEELS,BE,30-12-2019,3.5,3.35,3.35,3.35,3.35,3.35,3.35,34,113.90,2,-,-
GFSTEELS,BE,06-01-2020,3.35,3.2,3.2,3.2,3.2,3.2,3.2,531,"1,699.20",7,-,-
GFSTEELS,BE,13-01-2020,3.2,3.05,3.05,3.05,3.05,3.05,3.05,910,"2,775.50",8,-,-
GFSTEELS,BE,20-01-2020,3.05,2.9,2.9,2.9,2.9,2.9,2.9,196,568.40,3,-,-
GFSTEELS,BE,27-01-2020,2.9,2.8,2.8,2.8,2.8,2.8,2.8,347,971.60,9,-,-
GFSTEELS,BE,03-02-2020,2.8,2.7,2.7,2.7,2.7,2.7,2.7,"1,053","2,843.10",9,-,-
GFSTEELS,BE,10-02-2020,2.7,2.6,2.6,2.6,2.6,2.6,2.6,"1,072","2,787.20",18,-,-
GFSTEELS,BE,17-02-2020,2.6,2.5,2.5,2.5,2.5,2.5,2.5,186,465.00,9,-,-
GFSTEELS,BE,24-02-2020,2.5,2.4,2.5,2.4,2.4,2.4,2.42,"17,251","41,752.90",39,-,-
GFSTEELS,BE,02-03-2020,2.4,2.3,2.3,2.3,2.3,2.3,2.3,90,207.00,3,-,-
GFSTEELS,BE,09-03-2020,2.3,2.2,2.2,2.2,2.2,2.2,2.2,"2,100","4,620.00",7,-,-
GFSTEELS,BE,11-03-2020,2.2,2.1,2.1,2.1,2.1,2.1,2.1,"1,071","2,249.10",7,-,-
GFSTEELS,BE,13-03-2020,2.1,2.0,2.0,2.0,2.0,2.0,2.0,36,72.00,7,-,-
GFSTEELS,BE,16-03-2020,2.0,1.9,1.9,1.9,1.9,1.9,1.9,110,209.00,2,-,-
GFSTEELS,BE,17-03-2020,1.9,1.85,1.85,1.85,1.85,1.85,1.85,"9,476","17,530.60",12,-,-
GFSTEELS,BE,19-03-2020,1.85,1.8,1.8,1.8,1.8,1.8,1.8,200,360.00,2,-,-
GFSTEELS,BE,20-03-2020,1.8,1.75,1.75,1.75,1.75,1.75,1.75,"2,900","5,075.00",6,-,-
GFSTEELS,BE,23-03-2020,1.75,1.7,1.7,1.7,1.7,1.7,1.7,5,8.50,1,-,-
GFSTEELS,BE,25-03-2020,1.7,1.65,1.65,1.65,1.65,1.65,1.65,106,174.90,3,-,-
GFSTEELS,BE,26-03-2020,1.65,1.6,1.6,1.6,1.6,1.6,1.6,30,48.00,4,-,-
GFSTEELS,BE,27-03-2020,1.6,1.55,1.55,1.55,1.55,1.55,1.55,896,"1,388.80",5,-,-
GFSTEELS,BE,30-03-2020,1.55,1.5,1.5,1.5,1.5,1.5,1.5,31,46.50,3,-,-
GFSTEELS,BE,31-03-2020,1.5,1.5,1.5,1.45,1.45,1.45,1.45,"14,069","20,450.05",19,-,-
GFSTEELS,BE,01-04-2020,1.45,1.4,1.4,1.4,1.4,1.4,1.4,1,1.40,1,-,-
GFSTEELS,BE,03-04-2020,1.4,1.35,1.35,1.35,1.35,1.35,1.35,31,41.85,2,-,-
GFSTEELS,BE,07-04-2020,1.35,1.3,1.3,1.3,1.3,1.3,1.3,840,"1,092.00",8,-,-
GFSTEELS,BE,08-04-2020,1.3,1.25,1.25,1.25,1.25,1.25,1.25,"4,470","5,587.50",18,-,-
GFSTEELS,BE,09-04-2020,1.25,1.2,1.2,1.2,1.2,1.2,1.2,"20,344","24,412.80",43,-,-
GFSTEELS,EQ,13-04-2020,1.2,1.25,1.25,1.25,1.25,1.25,1.25,"20,285","25,356.25",40,"20,285",100.0
GFSTEELS,EQ,15-04-2020,1.25,1.3,1.3,1.3,1.3,1.3,1.3,"5,261","6,839.30",20,"5,261",100.00
GFSTEELS,EQ,16-04-2020,1.3,1.35,1.35,1.35,1.35,1.35,1.35,"2,358","3,183.30",8,"2,358",100.00
GFSTEELS,EQ,17-04-2020,1.35,1.4,1.4,1.4,1.4,1.4,1.4,202,282.80,10,202,100.00
GFSTEELS,EQ,20-04-2020,1.4,1.45,1.45,1.45,1.45,1.45,1.45,"1,726","2,502.70",13,"1,726",100.00
GFSTEELS,EQ,21-04-2020,1.45,1.5,1.5,1.5,1.5,1.5,1.5,939,"1,408.50",10,939,100.00
GFSTEELS,EQ,22-04-2020,1.5,1.55,1.55,1.45,1.55,1.55,1.52,"10,530","15,966.20",17,"7,152",67.92
GFSTEELS,EQ,23-04-2020,1.55,1.6,1.6,1.6,1.6,1.6,1.6,"2,828","4,524.80",5,"2,828",100.00
GFSTEELS,EQ,24-04-2020,1.6,1.65,1.65,1.65,1.65,1.65,1.65,"2,222","3,666.30",10,"2,222",100.00
GFSTEELS,EQ,27-04-2020,1.65,1.7,1.7,1.7,1.7,1.7,1.7,"3,706","6,300.20",11,"3,706",100.00
GFSTEELS,EQ,28-04-2020,1.7,1.75,1.75,1.75,1.75,1.75,1.75,474,829.50,4,474,100.00
GFSTEELS,EQ,29-04-2020,1.75,1.75,1.8,1.75,1.8,1.8,1.78,"5,277","9,396.35",13,"5,277",100.00
GFSTEELS,EQ,30-04-2020,1.8,1.85,1.85,1.85,1.85,1.85,1.85,"2,993","5,537.05",7,"2,993",100.00
GFSTEELS,EQ,04-05-2020,1.85,1.9,1.9,1.9,1.9,1.9,1.9,523,993.70,4,523,100.00
GFSTEELS,EQ,05-05-2020,1.9,1.95,1.95,1.95,1.95,1.95,1.95,"1,043","2,033.85",5,"1,043",100.00
GFSTEELS,EQ,06-05-2020,1.95,2.0,2.0,2.0,2.0,2.0,2.0,549,"1,098.00",2,549,100.00
GFSTEELS,BE,07-05-2020,2.0,2.1,2.1,2.1,2.1,2.1,2.1,"3,112","6,535.20",7,-,-
GFSTEELS,BE,08-05-2020,2.1,2.2,2.2,2.2,2.2,2.2,2.2,252,554.40,6,-,-
GFSTEELS,BE,11-05-2020,2.2,2.3,2.3,2.3,2.3,2.3,2.3,182,418.60,3,-,-
GFSTEELS,BE,12-05-2020,2.3,2.4,2.4,2.4,2.4,2.4,2.4,397,952.80,4,-,-
GFSTEELS,BE,13-05-2020,2.4,2.5,2.5,2.5,2.5,2.5,2.5,"2,248","5,620.00",5,-,-
GFSTEELS,BE,14-05-2020,2.5,2.6,2.6,2.6,2.6,2.6,2.6,"2,123","5,519.80",3,-,-
GFSTEELS,BE,15-05-2020,2.6,2.7,2.7,2.5,2.5,2.5,2.7,"9,825","26,492.50",9,-,-
GFSTEELS,BE,18-05-2020,2.5,2.4,2.4,2.4,2.4,2.4,2.4,"1,505","3,612.00",6,-,-
GFSTEELS,BE,19-05-2020,2.4,2.3,2.3,2.3,2.3,2.3,2.3,"1,755","4,036.50",7,-,-
GFSTEELS,BE,20-05-2020,2.3,2.2,2.2,2.2,2.2,2.2,2.2,10,22.00,2,-,-
GFSTEELS,BE,21-05-2020,2.2,2.1,2.1,2.1,2.1,2.1,2.1,"2,505","5,260.50",13,-,-
GFSTEELS,BE,22-05-2020,2.1,2.0,2.0,2.0,2.0,2.0,2.0,25,50.00,2,-,-
GFSTEELS,BE,26-05-2020,2.0,2.0,2.0,1.9,1.9,1.9,1.94,"7,495","14,564.40",19,-,-
GFSTEELS,BE,27-05-2020,1.9,1.9,1.9,1.85,1.85,1.85,1.85,"2,050","3,795.00",8,-,-
GFSTEELS,BE,28-05-2020,1.85,1.8,1.8,1.8,1.8,1.8,1.8,505,909.00,2,-,-
GFSTEELS,BE,29-05-2020,1.8,1.75,1.75,1.75,1.75,1.75,1.75,"1,936","3,388.00",9,-,-
GFSTEELS,BE,01-06-2020,1.75,1.7,1.75,1.7,1.75,1.75,1.72,"4,913","8,467.85",13,-,-
GFSTEELS,BE,02-06-2020,1.75,1.8,1.8,1.7,1.75,1.75,1.73,"7,509","13,001.60",37,-,-
GFSTEELS,BE,03-06-2020,1.75,1.75,1.8,1.7,1.8,1.8,1.78,"12,102","21,546.25",17,-,-
GFSTEELS,BE,04-06-2020,1.8,1.8,1.85,1.8,1.8,1.8,1.82,"1,445","2,626.00",7,-,-
GFSTEELS,BE,05-06-2020,1.8,1.8,1.85,1.8,1.85,1.85,1.83,257,470.45,5,-,-
GFSTEELS,BE,08-06-2020,1.85,1.9,1.9,1.9,1.9,1.9,1.9,"7,780","14,782.00",6,-,-
GFSTEELS,BE,09-06-2020,1.9,1.95,1.95,1.95,1.95,1.95,1.95,"1,074","2,094.30",3,-,-
GFSTEELS,BE,10-06-2020,1.95,2.0,2.0,2.0,2.0,2.0,2.0,462,924.00,5,-,-
GFSTEELS,BE,11-06-2020,2.0,2.1,2.1,2.1,2.1,2.1,2.1,"2,171","4,559.10",8,-,-
GFSTEELS,BE,12-06-2020,2.1,2.1,2.2,2.1,2.2,2.2,2.15,"16,416","35,341.55",15,-,-
GFSTEELS,BE,15-06-2020,2.2,2.3,2.3,2.2,2.3,2.3,2.3,"3,324","7,631.20",10,-,-
GFSTEELS,BE,16-06-2020,2.3,2.35,2.4,2.25,2.4,2.4,2.31,"7,260","16,765.00",15,-,-
GFSTEELS,BE,17-06-2020,2.4,2.5,2.5,2.35,2.35,2.35,2.49,"27,602","68,782.20",20,-,-
GFSTEELS,BE,18-06-2020,2.35,2.35,2.45,2.35,2.45,2.45,2.37,5,11.85,5,-,-
GFSTEELS,BE,19-06-2020,2.45,2.55,2.55,2.55,2.55,2.55,2.55,9,22.95,2,-,-
GFSTEELS,BE,22-06-2020,2.55,2.65,2.65,2.65,2.65,2.65,2.65,100,265.00,1,-,-
GFSTEELS,BE,23-06-2020,2.65,2.75,2.75,2.75,2.75,2.75,2.75,183,503.25,3,-,-
GFSTEELS,BE,24-06-2020,2.75,2.85,2.85,2.85,2.85,2.85,2.85,"2,089","5,953.65",4,-,-
GFSTEELS,BE,25-06-2020,2.85,2.95,2.95,2.95,2.95,2.95,2.95,540,"1,593.00",2,-,-
GFSTEELS,BE,26-06-2020,2.95,3.05,3.05,3.05,3.05,3.05,3.05,195,594.75,1,-,-
GFSTEELS,BE,29-06-2020,3.05,3.2,3.2,3.2,3.2,3.2,3.2,"1,241","3,971.20",3,-,-
GFSTEELS,BE,30-06-2020,3.2,3.35,3.35,3.35,3.35,3.35,3.35,330,"1,105.50",2,-,-
GFSTEELS,BE,01-07-2020,3.35,3.5,3.5,3.5,3.5,3.5,3.5,600,"2,100.00",5,-,-
GFSTEELS,BE,02-07-2020,3.5,3.65,3.65,3.4,3.65,3.65,3.57,"7,013","25,027.85",28,-,-
GFSTEELS,BE,03-07-2020,3.65,3.8,3.8,3.5,3.75,3.8,3.59,"3,460","12,435.25",32,-,-
GFSTEELS,BE,06-07-2020,3.8,3.8,3.8,3.65,3.65,3.65,3.65,"3,595","13,136.75",16,-,-
GFSTEELS,BE,07-07-2020,3.65,3.5,3.5,3.5,3.5,3.5,3.5,163,570.50,3,-,-
GFSTEELS,BE,08-07-2020,3.5,3.5,3.5,3.35,3.35,3.35,3.38,727,"2,460.45",8,-,-
GFSTEELS,BE,09-07-2020,3.35,3.2,3.2,3.2,3.2,3.2,3.2,"1,467","4,694.40",5,-,-
GFSTEELS,BE,10-07-2020,3.2,3.2,3.2,3.05,3.05,3.05,3.14,"4,556","14,284.30",16,-,-
GFSTEELS,BE,13-07-2020,3.05,2.9,3.0,2.9,2.9,2.9,2.91,"10,875","31,647.50",18,-,-
GFSTEELS,BE,14-07-2020,2.9,2.8,2.8,2.8,2.8,2.8,2.8,50,140.00,1,-,-
GFSTEELS,BE,15-07-2020,2.8,2.7,2.9,2.7,2.7,2.7,2.7,"7,644","20,675.40",29,-,-
GFSTEELS,BE,16-07-2020,2.7,2.7,2.7,2.6,2.6,2.6,2.6,"1,329","3,456.10",12,-,-
GFSTEELS,BE,17-07-2020,2.6,2.6,2.6,2.5,2.5,2.5,2.57,"2,957","7,587.80",21,-,-
GFSTEELS,BE,20-07-2020,2.5,2.6,2.6,2.5,2.5,2.5,2.59,"1,505","3,903.00",7,-,-
GFSTEELS,BE,21-07-2020,2.5,2.5,2.6,2.4,2.6,2.6,2.5,"2,420","6,038.00",8,-,-
GFSTEELS,BE,22-07-2020,2.6,2.6,2.7,2.6,2.7,2.7,2.64,"2,250","5,950.00",4,-,-
GFSTEELS,BE,23-07-2020,2.7,2.8,2.8,2.75,2.75,2.75,2.8,"1,120","3,132.50",3,-,-
GFSTEELS,BE,24-07-2020,2.75,2.8,2.85,2.8,2.85,2.85,2.84,"1,320","3,747.40",10,-,-
GFSTEELS,BE,27-07-2020,2.85,2.85,2.9,2.75,2.8,2.8,2.88,"1,230","3,543.40",9,-,-
GFSTEELS,BE,28-07-2020,2.8,2.7,2.9,2.7,2.8,2.8,2.71,"5,893","15,972.85",14,-,-
GFSTEELS,BE,29-07-2020,2.8,2.9,2.9,2.75,2.8,2.8,2.82,"1,767","4,986.85",8,-,-
GFSTEELS,BE,30-07-2020,2.8,2.8,2.8,2.75,2.75,2.75,2.76,570,"1,574.45",8,-,-
GFSTEELS,BE,31-07-2020,2.75,2.65,2.75,2.65,2.65,2.75,2.67,"4,041","10,808.65",10,-,-
GFSTEELS,BE,03-08-2020,2.75,2.65,2.65,2.65,2.65,2.65,2.65,"2,659","7,046.35",6,-,-
GFSTEELS,BE,04-08-2020,2.65,2.55,2.55,2.55,2.55,2.55,2.55,"2,720","6,936.00",9,-,-
GFSTEELS,BE,05-08-2020,2.55,2.45,2.55,2.45,2.55,2.55,2.54,568,"1,441.60",3,-,-
GFSTEELS,BE,06-08-2020,2.55,2.45,2.65,2.45,2.65,2.65,2.47,"12,899","31,802.55",12,-,-
GFSTEELS,BE,07-08-2020,2.65,2.55,2.75,2.55,2.55,2.55,2.59,926,"2,402.50",7,-,-
GFSTEELS,BE,10-08-2020,2.55,2.55,2.65,2.5,2.65,2.65,2.59,"3,907","10,111.05",14,-,-
GFSTEELS,BE,11-08-2020,2.65,2.75,2.75,2.75,2.75,2.75,2.75,"2,959","8,137.25",7,-,-
GFSTEELS,BE,12-08-2020,2.75,2.85,2.85,2.85,2.85,2.85,2.85,552,"1,573.20",3,-,-
GFSTEELS,BE,13-08-2020,2.85,2.95,2.95,2.95,2.95,2.95,2.95,"1,169","3,448.55",4,-,-
GFSTEELS,BE,14-08-2020,2.95,2.85,3.05,2.85,3.05,3.05,3.05,"20,351","62,020.10",23,-,-
GFSTEELS,BE,17-08-2020,3.05,3.2,3.2,3.05,3.2,3.2,3.2,"7,589","24,252.25",16,-,-
GFSTEELS,EQ,18-08-2020,3.2,3.35,3.35,3.35,3.35,3.35,3.35,"1,340","4,489.00",4,"1,340",100.00
GFSTEELS,EQ,19-08-2020,3.35,3.5,3.5,3.35,3.4,3.4,3.47,"7,052","24,455.50",38,"6,428",91.15
GFSTEELS,EQ,20-08-2020,3.4,3.5,3.5,3.25,3.25,3.25,3.38,"3,730","12,609.00",19,"3,230",86.60
GFSTEELS,EQ,21-08-2020,3.25,3.4,3.4,3.1,3.1,3.1,3.2,"8,841","28,323.30",23,"8,246",93.27
GFSTEELS,EQ,24-08-2020,3.1,3.25,3.25,3.1,3.1,3.1,3.17,959,"3,044.55",9,959,100.00
GFSTEELS,EQ,25-08-2020,3.1,3.1,3.15,2.95,2.95,2.95,3.15,504,"1,587.35",6,502,99.60
GFSTEELS,EQ,26-08-2020,2.95,2.85,3.0,2.85,2.85,2.85,2.91,253,736.05,5,253,100.00
GFSTEELS,EQ,27-08-2020,2.85,2.85,2.85,2.75,2.75,2.75,2.81,845,"2,377.25",15,845,100.00
GFSTEELS,EQ,28-08-2020,2.75,2.85,2.85,2.75,2.8,2.8,2.77,"6,753","18,709.25",12,"6,297",93.25
GFSTEELS,EQ,31-08-2020,2.8,2.8,2.9,2.7,2.9,2.8,2.78,"4,422","12,309.85",20,"4,422",100.00
GFSTEELS,EQ,01-09-2020,2.8,2.85,2.85,2.7,2.7,2.7,2.7,"3,201","8,642.85",21,"3,191",99.69
GFSTEELS,EQ,02-09-2020,2.7,2.7,2.8,2.7,2.8,2.8,2.79,520,"1,449.00",3,520,100.00
GFSTEELS,EQ,03-09-2020,2.8,2.7,2.9,2.7,2.85,2.85,2.84,"3,671","10,425.70",15,"2,670",72.73
GFSTEELS,EQ,04-09-2020,2.85,2.95,2.95,2.75,2.95,2.95,2.91,"2,215","6,452.30",13,"2,214",99.95
GFSTEELS,EQ,07-09-2020,2.95,3.05,3.05,2.85,3.05,3.05,3.04,"4,688","14,245.25",42,"4,440",94.71
GFSTEELS,EQ,08-09-2020,3.05,3.05,3.2,3.0,3.0,3.0,3.06,"4,143","12,680.95",24,"4,043",97.59
GFSTEELS,EQ,09-09-2020,3.0,2.9,3.15,2.85,3.15,3.15,3.03,"9,455","28,611.45",24,"2,366",25.02
GFSTEELS,EQ,10-09-2020,3.15,3.0,3.25,3.0,3.15,3.0,3.07,"9,031","27,681.05",43,"9,028",99.97
GFSTEELS,EQ,11-09-2020,3.0,3.0,3.15,2.85,3.0,3.0,3.06,"16,855","51,576.40",62,"8,686",51.53
GFSTEELS,EQ,14-09-2020,3.0,2.85,3.15,2.85,2.9,3.05,2.97,"16,765","49,823.10",37,"15,387",91.78
GFSTEELS,EQ,15-09-2020,3.05,2.9,3.0,2.9,2.9,2.9,2.9,"18,981","55,071.15",37,"18,981",100.00
GFSTEELS,EQ,16-09-2020,2.9,2.9,2.9,2.9,2.9,2.9,2.9,"2,021","5,860.90",8,"2,021",100.00
GFSTEELS,EQ,17-09-2020,2.9,2.8,2.95,2.8,2.85,2.85,2.8,"30,667","85,963.65",34,"30,666",100.00
GFSTEELS,EQ,18-09-2020,2.85,2.95,2.95,2.75,2.75,2.75,2.77,"25,798","71,363.75",46,"25,632",99.36
GFSTEELS,EQ,21-09-2020,2.75,2.65,2.85,2.65,2.7,2.7,2.73,842,"2,296.20",13,773,91.81
GFSTEELS,EQ,22-09-2020,2.7,2.7,2.75,2.7,2.75,2.75,2.75,26,71.45,4,26,100.00
GFSTEELS,EQ,23-09-2020,2.75,2.8,2.8,2.7,2.7,2.7,2.77,"16,969","46,945.70",272,"16,969",100.00
GFSTEELS,EQ,24-09-2020,2.7,2.7,2.7,2.6,2.7,2.7,2.67,599,"1,598.30",4,599,100.00
GFSTEELS,EQ,25-09-2020,2.7,2.65,2.8,2.65,2.65,2.65,2.65,525,"1,393.05",8,525,100.00
GFSTEELS,EQ,28-09-2020,2.65,2.65,2.75,2.65,2.65,2.65,2.71,"3,881","10,503.55",7,"3,881",100.00
GFSTEELS,EQ,29-09-2020,2.65,2.55,2.75,2.55,2.7,2.7,2.69,"1,177","3,168.05",11,"1,007",85.56
GFSTEELS,EQ,30-09-2020,2.7,2.7,2.7,2.7,2.7,2.7,2.7,"5,210","14,067.00",9,"5,210",100.00
GFSTEELS,EQ,01-10-2020,2.7,2.7,2.7,2.7,2.7,2.7,2.7,"3,089","8,340.30",10,"3,089",100.00
GFSTEELS,EQ,05-10-2020,2.7,2.7,2.8,2.6,2.8,2.75,2.69,"9,970","26,782.30",15,"9,965",99.95
GFSTEELS,EQ,06-10-2020,2.75,2.8,2.85,2.7,2.75,2.75,2.72,"16,700","45,431.15",12,"16,700",100.00
GFSTEELS,EQ,07-10-2020,2.75,2.75,2.85,2.75,2.85,2.75,2.79,538,"1,501.70",11,534,99.26
GFSTEELS,EQ,08-10-2020,2.75,2.75,3.0,2.75,3.0,2.95,2.97,"5,084","15,099.40",18,"5,051",99.35
GFSTEELS,EQ,09-10-2020,2.95,2.8,3.1,2.8,3.1,3.1,2.97,"7,689","22,807.25",19,"7,414",96.42
GFSTEELS,EQ,12-10-2020,3.1,3.3,3.3,3.3,3.3,3.3,3.3,138,455.40,4,138,100.00
GFSTEELS,EQ,13-10-2020,3.3,3.0,3.0,3.0,3.0,3.0,3.0,140,420.00,2,140,100.00
GFSTEELS,EQ,15-10-2020,3.0,2.9,2.9,2.9,2.9,2.9,2.9,100,290.00,1,100,100.00
GFSTEELS,EQ,16-10-2020,2.9,2.9,2.9,2.9,2.9,2.9,2.9,"2,040","5,916.00",4,"2,040",100.00
GFSTEELS,EQ,20-10-2020,2.9,2.9,2.9,2.9,2.9,2.9,2.9,142,411.80,3,142,100.00
GFSTEELS,EQ,21-10-2020,2.9,2.9,2.9,2.9,2.9,2.9,2.9,40,116.00,1,40,100.00
GFSTEELS,EQ,22-10-2020,2.9,3.0,3.0,3.0,3.0,3.0,3.0,570,"1,710.00",3,570,100.00
GFSTEELS,EQ,26-10-2020,3.0,3.0,3.0,3.0,3.0,3.0,3.0,1,3.00,1,1,100.00
GFSTEELS,EQ,28-10-2020,3.0,3.0,3.0,3.0,3.0,3.0,3.0,"1,409","4,227.00",8,"1,409",100.00
GFSTEELS,EQ,29-10-2020,3.0,3.15,3.15,3.15,3.15,3.15,3.15,"1,732","5,455.80",8,"1,732",100.00
GFSTEELS,EQ,02-11-2020,3.15,3.0,3.0,3.0,3.0,3.0,3.0,"2,780","8,340.00",5,"2,780",100.00
GFSTEELS,EQ,03-11-2020,3.0,3.0,3.0,3.0,3.0,3.0,3.0,228,684.00,2,228,100.00
GFSTEELS,EQ,05-11-2020,3.0,3.0,3.0,2.95,2.95,2.95,2.97,271,804.45,3,271,100.00
GFSTEELS,EQ,06-11-2020,2.95,3.0,3.0,2.95,2.95,2.95,2.98,311,927.80,4,311,100.00
GFSTEELS,EQ,11-11-2020,2.95,2.85,2.85,2.85,2.85,2.85,2.85,100,285.00,1,100,100.00
GFSTEELS,EQ,12-11-2020,2.85,2.85,2.85,2.85,2.85,2.85,2.85,70,199.50,1,70,100.00
GFSTEELS,EQ,13-11-2020,2.85,2.85,2.95,2.75,2.75,2.75,2.79,"1,257","3,508.05",3,"1,257",100.00
GFSTEELS,EQ,17-11-2020,2.75,2.85,2.85,2.65,2.65,2.65,2.78,300,835.00,2,300,100.00
GFSTEELS,EQ,18-11-2020,2.65,2.65,2.65,2.55,2.55,2.55,2.55,101,257.65,2,101,100.00
GFSTEELS,EQ,23-11-2020,2.55,2.45,2.45,2.45,2.45,2.45,2.45,456,"1,117.20",4,456,100.00
GFSTEELS,EQ,24-11-2020,2.45,2.35,2.35,2.35,2.35,2.35,2.35,"32,600","76,610.00",9,"32,600",100.00
GFSTEELS,EQ,25-11-2020,2.35,2.35,2.35,2.35,2.35,2.35,2.35,1,2.35,1,1,100.00
GFSTEELS,EQ,27-11-2020,2.35,2.25,2.25,2.25,2.25,2.25,2.25,"2,500","5,625.00",1,"2,500",100.00
GFSTEELS,EQ,01-12-2020,2.25,2.2,2.25,2.2,2.25,2.25,2.23,"1,960","4,367.00",6,"1,960",100.00
GFSTEELS,EQ,02-12-2020,2.25,2.2,2.2,2.2,2.2,2.2,2.2,280,616.00,4,280,100.00
GFSTEELS,EQ,04-12-2020,2.2,2.2,2.2,2.2,2.2,2.2,2.2,1,2.20,1,1,100.00
GFSTEELS,EQ,07-12-2020,2.2,2.2,2.2,2.2,2.2,2.2,2.2,"1,105","2,431.00",5,"1,105",100.00
GFSTEELS,EQ,15-12-2020,2.2,2.2,2.2,2.2,2.2,2.2,2.2,140,308.00,1,140,100.00
GFSTEELS,EQ,16-12-2020,2.2,2.2,2.2,2.2,2.2,2.2,2.2,"2,401","5,282.20",9,"2,401",100.00
GFSTEELS,EQ,17-12-2020,2.2,2.2,2.2,2.2,2.2,2.2,2.2,"1,000","2,200.00",2,"1,000",100.00
GFSTEELS,EQ,21-12-2020,2.2,2.2,2.2,2.2,2.2,2.2,2.2,140,308.00,1,140,100.00
GFSTEELS,EQ,22-12-2020,2.2,2.2,2.2,2.2,2.2,2.2,2.2,7,15.40,2,7,100.00
GFSTEELS,EQ,23-12-2020,2.2,2.2,2.2,2.2,2.2,2.2,2.2,200,440.00,3,200,100.00
GFSTEELS,EQ,24-12-2020,2.2,2.2,2.2,2.1,2.1,2.1,2.2,"1,619","3,559.90",5,"1,619",100.00
GFSTEELS,EQ,28-12-2020,2.1,2.05,2.05,2.05,2.05,2.05,2.05,"1,000","2,050.00",2,"1,000",100.00
GFSTEELS,EQ,29-12-2020,2.05,2.05,2.05,2.05,2.05,2.05,2.05,26,53.30,4,26,100.00
GFSTEELS,EQ,30-12-2020,2.05,2.05,2.1,2.05,2.1,2.1,2.07,"1,478","3,053.25",7,"1,478",100.00
GFSTEELS,EQ,01-01-2021,2.1,2.15,2.15,2.15,2.15,2.15,2.15,200,430.00,1,200,100.00
GFSTEELS,EQ,04-01-2021,2.15,2.2,2.2,2.2,2.2,2.2,2.2,626,"1,377.20",4,626,100.00
GFSTEELS,EQ,05-01-2021,2.2,2.2,2.2,2.2,2.2,2.2,2.2,420,924.00,2,420,100.00
GFSTEELS,EQ,08-01-2021,2.2,2.2,2.2,2.2,2.2,2.2,2.2,280,616.00,3,280,100.00
GFSTEELS,EQ,11-01-2021,2.2,2.1,2.15,2.1,2.15,2.15,2.11,"2,566","5,418.85",10,"2,566",100.00
GFSTEELS,EQ,12-01-2021,2.15,2.15,2.15,2.15,2.15,2.15,2.15,740,"1,591.00",5,740,100.00
GFSTEELS,EQ,13-01-2021,2.15,2.15,2.15,2.15,2.15,2.15,2.15,350,752.50,2,350,100.00
GFSTEELS,EQ,14-01-2021,2.15,2.15,2.15,2.1,2.1,2.1,2.1,"3,113","6,539.80",7,"3,113",100.00
GFSTEELS,EQ,15-01-2021,2.1,2.1,2.1,2.1,2.1,2.1,2.1,"20,100","42,210.00",7,"20,100",100.00
GFSTEELS,EQ,18-01-2021,2.1,2.0,2.0,2.0,2.0,2.0,2.0,"1,000","2,000.00",2,"1,000",100.00
GFSTEELS,EQ,19-01-2021,2.0,2.0,2.0,2.0,2.0,2.0,2.0,90,180.00,7,90,100.00
GFSTEELS,EQ,20-01-2021,2.0,2.05,2.05,1.9,1.9,1.9,2.02,"1,898","3,829.35",12,"1,548",81.56
GFSTEELS,EQ,21-01-2021,1.9,1.95,1.95,1.95,1.95,1.95,1.95,"1,051","2,049.45",5,"1,051",100.00
GFSTEELS,EQ,22-01-2021,1.95,1.95,2.0,1.95,2.0,2.0,1.99,510,"1,013.00",4,510,100.00
GFSTEELS,EQ,25-01-2021,2.0,2.05,2.05,2.05,2.05,2.05,2.05,"2,627","5,385.35",3,"2,627",100.00
GFSTEELS,EQ,27-01-2021,2.05,2.05,2.05,2.05,2.05,2.05,2.05,177,362.85,2,177,100.00
GFSTEELS,EQ,01-02-2021,2.05,2.0,2.0,2.0,2.0,2.0,2.0,10,20.00,1,10,100.00
GFSTEELS,EQ,02-02-2021,2.0,1.9,2.1,1.9,2.1,2.1,1.98,240,476.00,3,240,100.00
GFSTEELS,EQ,03-02-2021,2.1,2.0,2.0,2.0,2.0,2.0,2.0,"2,500","5,000.00",8,"2,500",100.00
GFSTEELS,EQ,04-02-2021,2.0,2.1,2.1,2.1,2.1,2.1,2.1,508,"1,066.80",4,508,100.00
GFSTEELS,EQ,08-02-2021,2.1,2.1,2.1,2.1,2.1,2.1,2.1,950,"1,995.00",5,950,100.00
GFSTEELS,EQ,09-02-2021,2.1,2.1,2.1,2.1,2.1,2.1,2.1,439,921.90,2,439,100.00
GFSTEELS,EQ,10-02-2021,2.1,2.1,2.1,2.1,2.1,2.1,2.1,350,735.00,2,350,100.00
GFSTEELS,EQ,11-02-2021,2.1,2.2,2.2,2.2,2.2,2.2,2.2,"2,520","5,544.00",9,"2,520",100.00
GFSTEELS,EQ,12-02-2021,2.2,2.2,2.2,2.15,2.15,2.15,2.2,"1,061","2,333.70",4,"1,061",100.00
GFSTEELS,EQ,15-02-2021,2.15,2.05,2.05,2.05,2.05,2.05,2.05,780,"1,599.00",2,780,100.00
GFSTEELS,EQ,16-02-2021,2.05,2.15,2.15,2.05,2.05,2.05,2.07,"3,935","8,160.25",7,"3,935",100.00
GFSTEELS,EQ,17-02-2021,2.05,2.05,2.05,2.0,2.0,2.0,2.0,700,"1,400.50",3,700,100.00
GFSTEELS,EQ,18-02-2021,2.0,2.0,2.0,2.0,2.0,2.0,2.0,10,20.00,1,10,100.00
GFSTEELS,EQ,22-02-2021,2.0,2.1,2.1,2.1,2.1,2.1,2.1,140,294.00,1,140,100.00
GFSTEELS,EQ,26-02-2021,2.1,2.1,2.1,2.1,2.1,2.1,2.1,190,399.00,5,190,100.00
GFSTEELS,EQ,01-03-2021,2.1,2.1,2.1,2.1,2.1,2.1,2.1,14,29.40,1,14,100.00
GFSTEELS,EQ,02-03-2021,2.1,2.1,2.1,2.1,2.1,2.1,2.1,"1,435","3,013.50",3,"1,435",100.00
GFSTEELS,EQ,03-03-2021,2.1,2.0,2.0,2.0,2.0,2.0,2.0,140,280.00,2,140,100.00
GFSTEELS,EQ,04-03-2021,2.0,1.9,1.9,1.9,1.9,1.9,1.9,340,646.00,4,340,100.00
GFSTEELS,EQ,08-03-2021,1.9,1.9,1.9,1.9,1.9,1.9,1.9,204,387.60,2,204,100.00
GFSTEELS,EQ,09-03-2021,1.9,1.9,1.9,1.9,1.9,1.9,1.9,"1,040","1,976.00",3,"1,040",100.00
GFSTEELS,EQ,10-03-2021,1.9,1.9,1.9,1.9,1.9,1.9,1.9,30,57.00,2,30,100.00
GFSTEELS,EQ,12-03-2021,1.9,1.9,1.95,1.9,1.95,1.95,1.95,"3,870","7,543.00",5,"3,870",100.00
GFSTEELS,EQ,18-03-2021,1.95,1.95,1.95,1.95,1.95,1.95,1.95,"2,035","3,968.25",5,"2,035",100.00
GFSTEELS,EQ,19-03-2021,1.95,1.95,1.95,1.95,1.95,1.95,1.95,"2,800","5,460.00",3,"2,800",100.00
GFSTEELS,EQ,25-03-2021,1.95,1.95,1.95,1.95,1.95,1.95,1.95,352,686.40,4,352,100.00
GFSTEELS,EQ,26-03-2021,1.95,1.95,2.0,1.95,2.0,2.0,1.99,257,511.50,6,257,100.00
GFSTEELS,EQ,30-03-2021,2.0,2.0,2.0,2.0,2.0,2.0,2.0,20,40.00,1,20,100.00
GFSTEELS,EQ,31-03-2021,2.0,2.0,2.0,2.0,2.0,2.0,2.0,500,"1,000.00",1,500,100.00
GFSTEELS,EQ,01-04-2021,2.0,2.0,2.0,2.0,2.0,2.0,2.0,100,200.00,2,100,100.00
GFSTEELS,EQ,06-04-2021,2.0,2.0,2.0,2.0,2.0,2.0,2.0,4,8.00,1,4,100.00
GFSTEELS,EQ,07-04-2021,2.0,1.9,1.9,1.9,1.9,1.9,1.9,470,893.00,3,470,100.00
GFSTEELS,EQ,08-04-2021,1.9,1.9,1.9,1.9,1.9,1.9,1.9,76,144.40,1,76,100.00
GFSTEELS,EQ,09-04-2021,1.9,1.9,1.9,1.9,1.9,1.9,1.9,"2,704","5,137.60",5,"2,704",100.00
GFSTEELS,EQ,12-04-2021,1.9,1.85,1.85,1.85,1.85,1.85,1.85,"1,210","2,238.50",4,"1,210",100.00
GFSTEELS,EQ,13-04-2021,1.85,1.8,1.8,1.8,1.8,1.8,1.8,"1,000","1,800.00",3,"1,000",100.00
GFSTEELS,EQ,15-04-2021,1.8,1.8,1.8,1.8,1.8,1.8,1.8,135,243.00,2,135,100.00
GFSTEELS,EQ,19-04-2021,1.8,1.85,1.85,1.85,1.85,1.85,1.85,280,518.00,2,280,100.00
GFSTEELS,EQ,22-04-2021,1.85,1.85,1.9,1.85,1.9,1.9,1.89,745,"1,405.25",2,745,100.00
GFSTEELS,EQ,26-04-2021,1.9,1.95,1.95,1.95,1.95,1.95,1.95,40,78.00,1,40,100.00
GFSTEELS,EQ,28-04-2021,1.95,1.95,1.95,1.95,1.95,1.95,1.95,140,273.00,1,140,100.00
GFSTEELS,EQ,03-05-2021,1.95,1.9,1.9,1.9,1.9,1.9,1.9,"1,680","3,192.00",4,"1,680",100.00
GFSTEELS,EQ,04-05-2021,1.9,1.9,1.9,1.9,1.9,1.9,1.9,"1,000","1,900.00",4,"1,000",100.00
GFSTEELS,EQ,07-05-2021,1.9,1.9,1.9,1.9,1.9,1.9,1.9,"1,140","2,166.00",3,"1,140",100.00
GFSTEELS,EQ,10-05-2021,1.9,1.9,1.9,1.9,1.9,1.9,1.9,"2,555","4,854.50",7,"2,555",100.00
GFSTEELS,EQ,11-05-2021,1.9,1.9,1.9,1.9,1.9,1.9,1.9,31,58.90,3,31,100.00
GFSTEELS,EQ,12-05-2021,1.9,1.9,1.9,1.9,1.9,1.9,1.9,100,190.00,3,100,100.00
GFSTEELS,EQ,17-05-2021,1.9,1.9,1.9,1.9,1.9,1.9,1.9,28,53.20,1,28,100.00
GFSTEELS,EQ,21-05-2021,1.9,1.95,1.95,1.95,1.95,1.95,1.95,900,"1,755.00",2,900,100.00
GFSTEELS,EQ,24-05-2021,1.95,2.0,2.0,2.0,2.0,2.0,2.0,"1,040","2,080.00",1,"1,040",100.00
GFSTEELS,EQ,26-05-2021,2.0,2.1,2.1,2.1,2.1,2.1,2.1,"5,042","10,588.20",2,"5,042",100.00
GFSTEELS,EQ,27-05-2021,2.1,2.2,2.2,2.2,2.2,2.2,2.2,634,"1,394.80",6,634,100.00
GFSTEELS,EQ,28-05-2021,2.2,2.3,2.3,2.3,2.3,2.3,2.3,165,379.50,1,165,100.00
GFSTEELS,EQ,31-05-2021,2.3,2.4,2.4,2.4,2.4,2.4,2.4,200,480.00,2,200,100.00
GFSTEELS,EQ,01-06-2021,2.4,2.5,2.5,2.5,2.5,2.5,2.5,1,2.50,1,1,100.00
GFSTEELS,EQ,02-06-2021,2.5,2.6,2.6,2.6,2.6,2.6,2.6,185,481.00,3,185,100.00
GFSTEELS,BE,03-06-2021,2.6,2.7,2.7,2.7,2.7,2.7,2.7,"6,500","17,550.00",4,-,-
GFSTEELS,BE,04-06-2021,2.7,2.8,2.8,2.8,2.8,2.8,2.8,"1,797","5,031.60",2,-,-
GFSTEELS,BE,07-06-2021,2.8,2.8,2.8,2.8,2.8,2.8,2.8,259,725.20,6,-,-
GFSTEELS,BE,08-06-2021,2.8,2.85,2.9,2.85,2.9,2.9,2.85,650,"1,854.00",5,-,-
GFSTEELS,BE,10-06-2021,2.9,3.0,3.0,3.0,3.0,3.0,3.0,680,"2,040.00",4,-,-
GFSTEELS,BE,11-06-2021,3.0,3.15,3.15,3.15,3.15,3.15,3.15,41,129.15,2,-,-
GFSTEELS,BE,15-06-2021,3.15,3.15,3.15,3.0,3.0,3.0,3.14,"5,981","18,810.15",14,-,-
GFSTEELS,BE,16-06-2021,3.0,3.0,3.0,2.9,2.9,2.9,2.96,"9,904","29,267.70",12,-,-
GFSTEELS,BE,17-06-2021,2.9,2.9,2.95,2.9,2.95,2.95,2.93,"12,283","36,045.85",18,-,-
GFSTEELS,BE,18-06-2021,2.95,3.05,3.05,2.9,2.95,2.95,2.95,"8,873","26,146.05",16,-,-
GFSTEELS,BE,21-06-2021,2.95,3.0,3.0,2.95,2.95,2.95,2.99,"3,552","10,636.00",11,-,-
GFSTEELS,BE,22-06-2021,2.95,2.95,3.05,2.95,3.05,3.05,3.03,"6,370","19,291.50",11,-,-
GFSTEELS,BE,23-06-2021,3.05,3.1,3.1,2.9,2.9,2.9,2.99,"14,484","43,272.40",14,-,-
GFSTEELS,BE,24-06-2021,2.9,2.9,2.9,2.8,2.8,2.8,2.8,"7,542","21,119.60",18,-,-
GFSTEELS,BE,25-06-2021,2.8,2.8,2.8,2.8,2.8,2.8,2.8,220,616.00,6,-,-
GFSTEELS,BE,28-06-2021,2.8,2.8,2.8,2.75,2.75,2.75,2.77,"2,690","7,449.95",10,-,-
GFSTEELS,BE,29-06-2021,2.75,2.75,2.75,2.65,2.75,2.75,2.67,"5,546","14,797.30",11,-,-
GFSTEELS,BE,01-07-2021,2.75,2.7,2.7,2.7,2.7,2.7,2.7,101,272.70,4,-,-
GFSTEELS,BE,02-07-2021,2.7,2.7,2.7,2.6,2.6,2.6,2.65,403,"1,068.10",5,-,-
GFSTEELS,BE,05-07-2021,2.6,2.6,2.6,2.5,2.5,2.5,2.5,"5,474","13,695.00",7,-,-
GFSTEELS,BE,06-07-2021,2.5,2.4,2.45,2.4,2.45,2.45,2.4,"1,351","3,242.45",7,-,-
GFSTEELS,BE,07-07-2021,2.45,2.4,2.4,2.4,2.4,2.4,2.4,250,600.00,3,-,-
GFSTEELS,BE,08-07-2021,2.4,2.4,2.5,2.4,2.5,2.5,2.4,651,"1,563.40",5,-,-
GFSTEELS,BE,12-07-2021,2.5,2.5,2.6,2.5,2.6,2.6,2.6,"12,872","33,457.20",9,-,-
GFSTEELS,BE,13-07-2021,2.6,2.7,2.7,2.7,2.7,2.7,2.7,"1,720","4,644.00",5,-,-
GFSTEELS,BE,14-07-2021,2.7,2.8,2.8,2.8,2.8,2.8,2.8,"3,072","8,601.60",8,-,-
GFSTEELS,BE,15-07-2021,2.8,2.9,2.9,2.9,2.9,2.9,2.9,"1,569","4,550.10",4,-,-
GFSTEELS,BE,16-07-2021,2.9,3.0,3.0,3.0,3.0,3.0,3.0,"2,499","7,497.00",6,-,-
GFSTEELS,BE,19-07-2021,3.0,3.15,3.15,3.15,3.15,3.15,3.15,99,311.85,1,-,-
GFSTEELS,EQ,20-07-2021,3.15,3.3,3.3,3.3,3.3,3.3,3.3,"3,769","12,437.70",9,"3,769",100.00
GFSTEELS,EQ,22-07-2021,3.3,3.45,3.45,3.45,3.45,3.45,3.45,211,727.95,2,211,100.00
GFSTEELS,EQ,23-07-2021,3.45,3.6,3.6,3.6,3.6,3.6,3.6,244,878.40,3,244,100.00
GFSTEELS,EQ,26-07-2021,3.6,3.75,3.75,3.75,3.75,3.75,3.75,231,866.25,4,231,100.00
GFSTEELS,EQ,27-07-2021,3.75,3.9,3.9,3.9,3.9,3.9,3.9,870,"3,393.00",5,870,100.00
GFSTEELS,BE,28-07-2021,3.9,4.05,4.05,4.05,4.05,4.05,4.05,"8,389","33,975.45",14,-,-
GFSTEELS,BE,29-07-2021,4.05,4.05,4.25,4.05,4.25,4.25,4.14,"1,817","7,522.25",6,-,-
GFSTEELS,BE,30-07-2021,4.25,4.1,4.1,4.05,4.05,4.05,4.06,"5,000","20,300.00",13,-,-
GFSTEELS,BE,02-08-2021,4.05,3.85,4.05,3.85,3.85,3.85,3.92,"2,500","9,800.00",9,-,-
GFSTEELS,BE,03-08-2021,3.85,3.7,3.85,3.7,3.7,3.7,3.8,"3,003","11,396.75",9,-,-
GFSTEELS,BE,04-08-2021,3.7,3.55,3.7,3.55,3.55,3.55,3.56,"1,114","3,970.90",9,-,-
GFSTEELS,BE,05-08-2021,3.55,3.4,3.4,3.4,3.4,3.4,3.4,"3,527","11,991.80",3,-,-
GFSTEELS,BE,06-08-2021,3.4,3.25,3.25,3.25,3.25,3.25,3.25,"1,519","4,936.75",8,-,-
GFSTEELS,BE,09-08-2021,3.25,3.1,3.1,3.1,3.1,3.1,3.1,"1,000","3,100.00",4,-,-
GFSTEELS,BE,10-08-2021,3.1,2.95,2.95,2.95,2.95,2.95,2.95,"1,993","5,879.35",7,-,-
GFSTEELS,BE,12-08-2021,2.95,2.95,2.95,2.85,2.85,2.85,2.86,45,128.75,2,-,-
GFSTEELS,BE,13-08-2021,2.85,2.75,2.75,2.75,2.75,2.75,2.75,411,"1,130.25",5,-,-
GFSTEELS,BE,16-08-2021,2.75,2.65,2.65,2.65,2.65,2.65,2.65,"1,041","2,758.65",3,-,-
GFSTEELS,BE,17-08-2021,2.65,2.55,2.65,2.55,2.65,2.65,2.56,534,"1,367.60",2,-,-
GFSTEELS,BE,18-08-2021,2.65,2.55,2.6,2.55,2.55,2.6,2.56,"3,400","8,695.00",7,-,-
GFSTEELS,BE,20-08-2021,2.6,2.5,2.5,2.5,2.5,2.5,2.5,504,"1,260.00",2,-,-
GFSTEELS,BE,24-08-2021,2.5,2.4,2.4,2.4,2.4,2.4,2.4,500,"1,200.00",2,-,-
GFSTEELS,BE,25-08-2021,2.4,2.3,2.3,2.3,2.3,2.3,2.3,780,"1,794.00",3,-,-
GFSTEELS,BE,26-08-2021,2.3,2.2,2.2,2.2,2.2,2.2,2.2,"1,051","2,312.20",2,-,-
GFSTEELS,BE,27-08-2021,2.2,2.1,2.2,2.1,2.2,2.2,2.1,"1,313","2,762.30",4,-,-
GFSTEELS,BE,30-08-2021,2.2,2.1,2.1,2.1,2.1,2.1,2.1,640,"1,344.00",4,-,-
GFSTEELS,BE,31-08-2021,2.1,2.0,2.1,2.0,2.1,2.1,2.02,"2,470","4,987.00",6,-,-
GFSTEELS,BE,01-09-2021,2.1,2.0,2.0,2.0,2.0,2.0,2.0,100,200.00,1,-,-
GFSTEELS,BE,03-09-2021,2.0,1.9,1.95,1.9,1.95,1.95,1.9,"3,003","5,705.85",4,-,-
GFSTEELS,BE,06-09-2021,1.95,2.0,2.0,2.0,2.0,2.0,2.0,181,362.00,3,-,-
GFSTEELS,BE,07-09-2021,2.0,2.0,2.05,2.0,2.05,2.05,2.05,141,289.00,3,-,-
GFSTEELS,BE,08-09-2021,2.05,2.05,2.05,1.95,1.95,1.95,2.02,300,605.00,2,-,-
GFSTEELS,BE,09-09-2021,1.95,1.9,1.9,1.9,1.9,1.9,1.9,3,5.70,1,-,-
GFSTEELS,BE,13-09-2021,1.9,1.9,1.9,1.85,1.85,1.85,1.86,400,745.00,4,-,-
GFSTEELS,BE,14-09-2021,1.85,1.8,1.8,1.8,1.8,1.8,1.8,40,72.00,1,-,-
GFSTEELS,EQ,15-09-2021,1.8,1.85,1.85,1.85,1.85,1.85,1.85,443,819.55,8,443,100.00
GFSTEELS,EQ,17-09-2021,1.85,1.9,1.9,1.9,1.9,1.9,1.9,568,"1,079.20",5,568,100.00
GFSTEELS,EQ,20-09-2021,1.9,1.95,1.95,1.95,1.95,1.95,1.95,"6,200","12,090.00",4,"6,200",100.00
GFSTEELS,EQ,21-09-2021,1.95,2.0,2.0,2.0,2.0,2.0,2.0,"2,494","4,988.00",7,"2,494",100.00
GFSTEELS,EQ,23-09-2021,2.0,2.1,2.1,2.1,2.1,2.1,2.1,155,325.50,2,155,100.00
GFSTEELS,EQ,24-09-2021,2.1,2.2,2.2,2.2,2.2,2.2,2.2,"2,784","6,124.80",3,"2,784",100.00
GFSTEELS,EQ,27-09-2021,2.2,2.3,2.3,2.3,2.3,2.3,2.3,100,230.00,1,100,100.00
GFSTEELS,EQ,28-09-2021,2.3,2.4,2.4,2.4,2.4,2.4,2.4,280,672.00,2,280,100.00
GFSTEELS,EQ,29-09-2021,2.4,2.5,2.5,2.5,2.5,2.5,2.5,"4,900","12,250.00",1,"4,900",100.00
GFSTEELS,EQ,30-09-2021,2.5,2.6,2.6,2.6,2.6,2.6,2.6,"2,200","5,720.00",3,"2,200",100.00
GFSTEELS,EQ,01-10-2021,2.6,2.7,2.7,2.7,2.7,2.7,2.7,273,737.10,3,273,100.00
GFSTEELS,EQ,04-10-2021,2.7,2.8,2.8,2.8,2.8,2.8,2.8,"3,447","9,651.60",2,"3,447",100.00
GFSTEELS,EQ,05-10-2021,2.8,2.9,2.9,2.9,2.9,2.9,2.9,"3,201","9,282.90",5,"3,201",100.00
GFSTEELS,EQ,06-10-2021,2.9,3.0,3.0,3.0,3.0,3.0,3.0,"1,331","3,993.00",5,"1,331",100.00
GFSTEELS,EQ,07-10-2021,3.0,3.15,3.15,3.15,3.15,3.15,3.15,302,951.30,4,302,100.00
GFSTEELS,EQ,08-10-2021,3.15,3.3,3.3,3.3,3.3,3.3,3.3,153,504.90,3,153,100.00
GFSTEELS,EQ,11-10-2021,3.3,3.45,3.45,3.45,3.45,3.45,3.45,534,"1,842.30",3,534,100.00
GFSTEELS,BE,12-10-2021,3.45,3.6,3.6,3.6,3.6,3.6,3.6,117,421.20,5,-,-
GFSTEELS,BE,13-10-2021,3.6,3.75,3.75,3.75,3.75,3.75,3.75,11,41.25,2,-,-
GFSTEELS,BE,14-10-2021,3.75,3.9,3.9,3.9,3.9,3.9,3.9,"1,055","4,114.50",7,-,-
GFSTEELS,BE,18-10-2021,3.9,4.05,4.05,4.05,4.05,4.05,4.05,"7,951","32,201.55",13,-,-
GFSTEELS,BE,19-10-2021,4.05,4.25,4.25,4.25,4.25,4.25,4.25,"1,227","5,214.75",6,-,-
GFSTEELS,BE,20-10-2021,4.25,4.45,4.45,4.05,4.05,4.45,4.42,"30,637","1,35,274.15",73,-,-
GFSTEELS,BE,21-10-2021,4.45,4.25,4.25,4.25,4.25,4.25,4.25,"1,102","4,683.50",9,-,-
GFSTEELS,BE,22-10-2021,4.25,4.25,4.25,4.25,4.25,4.25,4.25,50,212.50,1,-,-
GFSTEELS,BE,25-10-2021,4.25,4.05,4.05,4.05,4.05,4.05,4.05,501,"2,029.05",2,-,-
GFSTEELS,BE,26-10-2021,4.05,3.85,3.85,3.85,3.85,3.85,3.85,201,773.85,2,-,-
GFSTEELS,BE,28-10-2021,3.85,3.7,3.7,3.7,3.7,3.7,3.7,100,370.00,1,-,-
GFSTEELS,BE,29-10-2021,3.7,3.55,3.55,3.55,3.55,3.55,3.55,100,355.00,1,-,-
GFSTEELS,BE,01-11-2021,3.55,3.4,3.4,3.4,3.4,3.4,3.4,585,"1,989.00",4,-,-
GFSTEELS,BE,02-11-2021,3.4,3.25,3.25,3.25,3.25,3.25,3.25,"2,022","6,571.50",3,-,-
GFSTEELS,BE,03-11-2021,3.25,3.1,3.1,3.1,3.1,3.1,3.1,225,697.50,3,-,-
GFSTEELS,BE,04-11-2021,3.1,2.95,2.95,2.95,2.95,2.95,2.95,700,"2,065.00",2,-,-
GFSTEELS,BE,08-11-2021,2.95,2.85,2.95,2.85,2.85,2.85,2.88,"1,700","4,895.00",9,-,-
GFSTEELS,BE,09-11-2021,2.85,2.85,2.85,2.75,2.75,2.75,2.75,136,374.20,4,-,-
GFSTEELS,BE,10-11-2021,2.75,2.75,2.8,2.65,2.8,2.8,2.77,"1,281","3,549.85",6,-,-
GFSTEELS,BE,11-11-2021,2.8,2.9,2.9,2.9,2.9,2.9,2.9,330,957.00,2,-,-
GFSTEELS,BE,12-11-2021,2.9,3.0,3.0,3.0,3.0,3.0,3.0,744,"2,232.00",4,-,-
GFSTEELS,BE,15-11-2021,3.0,3.15,3.15,3.15,3.15,3.15,3.15,440,"1,386.00",4,-,-
GFSTEELS,BE,16-11-2021,3.15,3.3,3.3,3.3,3.3,3.3,3.3,"1,780","5,874.00",6,-,-
GFSTEELS,BE,17-11-2021,3.3,3.45,3.45,3.15,3.45,3.45,3.31,"21,553","71,373.95",21,-,-
GFSTEELS,BE,18-11-2021,3.45,3.6,3.6,3.6,3.6,3.6,3.6,204,734.40,3,-,-
GFSTEELS,BE,22-11-2021,3.6,3.6,3.75,3.6,3.75,3.75,3.7,"1,240","4,582.50",6,-,-
GFSTEELS,BE,23-11-2021,3.75,3.9,3.9,3.9,3.9,3.9,3.9,100,390.00,1,-,-
GFSTEELS,BE,24-11-2021,3.9,4.05,4.05,4.05,4.05,4.05,4.05,"1,555","6,297.75",3,-,-
GFSTEELS,BE,25-11-2021,4.05,4.25,4.25,4.25,4.25,4.25,4.25,"2,676","11,373.00",4,-,-
GFSTEELS,BE,26-11-2021,4.25,4.45,4.45,4.05,4.45,4.25,4.38,"11,497","50,360.25",19,-,-
GFSTEELS,BE,29-11-2021,4.25,4.45,4.45,4.4,4.45,4.45,4.42,583,"2,574.35",7,-,-
GFSTEELS,BE,30-11-2021,4.45,4.45,4.45,4.25,4.35,4.35,4.33,"1,620","7,015.50",10,-,-
GFSTEELS,BE,01-12-2021,4.35,4.5,4.5,4.15,4.15,4.15,4.21,"1,858","7,814.70",9,-,-
GFSTEELS,BE,02-12-2021,4.15,3.95,4.25,3.95,4.0,4.15,4.05,"3,794","15,353.65",23,-,-
GFSTEELS,BE,03-12-2021,4.15,3.95,4.15,3.95,3.95,3.95,3.95,"4,622","18,257.10",18,-,-
GFSTEELS,BE,06-12-2021,3.95,3.85,3.85,3.85,3.85,3.85,3.85,1,3.85,1,-,-
GFSTEELS,BE,07-12-2021,3.85,3.7,3.9,3.7,3.75,3.75,3.84,"1,491","5,732.15",9,-,-
GFSTEELS,BE,08-12-2021,3.75,3.9,3.9,3.6,3.9,3.9,3.69,490,"1,809.25",10,-,-
GFSTEELS,BE,09-12-2021,3.9,3.75,3.9,3.75,3.9,3.9,3.87,700,"2,709.00",3,-,-
GFSTEELS,BE,10-12-2021,3.9,3.75,3.9,3.75,3.9,3.8,3.77,"4,870","18,347.75",9,-,-
GFSTEELS,BE,13-12-2021,3.8,3.8,3.95,3.8,3.95,3.95,3.82,775,"2,960.00",4,-,-
GFSTEELS,BE,14-12-2021,3.95,4.1,4.1,4.0,4.1,4.1,4.07,380,"1,548.10",5,-,-
GFSTEELS,BE,15-12-2021,4.1,4.25,4.3,4.0,4.3,4.3,4.24,"1,920","8,146.00",7,-,-
GFSTEELS,BE,16-12-2021,4.3,4.5,4.5,4.1,4.5,4.5,4.5,402,"1,808.60",10,-,-
GFSTEELS,BE,17-12-2021,4.5,4.4,4.7,4.4,4.7,4.65,4.57,381,"1,740.40",6,-,-
GFSTEELS,BE,20-12-2021,4.65,4.8,4.85,4.45,4.7,4.7,4.45,"9,011","40,135.35",14,-,-
GFSTEELS,BE,21-12-2021,4.7,4.9,4.9,4.5,4.8,4.75,4.72,"9,709","45,824.80",31,-,-
GFSTEELS,BE,22-12-2021,4.75,4.85,4.9,4.8,4.8,4.8,4.81,875,"4,208.00",7,-,-
GFSTEELS,BE,23-12-2021,4.8,5.0,5.0,4.6,5.0,5.0,4.95,"9,287","45,939.55",23,-,-
GFSTEELS,BE,24-12-2021,5.0,5.2,5.2,4.75,5.2,5.2,5.08,"8,458","42,990.55",41,-,-
GFSTEELS,BE,27-12-2021,5.2,5.45,5.45,4.95,4.95,4.95,5.13,"6,620","33,991.00",41,-,-
GFSTEELS,BE,28-12-2021,4.95,5.1,5.15,4.8,5.15,5.15,5.1,"5,373","27,378.65",20,-,-
GFSTEELS,BE,29-12-2021,5.15,5.35,5.35,4.9,4.9,4.95,4.96,"8,121","40,276.40",16,-,-
GFSTEELS,BE,30-12-2021,4.95,5.15,5.15,4.75,4.75,4.75,4.93,"7,964","39,269.30",25,-,-
GFSTEELS,BE,31-12-2021,4.75,4.55,4.8,4.55,4.8,4.8,4.73,"1,567","7,419.25",9,-,-
GFSTEELS,BE,03-01-2022,4.8,4.75,5.0,4.6,5.0,5.0,4.75,"18,599","88,289.30",30,-,-
GFSTEELS,BE,04-01-2022,5.0,5.0,5.25,4.75,5.0,5.0,5.07,"13,737","69,687.95",36,-,-
GFSTEELS,BE,05-01-2022,5.0,5.25,5.25,4.75,5.25,5.25,5.1,"10,625","54,231.25",27,-,-
GFSTEELS,BE,06-01-2022,5.25,5.0,5.5,5.0,5.0,5.0,5.11,"27,854","1,42,338.55",60,-,-
GFSTEELS,BE,07-01-2022,5.0,4.75,5.25,4.75,5.25,5.25,4.98,"8,985","44,702.00",37,-,-
GFSTEELS,EQ,10-01-2022,5.25,5.5,5.5,5.0,5.5,5.4,5.35,"1,54,378","8,25,702.65",314,"1,20,577",78.11
GFSTEELS,BE,11-01-2022,5.4,5.65,5.65,5.15,5.4,5.4,5.43,"33,582","1,82,210.10",35,-,-
GFSTEELS,BE,12-01-2022,5.4,5.4,5.6,5.15,5.15,5.15,5.45,"9,937","54,166.30",27,-,-
GFSTEELS,BE,13-01-2022,5.15,5.1,5.1,4.9,4.9,4.9,4.91,513,"2,516.30",4,-,-
GFSTEELS,BE,14-01-2022,4.9,4.7,4.7,4.7,4.7,4.7,4.7,"1,455","6,838.50",7,-,-
GFSTEELS,BE,17-01-2022,4.7,4.5,4.65,4.5,4.5,4.5,4.52,"11,823","53,412.90",34,-,-
GFSTEELS,BE,18-01-2022,4.5,4.5,4.7,4.5,4.5,4.5,4.52,"7,328","33,098.00",17,-,-
GFSTEELS,BE,19-01-2022,4.5,4.3,4.7,4.3,4.3,4.55,4.36,"6,801","29,663.55",26,-,-
GFSTEELS,BE,20-01-2022,4.55,4.35,4.35,4.35,4.35,4.35,4.35,215,935.25,3,-,-
GFSTEELS,BE,24-01-2022,4.35,4.15,4.15,4.15,4.15,4.15,4.15,"4,211","17,475.65",5,-,-
GFSTEELS,BE,25-01-2022,4.15,3.95,4.0,3.95,3.95,3.95,3.95,"1,470","5,809.00",16,-,-
GFSTEELS,BE,27-01-2022,3.95,3.8,4.1,3.8,4.0,4.0,3.95,"4,605","18,180.50",12,-,-
GFSTEELS,BE,28-01-2022,4.0,4.0,4.0,4.0,4.0,4.0,4.0,53,212.00,3,-,-
GFSTEELS,BE,31-01-2022,4.0,3.8,4.2,3.8,3.8,3.8,3.93,"2,840","11,166.30",8,-,-
GFSTEELS,BE,01-02-2022,3.8,3.65,3.65,3.65,3.65,3.65,3.65,"2,110","7,701.50",11,-,-
GFSTEELS,BE,02-02-2022,3.65,3.5,3.8,3.5,3.8,3.8,3.51,"1,669","5,861.70",6,-,-
GFSTEELS,BE,03-02-2022,3.8,3.95,3.95,3.7,3.7,3.7,3.89,"2,186","8,500.70",11,-,-
GFSTEELS,BE,04-02-2022,3.7,3.85,3.85,3.85,3.85,3.85,3.85,420,"1,617.00",2,-,-
GFSTEELS,BE,07-02-2022,3.85,4.0,4.0,4.0,4.0,4.0,4.0,901,"3,604.00",3,-,-
GFSTEELS,BE,08-02-2022,4.0,4.2,4.2,4.2,4.2,4.2,4.2,"1,719","7,219.80",2,-,-
GFSTEELS,BE,09-02-2022,4.2,4.4,4.4,4.2,4.2,4.2,4.38,"8,816","38,632.40",13,-,-
GFSTEELS,BE,10-02-2022,4.2,4.4,4.4,4.4,4.4,4.4,4.4,"2,520","11,088.00",6,-,-
GFSTEELS,BE,11-02-2022,4.4,4.45,4.6,4.25,4.6,4.6,4.37,"2,700","11,809.30",8,-,-
GFSTEELS,EQ,14-02-2022,4.6,4.6,4.8,4.4,4.8,4.8,4.71,"19,433","91,570.10",86,"19,412",99.89
GFSTEELS,BE,15-02-2022,4.8,4.6,4.8,4.6,4.8,4.8,4.8,"1,198","5,749.60",6,-,-
GFSTEELS,BE,14-03-2022,4.8,4.6,4.6,4.6,4.6,4.6,4.6,1,4.60,1,-,-
GFSTEELS,BE,21-03-2022,4.6,4.6,4.6,4.4,4.4,4.4,4.4,"1,101","4,844.60",6,-,-
GFSTEELS,BE,28-03-2022,4.4,4.2,4.2,4.2,4.2,4.2,4.2,"1,550","6,510.00",4,-,-
GFSTEELS,BE,11-04-2022,4.2,4.0,4.0,4.0,4.0,4.0,4.0,100,400.00,1,-,-
GFSTEELS,BE,13-04-2022,4.0,3.8,3.8,3.8,3.8,3.8,3.8,"2,929","11,130.20",10,-,-
GFSTEELS,BE,20-04-2022,3.8,3.8,3.8,3.8,3.8,3.8,3.8,50,190.00,1,-,-
GFSTEELS,BE,21-04-2022,3.8,3.7,3.7,3.7,3.7,3.7,3.7,600,"2,220.00",3,-,-
GFSTEELS,BE,25-04-2022,3.7,3.7,3.7,3.7,3.7,3.7,3.7,525,"1,942.50",2,-,-
GFSTEELS,BE,26-04-2022,3.7,3.55,3.55,3.55,3.55,3.55,3.55,"4,650","16,507.50",10,-,-
GFSTEELS,BE,28-04-2022,3.55,3.55,3.55,3.55,3.55,3.55,3.55,400,"1,420.00",1,-,-
GFSTEELS,BE,02-05-2022,3.55,3.4,3.4,3.4,3.4,3.4,3.4,50,170.00,1,-,-
GFSTEELS,BE,04-05-2022,3.4,3.25,3.25,3.25,3.25,3.25,3.25,50,162.50,2,-,-
GFSTEELS,BE,05-05-2022,3.25,3.1,3.1,3.1,3.1,3.1,3.1,50,155.00,1,-,-
GFSTEELS,BE,06-05-2022,3.1,2.95,2.95,2.95,2.95,2.95,2.95,50,147.50,1,-,-
GFSTEELS,EQ,09-05-2022,2.95,2.85,3.05,2.85,3.05,3.05,2.9,"16,189","47,018.05",30,"15,875",98.06
GFSTEELS,EQ,10-05-2022,3.05,3.2,3.2,3.2,3.2,3.2,3.2,"9,594","30,700.80",12,"9,592",99.98
GFSTEELS,EQ,11-05-2022,3.2,3.35,3.35,3.35,3.35,3.35,3.35,"3,150","10,552.50",9,"3,150",100.00
GFSTEELS,EQ,12-05-2022,3.35,3.5,3.5,3.5,3.5,3.5,3.5,"2,660","9,310.00",11,"2,660",100.00
GFSTEELS,EQ,13-05-2022,3.5,3.65,3.65,3.65,3.65,3.65,3.65,"11,692","42,675.80",5,"11,692",100.00
GFSTEELS,EQ,16-05-2022,3.65,3.8,3.8,3.8,3.8,3.8,3.8,"4,117","15,644.60",5,"4,117",100.00
GFSTEELS,EQ,17-05-2022,3.8,3.95,3.95,3.95,3.95,3.95,3.95,390,"1,540.50",2,390,100.00
GFSTEELS,EQ,18-05-2022,3.95,4.1,4.1,4.1,4.1,4.1,4.1,"10,928","44,804.80",26,"10,924",99.96
GFSTEELS,EQ,19-05-2022,4.1,4.3,4.3,4.3,4.3,4.3,4.3,"5,161","22,192.30",13,"5,161",100.00
GFSTEELS,EQ,20-05-2022,4.3,4.5,4.5,4.5,4.5,4.5,4.5,"3,006","13,527.00",9,"3,006",100.00
GFSTEELS,EQ,23-05-2022,4.5,4.7,4.7,4.7,4.7,4.7,4.7,"17,339","81,493.30",31,"17,339",100.00
GFSTEELS,EQ,24-05-2022,4.7,4.9,4.9,4.9,4.9,4.9,4.9,"4,082","20,001.80",12,"4,082",100.00
GFSTEELS,EQ,25-05-2022,4.9,5.1,5.1,5.1,5.1,5.1,5.1,"31,066","1,58,436.60",20,"31,066",100.00
GFSTEELS,BE,26-05-2022,5.1,4.85,4.85,4.85,4.85,4.85,4.85,"1,422","6,896.70",15,-,-
GFSTEELS,BE,27-05-2022,4.85,4.65,4.65,4.65,4.65,4.65,4.65,125,581.25,3,-,-
GFSTEELS,BE,01-06-2022,4.65,4.45,4.45,4.45,4.45,4.45,4.45,100,445.00,1,-,-
GFSTEELS,BE,02-06-2022,4.45,4.25,4.25,4.25,4.25,4.25,4.25,250,"1,062.50",1,-,-
GFSTEELS,BE,03-06-2022,4.25,4.05,4.05,4.05,4.05,4.05,4.05,"2,325","9,416.25",11,-,-
GFSTEELS,BE,06-06-2022,4.05,3.85,4.25,3.85,3.85,3.85,3.88,"9,684","37,584.20",53,-,-
GFSTEELS,BE,07-06-2022,3.85,3.7,4.0,3.7,4.0,4.0,3.88,"11,149","43,208.20",9,-,-
GFSTEELS,BE,08-06-2022,4.0,4.0,4.2,3.85,4.0,4.0,4.01,"4,370","17,530.00",8,-,-
GFSTEELS,BE,09-06-2022,4.0,3.8,4.2,3.8,3.8,3.85,3.87,"16,250","62,879.65",18,-,-
GFSTEELS,BE,10-06-2022,3.85,3.7,3.95,3.7,3.95,3.95,3.7,551,"2,038.95",3,-,-
GFSTEELS,BE,13-06-2022,3.95,3.8,3.8,3.8,3.8,3.8,3.8,600,"2,280.00",3,-,-
GFSTEELS,BE,14-06-2022,3.8,3.65,3.65,3.65,3.65,3.65,3.65,1,3.65,1,-,-
GFSTEELS,BE,15-06-2022,3.65,3.5,3.65,3.5,3.65,3.65,3.65,504,"1,839.00",4,-,-
GFSTEELS,BE,16-06-2022,3.65,3.5,3.5,3.5,3.5,3.5,3.5,732,"2,562.00",5,-,-
GFSTEELS,BE,21-06-2022,3.5,3.35,3.35,3.35,3.35,3.35,3.35,50,167.50,1,-,-
GFSTEELS,BE,23-06-2022,3.35,3.2,3.5,3.2,3.2,3.2,3.21,"1,650","5,295.00",10,-,-
GFSTEELS,BE,24-06-2022,3.2,3.05,3.35,3.05,3.05,3.05,3.17,"6,863","21,759.25",14,-,-
GFSTEELS,BE,27-06-2022,3.05,3.05,3.05,3.05,3.05,3.05,3.05,250,762.50,2,-,-
GFSTEELS,BE,28-06-2022,3.05,2.9,2.9,2.9,2.9,2.9,2.9,200,580.00,1,-,-
GFSTEELS,BE,29-06-2022,2.9,2.8,2.8,2.8,2.8,2.8,2.8,500,"1,400.00",1,-,-
GFSTEELS,BE,30-06-2022,2.8,2.7,2.9,2.7,2.9,2.9,2.72,550,"1,495.00",2,-,-
GFSTEELS,BE,01-07-2022,2.9,2.8,3.0,2.8,3.0,3.0,2.95,816,"2,408.00",6,-,-
GFSTEELS,BE,04-07-2022,3.0,2.85,3.15,2.85,2.85,2.85,2.97,956,"2,843.40",4,-,-
GFSTEELS,BE,05-07-2022,2.85,2.95,2.95,2.95,2.95,2.95,2.95,558,"1,646.10",2,-,-
GFSTEELS,BE,07-07-2022,2.95,3.05,3.05,3.05,3.05,3.05,3.05,50,152.50,1,-,-
GFSTEELS,BE,08-07-2022,3.05,2.9,3.2,2.9,2.9,2.95,2.95,"1,650","4,871.00",7,-,-
GFSTEELS,BE,11-07-2022,2.95,3.05,3.05,3.05,3.05,3.05,3.05,50,152.50,1,-,-
GFSTEELS,BE,12-07-2022,3.05,3.2,3.2,3.2,3.2,3.2,3.2,51,163.20,2,-,-
GFSTEELS,BE,13-07-2022,3.2,3.35,3.35,3.35,3.35,3.35,3.35,20,67.00,1,-,-
GFSTEELS,BE,14-07-2022,3.35,3.5,3.5,3.5,3.5,3.5,3.5,"2,100","7,350.00",3,-,-
GFSTEELS,BE,15-07-2022,3.5,3.65,3.65,3.65,3.65,3.65,3.65,50,182.50,1,-,-
GFSTEELS,BE,18-07-2022,3.65,3.65,3.8,3.65,3.8,3.8,3.72,11,40.90,2,-,-
GFSTEELS,BE,19-07-2022,3.8,3.95,3.95,3.95,3.95,3.95,3.95,50,197.50,1,-,-
GFSTEELS,BE,20-07-2022,3.95,4.1,4.1,4.1,4.1,4.1,4.1,"6,142","25,182.20",5,-,-
GFSTEELS,BE,21-07-2022,4.1,4.3,4.3,4.3,4.3,4.3,4.3,551,"2,369.30",4,-,-
GFSTEELS,BE,22-07-2022,4.3,4.5,4.5,4.1,4.5,4.5,4.44,"5,203","23,091.50",42,-,-
GFSTEELS,BE,25-07-2022,4.5,4.7,4.7,4.7,4.7,4.7,4.7,871,"4,093.70",15,-,-
GFSTEELS,BE,26-07-2022,4.7,4.9,4.9,4.5,4.55,4.6,4.67,"11,121","51,925.55",52,-,-
GFSTEELS,BE,27-07-2022,4.6,4.7,4.7,4.4,4.4,4.4,4.42,"4,556","20,135.80",8,-,-
GFSTEELS,BE,28-07-2022,4.4,4.2,4.2,4.2,4.2,4.2,4.2,731,"3,070.20",5,-,-
GFSTEELS,BE,29-07-2022,4.2,4.0,4.0,4.0,4.0,4.0,4.0,"1,082","4,328.00",5,-,-
GFSTEELS,BE,01-08-2022,4.0,3.8,3.8,3.8,3.8,3.8,3.8,"4,590","17,442.00",5,-,-
GFSTEELS,BE,02-08-2022,3.8,3.65,3.65,3.65,3.65,3.65,3.65,165,602.25,3,-,-
GFSTEELS,BE,03-08-2022,3.65,3.5,3.5,3.5,3.5,3.5,3.5,125,437.50,2,-,-
GFSTEELS,BE,05-08-2022,3.5,3.45,3.45,3.35,3.35,3.35,3.35,"1,381","4,629.45",7,-,-
GFSTEELS,BE,08-08-2022,3.35,3.2,3.5,3.2,3.2,3.2,3.24,"4,361","14,131.20",33,-,-
GFSTEELS,BE,10-08-2022,3.2,3.05,3.2,3.05,3.2,3.2,3.06,270,825.20,3,-,-
GFSTEELS,BE,11-08-2022,3.2,3.2,3.2,3.2,3.2,3.2,3.2,186,595.20,2,-,-
GFSTEELS,BE,12-08-2022,3.2,3.2,3.35,3.05,3.35,3.35,3.07,"1,343","4,126.45",6,-,-
GFSTEELS,BE,16-08-2022,3.35,3.5,3.5,3.5,3.5,3.5,3.5,"4,278","14,973.00",12,-,-
GFSTEELS,BE,17-08-2022,3.5,3.65,3.65,3.65,3.65,3.65,3.65,"5,000","18,250.00",16,-,-
GFSTEELS,BE,19-08-2022,3.65,3.55,3.6,3.55,3.55,3.55,3.56,"1,140","4,058.00",5,-,-
GFSTEELS,BE,22-08-2022,3.55,3.55,3.55,3.4,3.4,3.4,3.4,718,"2,441.95",3,-,-
GFSTEELS,BE,23-08-2022,3.4,3.25,3.35,3.25,3.25,3.25,3.26,"1,235","4,023.75",9,-,-
GFSTEELS,BE,25-08-2022,3.25,3.1,3.25,3.1,3.25,3.25,3.13,339,"1,061.55",5,-,-
GFSTEELS,BE,26-08-2022,3.25,3.1,3.4,3.1,3.15,3.15,3.13,"3,000","9,387.50",4,-,-
GFSTEELS,BE,29-08-2022,3.15,3.0,3.05,3.0,3.05,3.05,3.05,528,"1,609.00",2,-,-
GFSTEELS,BE,30-08-2022,3.05,2.9,3.2,2.9,3.2,3.2,2.98,"1,950","5,820.00",5,-,-
GFSTEELS,BE,01-09-2022,3.2,3.35,3.35,3.35,3.35,3.35,3.35,5,16.75,1,-,-
GFSTEELS,BE,02-09-2022,3.35,3.5,3.5,3.25,3.5,3.5,3.43,"1,383","4,749.75",4,-,-
GFSTEELS,BE,05-09-2022,3.5,3.65,3.65,3.65,3.65,3.65,3.65,40,146.00,1,-,-
GFSTEELS,BE,06-09-2022,3.65,3.8,3.8,3.5,3.5,3.5,3.71,"2,050","7,609.50",9,-,-
GFSTEELS,BE,07-09-2022,3.5,3.35,3.35,3.35,3.35,3.35,3.35,25,83.75,1,-,-
GFSTEELS,BE,08-09-2022,3.35,3.35,3.35,3.2,3.2,3.2,3.22,"10,000","32,150.00",7,-,-
GFSTEELS,BE,09-09-2022,3.2,3.05,3.05,3.05,3.05,3.05,3.05,106,323.30,2,-,-
GFSTEELS,BE,12-09-2022,3.05,2.9,2.9,2.9,2.9,2.9,2.9,538,"1,560.20",2,-,-
GFSTEELS,BE,13-09-2022,2.9,2.85,2.85,2.85,2.85,2.85,2.85,200,570.00,1,-,-
GFSTEELS,EQ,14-09-2022,2.85,2.95,2.95,2.95,2.95,2.95,2.95,"1,000","2,950.00",4,"1,000",100.00
GFSTEELS,EQ,15-09-2022,2.95,3.05,3.05,3.05,3.05,3.05,3.05,"5,142","15,683.10",6,"5,142",100.00
GFSTEELS,EQ,16-09-2022,3.05,3.2,3.2,3.2,3.2,3.2,3.2,150,480.00,3,150,100.00
GFSTEELS,EQ,19-09-2022,3.2,3.35,3.35,3.35,3.35,3.35,3.35,712,"2,385.20",7,712,100.00
GFSTEELS,EQ,20-09-2022,3.35,3.5,3.5,3.5,3.5,3.5,3.5,165,577.50,2,165,100.00
GFSTEELS,BE,21-09-2022,3.5,3.65,3.65,3.65,3.65,3.65,3.65,252,919.80,3,-,-
GFSTEELS,BE,22-09-2022,3.65,3.8,3.8,3.75,3.8,3.8,3.76,491,"1,847.30",8,-,-
GFSTEELS,BE,23-09-2022,3.8,3.95,3.95,3.65,3.95,3.95,3.89,"4,097","15,932.40",31,-,-
GFSTEELS,BE,26-09-2022,3.95,3.95,4.1,3.8,4.1,4.1,3.88,217,842.60,3,-,-
GFSTEELS,BE,27-09-2022,4.1,4.3,4.3,4.3,4.3,4.3,4.3,"5,052","21,723.60",10,-,-
GFSTEELS,BE,28-09-2022,4.3,4.35,4.35,4.35,4.35,4.35,4.35,1,4.35,1,-,-
GFSTEELS,BE,30-09-2022,4.35,4.35,4.35,4.35,4.35,4.35,4.35,"1,000","4,350.00",1,-,-
GFSTEELS,BE,04-10-2022,4.35,4.15,4.15,4.15,4.15,4.15,4.15,100,415.00,1,-,-
GFSTEELS,BE,06-10-2022,4.15,4.25,4.25,3.95,3.95,3.95,3.95,"1,105","4,366.25",3,-,-
GFSTEELS,BE,07-10-2022,3.95,3.8,3.8,3.8,3.8,3.8,3.8,"2,875","10,925.00",6,-,-
GFSTEELS,BE,10-10-2022,3.8,3.65,3.8,3.65,3.7,3.7,3.67,"6,207","22,809.90",5,-,-
GFSTEELS,BE,11-10-2022,3.7,3.7,3.7,3.55,3.55,3.55,3.56,100,355.60,2,-,-
GFSTEELS,BE,12-10-2022,3.55,3.55,3.55,3.55,3.55,3.55,3.55,"1,300","4,615.00",1,-,-
GFSTEELS,BE,13-10-2022,3.55,3.7,3.7,3.7,3.7,3.7,3.7,30,111.00,1,-,-
GFSTEELS,BE,14-10-2022,3.7,3.85,3.85,3.85,3.85,3.85,3.85,305,"1,174.25",4,-,-
GFSTEELS,BE,17-10-2022,3.85,4.0,4.0,4.0,4.0,4.0,4.0,"1,027","4,108.00",2,-,-
GFSTEELS,BE,18-10-2022,4.0,4.2,4.2,4.2,4.2,4.2,4.2,90,378.00,2,-,-
GFSTEELS,BE,19-10-2022,4.2,4.4,4.4,4.4,4.4,4.4,4.4,"2,050","9,020.00",5,-,-
GFSTEELS,BE,20-10-2022,4.4,4.6,4.6,4.6,4.6,4.6,4.6,"2,100","9,660.00",6,-,-
GFSTEELS,BE,21-10-2022,4.6,4.8,4.8,4.8,4.8,4.8,4.8,"1,500","7,200.00",3,-,-
GFSTEELS,BE,31-10-2022,4.8,5.0,5.0,5.0,5.0,5.0,5.0,"3,671","18,355.00",9,-,-
GFSTEELS,BE,07-11-2022,5.0,5.0,5.0,5.0,5.0,5.0,5.0,"3,380","16,900.00",8,-,-
GFSTEELS,BE,14-11-2022,5.0,5.0,5.0,5.0,5.0,5.0,5.0,"2,161","10,805.00",6,-,-
GFSTEELS,BE,21-11-2022,5.0,5.0,5.0,5.0,5.0,5.0,5.0,"9,513","47,565.00",8,-,-
GFSTEELS,BE,28-11-2022,5.0,5.0,5.0,5.0,5.0,5.0,5.0,"4,420","22,100.00",5,-,-
GFSTEELS,BE,05-12-2022,5.0,5.0,5.0,5.0,5.0,5.0,5.0,"1,888","9,440.00",5,-,-
GFSTEELS,BE,12-12-2022,5.0,5.0,5.0,5.0,5.0,5.0,5.0,"3,521","17,605.00",7,-,-
GFSTEELS,BE,19-12-2022,5.0,5.25,5.25,5.25,5.25,5.25,5.25,"15,370","80,692.50",15,-,-
GFSTEELS,BE,26-12-2022,5.25,5.25,5.25,5.25,5.25,5.25,5.25,"1,635","8,583.75",8,-,-
GFSTEELS,BE,02-01-2023,5.25,5.25,5.25,5.25,5.25,5.25,5.25,"25,360","1,33,140.00",11,-,-
GFSTEELS,BE,09-01-2023,5.25,5.25,5.25,5.25,5.25,5.25,5.25,"1,156","6,069.00",7,-,-
GFSTEELS,BE,16-01-2023,5.25,5.25,5.25,5.25,5.25,5.25,5.25,"6,050","31,762.50",4,-,-
GFSTEELS,BE,23-01-2023,5.25,5.25,5.25,5.25,5.25,5.25,5.25,"1,000","5,250.00",1,-,-
GFSTEELS,BE,30-01-2023,5.25,5.25,5.25,5.25,5.25,5.25,5.25,310,"1,627.50",1,-,-
GFSTEELS,BE,06-02-2023,5.25,5.25,5.25,5.25,5.25,5.25,5.25,"1,000","5,250.00",1,-,-
GFSTEELS,BE,13-02-2023,5.25,5.5,5.5,5.5,5.5,5.5,5.5,570,"3,135.00",2,-,-
GFSTEELS,BE,20-02-2023,5.5,5.5,5.5,5.5,5.5,5.5,5.5,"4,250","23,375.00",5,-,-
GFSTEELS,BE,27-02-2023,5.5,5.5,5.5,5.5,5.5,5.5,5.5,200,"1,100.00",1,-,-
GFSTEELS,BE,06-03-2023,5.5,5.5,5.5,5.5,5.5,5.5,5.5,"1,857","10,213.50",4,-,-
GFSTEELS,BE,13-03-2023,5.5,5.5,5.5,5.5,5.5,5.5,5.5,"6,200","34,100.00",4,-,-
GFSTEELS,BE,20-03-2023,5.5,5.75,5.75,5.75,5.75,5.75,5.75,"1,357","7,802.75",4,-,-
GFSTEELS,BE,27-03-2023,5.75,5.75,5.75,5.75,5.75,5.75,5.75,600,"3,450.00",2,-,-
GFSTEELS,BE,03-04-2023,5.75,5.75,5.75,5.75,5.75,5.75,5.75,"1,582","9,096.50",5,-,-
GFSTEELS,BE,10-04-2023,5.75,5.75,5.75,5.75,5.75,5.75,5.75,"1,546","8,889.50",5,-,-
GFSTEELS,BE,17-04-2023,5.75,5.75,5.75,5.75,5.75,5.75,5.75,"2,313","13,299.75",8,-,-
GFSTEELS,BE,24-04-2023,5.75,5.75,5.75,5.75,5.75,5.75,5.75,"1,825","10,493.75",4,-,-
GFSTEELS,BE,02-05-2023,5.75,5.75,5.75,5.75,5.75,5.75,5.75,"1,750","10,062.50",6,-,-
GFSTEELS,BE,08-05-2023,5.75,6.0,6.0,6.0,6.0,6.0,6.0,"3,571","21,426.00",11,-,-
GFSTEELS,BE,15-05-2023,6.0,6.0,6.0,6.0,6.0,6.0,6.0,150,900.00,2,-,-
GFSTEELS,BE,22-05-2023,6.0,6.0,6.0,6.0,6.0,6.0,6.0,"3,750","22,500.00",7,-,-
GFSTEELS,BE,29-05-2023,6.0,6.0,6.0,6.0,6.0,6.0,6.0,"1,000","6,000.00",1,-,-
GFSTEELS,BE,05-06-2023,6.0,6.0,6.0,6.0,6.0,6.0,6.0,"11,382","68,292.00",9,-,-
GFSTEELS,BE,12-06-2023,6.0,6.3,6.3,6.3,6.3,6.3,6.3,"2,801","17,646.30",7,-,-
GFSTEELS,BE,19-06-2023,6.3,6.3,6.3,6.3,6.3,6.3,6.3,"6,136","38,656.80",11,-,-
GFSTEELS,BE,26-06-2023,6.3,6.3,6.3,6.3,6.3,6.3,6.3,75,472.50,2,-,-
GFSTEELS,BE,03-07-2023,6.3,6.3,6.3,6.3,6.3,6.3,6.3,"1,091","6,873.30",4,-,-
GFSTEELS,BE,10-07-2023,6.3,6.6,6.6,6.6,6.6,6.6,6.6,"6,996","46,173.60",5,-,-
GFSTEELS,BE,17-07-2023,6.6,6.6,6.6,6.6,6.6,6.6,6.6,"6,753","44,569.80",5,-,-
GFSTEELS,BE,24-07-2023,6.6,6.6,6.6,6.6,6.6,6.6,6.6,"2,240","14,784.00",3,-,-
GFSTEELS,BE,31-07-2023,6.6,6.6,6.6,6.6,6.6,6.6,6.6,270,"1,782.00",5,-,-
GFSTEELS,BE,14-08-2023,6.6,6.9,6.9,6.9,6.9,6.9,6.9,"2,586","17,843.40",4,-,-
GFSTEELS,BE,21-08-2023,6.9,6.9,6.9,6.9,6.9,6.9,6.9,"27,531","1,89,963.90",10,-,-
GFSTEELS,BE,28-08-2023,6.9,6.9,6.9,6.9,6.9,6.9,6.9,"5,814","40,116.60",6,-,-
GFSTEELS,BE,04-09-2023,6.9,6.9,6.9,6.9,6.9,6.9,6.9,291,"2,007.90",3,-,-
GFSTEELS,BE,11-09-2023,6.9,6.9,6.9,6.9,6.9,6.9,6.9,"4,040","27,876.00",11,-,-
GFSTEELS,BE,18-09-2023,6.9,6.9,6.9,6.9,6.9,6.9,6.9,"7,187","49,590.30",11,-,-
GFSTEELS,BE,25-09-2023,6.9,6.9,6.9,6.9,6.9,6.9,6.9,"1,081","7,458.90",9,-,-
GFSTEELS,BE,03-10-2023,6.9,6.9,6.9,6.9,6.9,6.9,6.9,"1,350","9,315.00",4,-,-
GFSTEELS,BE,09-10-2023,6.9,7.2,7.2,7.2,7.2,7.2,7.2,"4,460","32,112.00",7,-,-
GFSTEELS,BE,23-10-2023,7.2,7.2,7.2,7.2,7.2,7.2,7.2,"1,700","12,240.00",2,-,-
GFSTEELS,BE,30-10-2023,7.2,7.2,7.2,7.2,7.2,7.2,7.2,"5,745","41,364.00",8,-,-
GFSTEELS,BE,06-11-2023,7.2,7.2,7.2,7.2,7.2,7.2,7.2,"1,290","9,288.00",3,-,-
GFSTEELS,BE,13-11-2023,7.2,7.55,7.55,7.55,7.55,7.55,7.55,"1,009","7,617.95",5,-,-
GFSTEELS,BE,20-11-2023,7.55,7.55,7.55,7.55,7.55,7.55,7.55,501,"3,782.55",2,-,-
GFSTEELS,BE,28-11-2023,7.55,7.55,7.55,7.55,7.55,7.55,7.55,697,"5,262.35",4,-,-
GFSTEELS,BE,04-12-2023,7.55,7.55,7.55,7.55,7.55,7.55,7.55,"1,694","12,789.70",9,-,-
GFSTEELS,BE,11-12-2023,7.55,7.55,7.55,7.55,7.55,7.55,7.55,"2,760","20,838.00",8,-,-
GFSTEELS,BE,18-12-2023,7.55,7.55,7.55,7.55,7.55,7.55,7.55,680,"5,134.00",4,-,-
GFSTEELS,BE,26-12-2023,7.55,7.55,7.55,7.55,7.55,7.55,7.55,"3,988","30,109.40",4,-,-
GFSTEELS,BE,01-01-2024,7.55,7.55,7.55,7.55,7.55,7.55,7.55,20,151.00,1,-,-
GFSTEELS,BE,08-01-2024,7.55,7.9,7.9,7.9,7.9,7.9,7.9,"28,676","2,26,540.40",9,-,-
GFSTEELS,BE,15-01-2024,7.9,7.9,7.9,7.9,7.9,7.9,7.9,"3,630","28,677.00",7,-,-
GFSTEELS,BE,23-01-2024,7.9,7.9,7.9,7.9,7.9,7.9,7.9,"1,940","15,326.00",3,-,-
GFSTEELS,BE,29-01-2024,7.9,7.9,7.9,7.9,7.9,7.9,7.9,"5,100","40,290.00",4,-,-
GFSTEELS,BE,05-02-2024,7.9,7.9,7.9,7.9,7.9,7.9,7.9,"3,418","27,002.20",6,-,-
GFSTEELS,BE,12-02-2024,7.9,8.25,8.25,8.25,8.25,8.25,8.25,"25,500","2,10,375.00",13,-,-
GFSTEELS,BE,19-02-2024,8.25,8.25,8.25,8.25,8.25,8.25,8.25,167,"1,377.75",4,-,-
GFSTEELS,BE,26-02-2024,8.25,8.25,8.25,8.25,8.25,8.25,8.25,180,"1,485.00",3,-,-
GFSTEELS,BE,04-03-2024,8.25,8.25,8.25,8.25,8.25,8.25,8.25,"1,400","11,550.00",5,-,-
GFSTEELS,BE,11-03-2024,8.25,8.25,8.25,8.25,8.25,8.25,8.25,"2,501","20,633.25",5,-,-
GFSTEELS,BE,18-03-2024,8.25,8.65,8.65,8.65,8.65,8.65,8.65,532,"4,601.80",3,-,-
GFSTEELS,BE,26-03-2024,8.65,8.65,8.65,8.65,8.65,8.65,8.65,140,"1,211.00",1,-,-
GFSTEELS,BE,01-04-2024,8.65,8.65,8.65,8.65,8.65,8.65,8.65,900,"7,785.00",1,-,-
GFSTEELS,BE,08-04-2024,8.65,8.65,8.65,8.65,8.65,8.65,8.65,460,"3,979.00",4,-,-
GFSTEELS,BE,15-04-2024,8.65,8.65,8.65,8.65,8.65,8.65,8.65,"1,932","16,711.80",6,-,-
GFSTEELS,BE,22-04-2024,8.65,8.65,8.65,8.65,8.65,8.65,8.65,"1,540","13,321.00",3,-,-
GFSTEELS,BE,06-05-2024,8.65,8.65,8.65,8.65,8.65,8.65,8.65,"10,313","89,207.45",10,-,-
GFSTEELS,BE,13-05-2024,8.65,9.05,9.05,9.05,9.05,9.05,9.05,"5,952","53,865.60",7,-,-
GFSTEELS,BE,21-05-2024,9.05,9.05,9.05,9.05,9.05,9.05,9.05,250,"2,262.50",3,-,-
GFSTEELS,BE,27-05-2024,9.05,9.05,9.05,9.05,9.05,9.05,9.05,189,"1,710.45",2,-,-
GFSTEELS,BE,03-06-2024,9.05,9.05,9.05,9.05,9.05,9.05,9.05,"4,010","36,290.50",11,-,-
GFSTEELS,BE,10-06-2024,9.05,9.5,9.5,9.5,9.5,9.5,9.5,"4,660","44,270.00",7,-,-
GFSTEELS,BE,18-06-2024,9.5,9.5,9.5,9.5,9.5,9.5,9.5,"9,146","86,887.00",12,-,-
GFSTEELS,BE,24-06-2024,9.5,9.5,9.5,9.06,9.06,9.06,9.35,"4,100","38,334.00",7,-,-
GFSTEELS,BE,01-07-2024,9.06,8.6,8.6,8.6,8.6,8.6,8.6,"1,957","16,830.20",6,-,-
GFSTEELS,BE,08-07-2024,8.6,8.17,9.03,8.17,9.03,9.03,8.58,"16,296","1,39,893.08",28,-,-
GFSTEELS,BE,15-07-2024,9.03,8.57,9.03,8.57,9.03,9.03,8.61,"27,468","2,36,535.74",11,-,-
GFSTEELS,BE,22-07-2024,9.03,9.03,9.03,9.03,9.03,9.03,9.03,"10,680","96,440.40",12,-,-
GFSTEELS,BE,29-07-2024,9.03,9.03,9.03,9.03,9.03,9.03,9.03,"2,345","21,175.35",7,-,-
GFSTEELS,BE,05-08-2024,9.03,9.03,9.03,9.03,9.03,9.03,9.03,430,"3,882.90",4,-,-
GFSTEELS,BE,12-08-2024,9.03,9.03,9.03,8.6,8.75,8.75,8.81,"4,624","40,731.00",16,-,-
GFSTEELS,BE,19-08-2024,8.75,8.32,8.32,8.31,8.31,8.31,8.31,"1,491","12,392.21",4,-,-
GFSTEELS,BE,26-08-2024,8.31,8.31,8.31,7.89,8.31,8.31,7.98,"2,705","21,591.32",17,-,-
GFSTEELS,BE,02-09-2024,8.31,8.31,8.31,8.31,8.31,8.31,8.31,"1,672","13,894.32",14,-,-
GFSTEELS,BE,09-09-2024,8.31,8.31,8.31,7.89,7.89,7.89,8.29,"14,625","1,21,271.25",7,-,-
GFSTEELS,BE,16-09-2024,7.89,7.89,7.89,7.5,7.5,7.5,7.52,"14,012","1,05,419.62",18,-,-
GFSTEELS,BE,23-09-2024,7.5,7.87,7.87,7.14,7.16,7.16,7.26,616,"4,471.56",3,-,-
GFSTEELS,BE,30-09-2024,7.16,6.9,7.35,6.9,7.35,7.35,6.98,67,467.70,2,-,-
GFSTEELS,BE,07-10-2024,7.35,7.35,7.71,7.0,7.71,7.71,7.38,"2,930","21,613.10",11,-,-
GFSTEELS,BE,14-10-2024,7.71,8.09,8.09,8.09,8.09,8.09,8.09,865,"6,997.85",4,-,-
GFSTEELS,BE,15-10-2024,8.09,8.49,8.49,8.49,8.49,8.49,8.49,"2,508","21,292.92",4,-,-
GFSTEELS,BE,21-10-2024,8.49,8.49,8.49,8.49,8.49,8.49,8.49,682,"5,790.18",4,-,-
GFSTEELS,BE,28-10-2024,8.49,8.49,8.49,8.1,8.49,8.49,8.49,553,"4,693.80",7,-,-
GFSTEELS,BE,04-11-2024,8.49,8.49,8.49,8.49,8.49,8.49,8.49,134,"1,137.66",3,-,-
GFSTEELS,BE,11-11-2024,8.49,8.49,8.49,8.49,8.49,8.49,8.49,"3,343","28,382.07",10,-,-
GFSTEELS,BE,18-11-2024,8.49,8.49,8.49,8.49,8.49,8.49,8.49,"6,879","58,402.71",5,-,-
GFSTEELS,BE,25-11-2024,8.49,8.49,8.49,8.49,8.49,8.49,8.49,153,"1,298.97",3,-,-
GFSTEELS,BE,02-12-2024,8.49,8.49,8.49,8.49,8.49,8.49,8.49,52,441.48,2,-,-
GFSTEELS,BE,09-12-2024,8.49,8.49,8.49,8.49,8.49,8.49,8.49,"2,145","18,211.05",8,-,-
GFSTEELS,BE,16-12-2024,8.49,8.91,8.91,8.07,8.91,8.91,8.78,"2,290","20,104.50",7,-,-
GFSTEELS,BE,23-12-2024,8.91,8.91,8.91,8.91,8.91,8.91,8.91,"1,320","11,761.20",4,-,-
GFSTEELS,BE,30-12-2024,8.91,8.91,8.91,8.91,8.91,8.91,8.91,"12,155","1,08,301.05",7,-,-
GFSTEELS,BE,06-01-2025,8.91,8.91,8.91,8.91,8.91,8.91,8.91,600,"5,346.00",1,-,-
GFSTEELS,BE,13-01-2025,8.91,8.91,8.91,8.64,8.64,8.64,8.9,"2,694","23,988.96",4,-,-
GFSTEELS,BE,20-01-2025,8.64,8.64,8.64,8.64,8.64,8.64,8.64,200,"1,728.00",2,-,-
GFSTEELS,BE,27-01-2025,8.64,8.64,8.64,8.64,8.64,8.64,8.64,466,"4,026.24",5,-,-
GFSTEELS,BE,10-02-2025,8.64,9.07,9.07,8.24,8.24,8.24,9.06,"9,610","87,096.30",12,-,-
GFSTEELS,BE,17-02-2025,8.24,8.24,8.24,8.24,8.24,8.24,8.24,"1,350","11,124.00",3,-,-
GFSTEELS,BE,24-02-2025,8.24,8.24,8.24,8.24,8.24,8.24,8.24,66,543.84,1,-,-
GFSTEELS,BE,03-03-2025,8.24,8.24,8.24,7.85,8.24,8.12,8.16,"20,676","1,68,727.74",20,-,-
GFSTEELS,BE,10-03-2025,8.12,8.01,8.02,8.01,8.02,8.02,8.02,"2,141","17,169.41",22,-,-
GFSTEELS,BE,17-03-2025,8.02,7.62,8.42,7.62,8.42,8.42,8.14,"4,840","39,416.00",11,-,-
GFSTEELS,BE,24-03-2025,8.42,8.42,8.42,8.42,8.42,8.42,8.42,"1,150","9,683.00",2,-,-
GFSTEELS,BE,01-04-2025,8.42,8.42,8.42,8.42,8.42,8.42,8.42,"2,080","17,513.60",4,-,-
GFSTEELS,BE,07-04-2025,8.42,8.42,8.42,8.42,8.42,8.42,8.42,290,"2,441.80",2,-,-
GFSTEELS,BE,15-04-2025,8.42,8.02,8.42,8.02,8.42,8.42,8.17,376,"3,071.88",6,-,-
GFSTEELS,BE,21-04-2025,8.42,8.42,8.42,8.01,8.42,8.42,8.2,"2,099","17,221.91",5,-,-
GFSTEELS,BE,28-04-2025,8.42,8.42,8.42,8.42,8.42,8.42,8.42,280,"2,357.60",2,-,-
GFSTEELS,BE,05-05-2025,8.42,8.42,8.42,8.42,8.42,8.42,8.42,660,"5,557.20",5,-,-
GFSTEELS,BE,12-05-2025,8.42,8.84,8.84,8.02,8.84,8.83,8.84,"10,249","90,593.78",8,-,-
GFSTEELS,BE,19-05-2025,8.83,8.83,8.83,8.83,8.83,8.83,8.83,40,353.20,1,-,-
GFSTEELS,BE,26-05-2025,8.83,8.83,8.83,8.83,8.83,8.83,8.83,"18,200","1,60,706.00",4,-,-
GFSTEELS,BE,09-06-2025,8.83,9.27,9.27,9.27,9.27,9.27,9.27,"3,551","32,917.77",9,-,-
GFSTEELS,BE,16-06-2025,9.27,9.27,9.27,9.27,9.27,9.27,9.27,180,"1,668.60",3,-,-
GFSTEELS,BE,23-06-2025,9.27,9.27,9.27,9.27,9.27,9.27,9.27,"4,326","40,102.02",6,-,-
GFSTEELS,BE,30-06-2025,9.27,9.27,9.27,9.27,9.27,9.27,9.27,"17,905","1,65,979.35",10,-,-
GFSTEELS,BE,07-07-2025,9.27,9.27,9.27,9.27,9.27,9.27,9.27,"1,167","10,818.09",7,-,-
GFSTEELS,BE,14-07-2025,9.27,9.73,9.73,9.73,9.73,9.73,9.73,"7,490","72,877.70",10,-,-
GFSTEELS,BE,21-07-2025,9.73,9.73,9.73,9.73,9.73,9.73,9.73,"2,585","25,152.05",7,-,-
GFSTEELS,BE,28-07-2025,9.73,9.73,9.73,9.73,9.73,9.73,9.73,12602,1.23,12, -, -
GFSTEELS,BE,04-08-2025,9.73,9.73,9.73,9.73,9.73,9.73,9.73,8435,0.82,7, -, -
GFSTEELS,BE,11-08-2025,9.73,9.73,9.73,9.73,9.73,9.73,9.73,5012,0.49,10, -, -
GFSTEELS,BE,18-08-2025,9.73,9.73,9.73,9.73,9.73,9.73,9.73,490,0.05,7, -, -
GFSTEELS,BE,25-08-2025,9.73,9.73,9.73,9.73,9.73,9.73,9.73,27521,2.68,12, -, -
GFSTEELS,BE,01-09-2025,9.73,9.73,9.73,9.73,9.73,9.73,9.73,880,0.09,4, -, -
GFSTEELS,BE,08-09-2025,9.73,9.73,9.73,9.73,9.73,9.73,9.73,320,0.03,3, -, -
GFSTEELS,BE,15-09-2025,9.73,9.73,9.73,9.73,9.73,9.73,9.73,2638,0.26,8, -, -
GFSTEELS,BE,22-09-2025,9.73,10.21,10.21,10.21,10.21,10.21,10.21,2040,0.21,6, -, -
GFSTEELS,BE,29-09-2025,10.21,10.21,10.21,10.21,10.21,10.21,10.21,10800,1.1,5, -, -
GFSTEELS,BE,06-10-2025,10.21,10.21,10.21,10.21,10.21,10.21,10.21,4060,0.41,7, -, -
GFSTEELS,BE,13-10-2025,10.21,10.21,10.21,10.21,10.21,10.21,10.21,292,0.03,3, -, -
GFSTEELS,BE,20-10-2025,10.21,10.21,10.21,10.21,10.21,10.21,10.21,31856,3.25,13, -, -
GFSTEELS,BE,27-10-2025,10.21,10.21,10.21,10.21,10.21,10.21,10.21,2206,0.23,8, -, -
GFSTEELS,BE,03-11-2025,10.21,10.21,10.21,10.21,10.21,10.21,10.21,5445,0.56,9, -, -
GFSTEELS,BE,10-11-2025,10.21,10.7,10.72,10.7,10.72,10.72,10.71,8351,0.89,11, -, -
