SYMBOL,SERIES,DATE1,PREV_CLOSE,OPEN_PRICE,HIGH_PRICE,LOW_PRICE,LAST_PRICE,CLOSE_PRICE,AVG_PRICE,TTL_TRD_QNTY,TURNOVER_LACS,NO_OF_TRADES,DELIV_QTY,DELIV_PER
TCLCONS,BE,16-10-2023,17.95,39.0,39.0,31.0,34.2,34.1,32.64,"2,23,692","73,01,175.85",760,-,-
TCLCONS,BE,17-10-2023,34.1,33.25,34.0,32.4,32.4,32.4,32.77,"55,152","18,07,534.35",205,-,-
TCLCONS,BE,18-10-2023,32.4,30.8,30.8,30.8,30.8,30.8,30.8,"3,603","1,10,972.40",53,-,-
TCLCONS,BE,19-10-2023,30.8,29.3,29.3,29.3,29.3,29.3,29.3,"3,216","94,228.80",37,-,-
TCLCONS,BE,20-10-2023,29.3,27.85,27.85,27.85,27.85,27.85,27.85,"1,256","34,979.60",33,-,-
TCLCONS,BE,23-10-2023,27.85,26.45,26.45,26.45,26.45,26.45,26.45,"4,249","1,12,386.05",32,-,-
TCLCONS,BE,25-10-2023,26.45,25.15,25.15,25.15,25.15,25.15,25.15,"2,271","57,115.65",29,-,-
TCLCONS,BE,26-10-2023,25.15,23.9,23.9,23.9,23.9,23.9,23.9,376,"8,986.40",22,-,-
TCLCONS,BE,27-10-2023,23.9,22.7,22.7,22.7,22.7,22.7,22.7,"3,193","72,481.10",55,-,-
TCLCONS,BE,30-10-2023,22.7,21.6,23.65,21.6,21.6,21.6,21.87,"1,62,381","35,51,314.90",372,-,-
TCLCONS,EQ,31-10-2023,21.6,22.15,22.5,19.45,20.0,19.65,21.26,"2,81,387","59,81,255.15","1,262","2,02,395",71.93
TCLCONS,EQ,01-11-2023,19.65,19.5,20.65,18.25,20.3,19.7,19.31,"1,11,579","21,54,545.50",887,"63,029",56.49
TCLCONS,EQ,02-11-2023,19.7,20.0,21.65,19.65,21.65,21.65,21.35,"37,807","8,07,074.55",140,"28,303",74.86
TCLCONS,EQ,03-11-2023,21.65,23.8,23.8,22.6,23.8,23.8,23.78,"89,768","21,35,064.80",350,"69,828",77.79
TCLCONS,BE,06-11-2023,23.8,24.5,24.95,24.5,24.95,24.95,24.93,"43,862","10,93,386.75",150,-,-
TCLCONS,BE,07-11-2023,24.95,26.1,26.1,24.05,25.05,25.0,25.2,"81,041","20,42,377.95",294,-,-
TCLCONS,BE,08-11-2023,25.0,25.0,26.0,23.85,24.8,24.6,24.63,"22,285","5,48,813.10",118,-,-
TCLCONS,BE,09-11-2023,24.6,24.0,24.5,23.4,23.4,23.6,23.64,"44,452","10,50,886.45",142,-,-
TCLCONS,BE,10-11-2023,23.6,24.1,24.2,22.5,23.3,22.65,23.05,"16,888","3,89,188.30",95,-,-
TCLCONS,BE,12-11-2023,22.65,23.7,23.7,22.0,23.45,23.25,23.13,"9,130","2,11,193.70",37,-,-
TCLCONS,BE,13-11-2023,23.25,22.2,24.4,22.2,24.4,24.4,24.05,"33,820","8,13,299.50",102,-,-
TCLCONS,BE,15-11-2023,24.4,24.45,25.6,24.45,25.6,25.6,25.59,"42,773","10,94,734.25",91,-,-
TCLCONS,BE,16-11-2023,25.6,26.85,26.85,26.8,26.85,26.85,26.85,"27,775","7,45,746.25",74,-,-
TCLCONS,BE,17-11-2023,26.85,27.7,28.15,27.4,28.15,28.15,28.04,"50,596","14,18,537.10",114,-,-
TCLCONS,BE,20-11-2023,28.15,27.6,27.6,27.6,27.6,27.6,27.6,"9,747","2,69,017.20",29,-,-
TCLCONS,BE,21-11-2023,27.6,27.05,27.05,27.05,27.05,27.05,27.05,"1,540","41,657.00",11,-,-
TCLCONS,BE,22-11-2023,27.05,26.5,26.5,26.5,26.5,26.5,26.5,"12,472","3,30,508.00",22,-,-
TCLCONS,BE,23-11-2023,26.5,26.0,27.0,26.0,27.0,27.0,26.59,"15,714","4,17,811.00",38,-,-
TCLCONS,BE,24-11-2023,27.0,27.0,27.0,26.55,26.8,26.8,26.87,"11,300","3,03,656.80",33,-,-
TCLCONS,BE,28-11-2023,26.8,26.8,26.8,26.3,26.3,26.3,26.45,"1,710","45,221.80",11,-,-
TCLCONS,BE,29-11-2023,26.3,25.8,25.8,25.8,25.8,25.8,25.8,576,"14,860.80",5,-,-
TCLCONS,BE,30-11-2023,25.8,25.3,25.3,25.3,25.3,25.3,25.3,"2,486","62,895.80",17,-,-
TCLCONS,BE,01-12-2023,25.3,24.8,24.9,24.8,24.9,24.9,24.87,"5,339","1,32,779.90",40,-,-
TCLCONS,BE,04-12-2023,24.9,24.75,24.75,24.4,24.4,24.4,24.47,"2,581","63,157.35",26,-,-
TCLCONS,BE,05-12-2023,24.4,24.4,24.4,23.95,23.95,23.95,24.09,"1,023","24,644.85",9,-,-
TCLCONS,BE,06-12-2023,23.95,23.9,23.9,23.5,23.5,23.5,23.73,"6,226","1,47,751.00",33,-,-
TCLCONS,BE,07-12-2023,23.5,23.05,23.1,23.05,23.05,23.05,23.06,"9,376","2,16,182.85",46,-,-
TCLCONS,BE,08-12-2023,23.05,23.0,23.0,22.6,22.6,22.6,22.68,"2,158","48,949.00",37,-,-
TCLCONS,BE,11-12-2023,22.6,22.2,22.2,22.15,22.15,22.15,22.19,"5,435","1,20,578.70",31,-,-
TCLCONS,BE,12-12-2023,22.15,22.15,22.15,21.7,21.7,21.7,21.7,"10,685","2,31,891.50",44,-,-
TCLCONS,BE,13-12-2023,21.7,21.3,21.35,21.3,21.3,21.3,21.3,"19,881","4,23,540.30",44,-,-
TCLCONS,BE,14-12-2023,21.3,21.0,21.45,21.0,21.2,21.2,21.26,"5,869","1,24,778.25",31,-,-
TCLCONS,BE,15-12-2023,21.2,21.3,21.6,21.3,21.6,21.6,21.59,"5,140","1,10,985.60",29,-,-
TCLCONS,BE,18-12-2023,21.6,22.0,22.0,22.0,22.0,22.0,22.0,"7,094","1,56,068.00",17,-,-
TCLCONS,BE,19-12-2023,22.0,22.4,22.4,22.4,22.4,22.4,22.4,"21,568","4,83,123.20",34,-,-
TCLCONS,BE,20-12-2023,22.4,22.8,22.8,22.8,22.8,22.8,22.8,"11,238","2,56,226.40",29,-,-
TCLCONS,BE,21-12-2023,22.8,22.8,23.25,22.8,23.25,23.25,23.09,"8,103","1,87,134.75",23,-,-
TCLCONS,BE,22-12-2023,23.25,23.7,23.7,23.7,23.7,23.7,23.7,"1,685","39,934.50",7,-,-
TCLCONS,BE,26-12-2023,23.7,24.85,24.85,24.85,24.85,24.85,24.85,"8,726","2,16,841.10",31,-,-
TCLCONS,BE,27-12-2023,24.85,26.05,26.05,26.05,26.05,26.05,26.05,"6,342","1,65,209.10",27,-,-
TCLCONS,BE,28-12-2023,26.05,27.35,27.35,25.5,27.35,27.35,27.18,"69,843","18,98,543.05",286,-,-
TCLCONS,BE,29-12-2023,27.35,27.35,27.5,26.0,26.55,26.2,26.54,"92,353","24,51,368.80",245,-,-
TCLCONS,BE,01-01-2024,26.2,26.0,26.7,24.9,26.05,25.95,25.91,"27,386","7,09,546.70",139,-,-
TCLCONS,BE,02-01-2024,25.95,26.95,26.95,25.8,26.45,25.95,26.15,"25,456","6,65,785.30",111,-,-
TCLCONS,BE,03-01-2024,25.95,27.2,27.2,26.0,26.6,26.3,26.58,"38,967","10,35,582.60",151,-,-
TCLCONS,BE,04-01-2024,26.3,25.55,27.6,25.55,27.5,27.45,27.06,"26,081","7,05,769.80",156,-,-
TCLCONS,BE,05-01-2024,27.45,28.0,28.8,28.0,28.8,28.8,28.75,"44,932","12,91,992.50",110,-,-
TCLCONS,BE,08-01-2024,28.8,30.2,30.2,30.2,30.2,30.2,30.2,"17,278","5,21,795.60",69,-,-
TCLCONS,BE,09-01-2024,30.2,31.7,31.7,31.7,31.7,31.7,31.7,"25,234","7,99,917.80",61,-,-
TCLCONS,BE,10-01-2024,31.7,32.3,32.3,32.3,32.3,32.3,32.3,"82,814","26,74,892.20",82,-,-
TCLCONS,BE,11-01-2024,32.3,32.9,32.9,32.9,32.9,32.9,32.9,"35,584","11,70,713.60",43,-,-
TCLCONS,BE,12-01-2024,32.9,32.25,32.3,32.25,32.3,32.3,32.26,"1,08,232","34,91,146.05",93,-,-
TCLCONS,BE,15-01-2024,32.3,32.9,32.9,31.8,32.9,32.9,32.87,"86,465","28,42,484.00",63,-,-
TCLCONS,BE,16-01-2024,32.9,32.25,32.25,32.25,32.25,32.25,32.25,"7,846","2,53,033.50",25,-,-
TCLCONS,BE,17-01-2024,32.25,31.6,31.6,31.6,31.6,31.6,31.6,224,"7,078.40",6,-,-
TCLCONS,BE,18-01-2024,31.6,31.0,31.05,31.0,31.0,31.0,31.0,960,"29,760.05",12,-,-
TCLCONS,BE,19-01-2024,31.0,30.4,30.4,30.4,30.4,30.4,30.4,"12,585","3,82,584.00",19,-,-
TCLCONS,BE,20-01-2024,30.4,29.8,31.0,29.8,31.0,31.0,30.68,"24,784","7,60,296.80",62,-,-
TCLCONS,BE,23-01-2024,31.0,31.6,31.6,31.6,31.6,31.6,31.6,"64,788","20,47,300.80",88,-,-
TCLCONS,BE,24-01-2024,31.6,32.2,32.2,31.65,32.2,32.2,32.18,"40,113","12,90,979.60",56,-,-
TCLCONS,BE,25-01-2024,32.2,32.8,32.8,32.8,32.8,32.8,32.8,"14,717","4,82,717.60",30,-,-
TCLCONS,BE,29-01-2024,32.8,33.45,33.45,33.45,33.45,33.45,33.45,"16,066","5,37,407.70",26,-,-
TCLCONS,BE,30-01-2024,33.45,34.1,34.1,34.1,34.1,34.1,34.1,"28,422","9,69,190.20",47,-,-
TCLCONS,BE,31-01-2024,34.1,34.75,34.75,33.45,33.45,33.45,34.41,"37,962","13,06,347.45",83,-,-
TCLCONS,BE,01-02-2024,33.45,32.8,34.1,32.8,33.95,33.95,33.26,"22,187","7,37,928.20",71,-,-
TCLCONS,BE,02-02-2024,33.95,33.95,34.6,33.75,34.0,34.0,34.24,"30,248","10,35,726.05",80,-,-
TCLCONS,BE,05-02-2024,34.0,34.65,34.65,34.65,34.65,34.65,34.65,"8,831","3,05,994.15",30,-,-
TCLCONS,BE,06-02-2024,34.65,35.3,35.3,35.3,35.3,35.3,35.3,"6,392","2,25,637.60",49,-,-
TCLCONS,BE,07-02-2024,35.3,36.0,36.0,36.0,36.0,36.0,36.0,"4,154","1,49,544.00",27,-,-
TCLCONS,BE,08-02-2024,36.0,36.5,36.7,36.5,36.7,36.7,36.55,"15,290","5,58,886.05",59,-,-
TCLCONS,BE,09-02-2024,36.7,37.35,37.4,36.25,36.25,36.25,36.83,"39,557","14,56,736.65",89,-,-
TCLCONS,BE,12-02-2024,36.25,35.55,35.55,35.55,35.55,35.55,35.55,"14,360","5,10,498.00",53,-,-
TCLCONS,BE,13-02-2024,35.55,35.5,35.5,34.85,34.85,34.85,34.95,"5,332","1,86,379.20",23,-,-
TCLCONS,BE,14-02-2024,34.85,34.15,34.5,34.15,34.5,34.5,34.19,"13,953","4,77,069.60",32,-,-
TCLCONS,BE,15-02-2024,34.5,34.5,34.5,33.85,33.85,33.85,34.04,"13,620","4,63,645.10",45,-,-
TCLCONS,BE,16-02-2024,33.85,34.0,34.5,34.0,34.5,34.5,34.48,"17,084","5,89,045.50",54,-,-
TCLCONS,BE,19-02-2024,34.5,36.2,36.2,36.2,36.2,36.2,36.2,"14,120","5,11,144.00",89,-,-
TCLCONS,BE,20-02-2024,36.2,38.0,38.0,36.5,38.0,38.0,37.97,"18,682","7,09,342.65",105,-,-
TCLCONS,BE,21-02-2024,38.0,39.9,39.9,39.9,39.9,39.9,39.9,"19,366","7,72,703.40",67,-,-
TCLCONS,BE,22-02-2024,39.9,41.85,41.85,41.85,41.85,41.85,41.85,"9,377","3,92,427.45",51,-,-
TCLCONS,BE,23-02-2024,41.85,43.9,43.9,43.9,43.9,43.9,43.9,"3,943","1,73,097.70",29,-,-
TCLCONS,BE,26-02-2024,43.9,46.05,46.05,46.05,46.05,46.05,46.05,"4,463","2,05,521.15",35,-,-
TCLCONS,BE,27-02-2024,46.05,48.35,48.35,46.45,48.0,48.2,48.32,"85,688","41,40,586.25",482,-,-
TCLCONS,BE,28-02-2024,48.2,47.25,47.25,47.25,47.25,47.25,47.25,"13,766","6,50,443.50",72,-,-
TCLCONS,BE,29-02-2024,47.25,46.3,46.3,46.3,46.3,46.3,46.3,"4,335","2,00,710.50",33,-,-
TCLCONS,BE,01-03-2024,46.3,45.4,45.4,45.4,45.4,45.4,45.4,"62,970","28,58,838.00",80,-,-
TCLCONS,BE,02-03-2024,45.4,44.5,44.5,44.5,44.5,44.5,44.5,"4,308","1,91,706.00",18,-,-
TCLCONS,BE,04-03-2024,44.5,43.65,43.65,43.65,43.65,43.65,43.65,"7,065","3,08,387.25",33,-,-
TCLCONS,BE,05-03-2024,43.65,42.8,42.8,42.8,42.8,42.8,42.8,"3,019","1,29,213.20",22,-,-
TCLCONS,BE,06-03-2024,42.8,41.95,41.95,41.95,41.95,41.95,41.95,"1,343","56,338.85",18,-,-
TCLCONS,BE,07-03-2024,41.95,41.15,41.15,41.15,41.15,41.15,41.15,352,"14,484.80",18,-,-
TCLCONS,BE,11-03-2024,41.15,40.35,40.35,40.35,40.35,40.35,40.35,"5,883","2,37,379.05",49,-,-
TCLCONS,BE,12-03-2024,40.35,39.55,39.55,39.55,39.55,39.55,39.55,"3,019","1,19,401.45",29,-,-
TCLCONS,BE,13-03-2024,39.55,38.75,38.75,38.75,38.75,38.75,38.75,672,"26,040.00",16,-,-
TCLCONS,BE,14-03-2024,38.75,38.0,38.0,38.0,38.0,38.0,38.0,"1,952","74,176.00",19,-,-
TCLCONS,BE,15-03-2024,38.0,37.25,37.25,37.25,37.25,37.25,37.25,"1,498","55,800.50",12,-,-
TCLCONS,BE,18-03-2024,37.25,36.5,36.5,36.5,36.5,36.5,36.5,"4,138","1,51,037.00",18,-,-
TCLCONS,BE,19-03-2024,36.5,35.8,35.85,35.8,35.85,35.85,35.8,"1,028","36,802.45",13,-,-
TCLCONS,BE,20-03-2024,35.85,35.15,35.15,35.15,35.15,35.15,35.15,"2,158","75,853.70",10,-,-
TCLCONS,BE,21-03-2024,35.15,34.45,34.45,34.45,34.45,34.45,34.45,"69,678","24,00,407.10",61,-,-
TCLCONS,BE,22-03-2024,34.45,33.8,33.8,33.8,33.8,33.8,33.8,"12,205","4,12,529.00",40,-,-
TCLCONS,BE,26-03-2024,33.8,33.15,33.15,33.15,33.15,33.15,33.15,"22,673","7,51,609.95",56,-,-
TCLCONS,BE,27-03-2024,33.15,32.5,33.8,32.5,33.8,33.8,32.61,"58,679","19,13,424.50",92,-,-
TCLCONS,BE,28-03-2024,33.8,34.45,34.45,34.45,34.45,34.45,34.45,"70,702","24,35,683.90",100,-,-
TCLCONS,BE,01-04-2024,34.45,35.1,35.1,34.55,34.8,34.8,35.0,"35,249","12,33,870.90",66,-,-
TCLCONS,BE,02-04-2024,34.8,35.3,35.3,34.1,34.1,34.1,35.08,"29,509","10,35,176.35",47,-,-
TCLCONS,BE,03-04-2024,34.1,33.45,33.45,33.45,33.45,33.45,33.45,"17,314","5,79,153.30",32,-,-
TCLCONS,BE,04-04-2024,33.45,32.8,33.15,32.8,33.0,33.0,32.84,"41,868","13,75,037.20",82,-,-
TCLCONS,BE,05-04-2024,33.0,33.65,33.65,33.65,33.65,33.65,33.65,"38,171","12,84,454.15",50,-,-
TCLCONS,BE,08-04-2024,33.65,34.9,35.3,34.1,35.3,35.3,35.11,"96,625","33,92,823.50",305,-,-
TCLCONS,BE,09-04-2024,35.3,35.3,36.5,33.6,35.5,35.3,35.14,"43,223","15,18,753.00",301,-,-
TCLCONS,BE,10-04-2024,35.3,35.2,37.0,34.1,34.15,34.25,35.13,"29,929","10,51,414.85",188,-,-
TCLCONS,BE,12-04-2024,34.25,34.25,34.8,33.1,33.55,33.75,33.92,"17,176","5,82,562.20",153,-,-
TCLCONS,BE,15-04-2024,33.75,34.7,34.7,32.1,32.8,32.5,33.0,"17,492","5,77,176.55",130,-,-
TCLCONS,BE,16-04-2024,32.5,32.5,32.5,30.9,31.9,31.9,31.45,"19,922","6,26,601.95",138,-,-
TCLCONS,BE,18-04-2024,31.9,31.9,33.45,31.2,33.0,32.7,32.32,"43,226","13,97,179.50",179,-,-
TCLCONS,BE,19-04-2024,32.7,32.7,32.7,31.2,32.7,32.55,32.08,"8,904","2,85,626.30",81,-,-
TCLCONS,EQ,22-04-2024,32.55,34.35,34.5,32.95,33.5,33.65,33.68,"29,427","9,91,049.40",366,"26,179",88.96
TCLCONS,EQ,23-04-2024,33.65,34.65,34.85,31.2,32.1,32.3,32.85,"64,318","21,12,889.10",452,"55,531",86.34
TCLCONS,EQ,24-04-2024,32.3,32.65,33.9,31.95,31.95,32.15,32.82,"40,401","13,25,770.60",347,"29,330",72.60
TCLCONS,EQ,25-04-2024,32.15,33.5,33.9,29.55,30.95,30.7,31.21,"54,721","17,07,617.50",536,"36,873",67.38
TCLCONS,EQ,26-04-2024,30.7,31.85,33.75,30.2,33.75,33.75,33.34,"2,80,792","93,60,494.35","1,191","1,00,124",35.66
TCLCONS,EQ,29-04-2024,33.75,34.4,34.65,32.1,32.15,32.45,33.53,"1,51,461","50,77,837.95",743,"92,981",61.39
TCLCONS,EQ,30-04-2024,32.45,33.3,33.3,32.45,32.7,32.8,32.8,"36,746","12,05,153.35",307,"28,855",78.53
TCLCONS,EQ,02-05-2024,32.8,33.9,34.2,32.25,32.75,33.2,33.34,"1,52,353","50,79,686.35",981,"77,969",51.18
TCLCONS,EQ,03-05-2024,33.2,34.0,34.0,32.5,32.75,32.8,33.07,"34,686","11,47,042.50",358,"22,780",65.67
TCLCONS,EQ,06-05-2024,32.8,33.95,33.95,31.5,32.5,32.45,32.77,"40,240","13,18,580.80",330,"31,641",78.63
TCLCONS,EQ,07-05-2024,32.45,32.45,33.5,31.65,33.0,33.05,33.0,"46,572","15,36,985.10",247,"44,564",95.69
TCLCONS,EQ,08-05-2024,33.05,33.7,34.15,32.65,33.5,33.5,33.61,"34,819","11,70,270.55",192,"25,811",74.13
TCLCONS,EQ,09-05-2024,33.5,34.0,34.0,32.0,32.05,32.35,32.92,"28,170","9,27,412.15",265,"18,843",66.89
TCLCONS,EQ,10-05-2024,32.35,32.4,33.85,32.05,32.2,32.3,32.5,"10,725","3,48,580.55",156,"8,720",81.31
TCLCONS,EQ,13-05-2024,32.3,32.8,33.6,31.95,33.2,32.9,33.02,"73,508","24,27,194.15",479,"56,764",77.22
TCLCONS,EQ,14-05-2024,32.9,33.95,33.95,32.55,33.0,33.05,33.21,"27,081","8,99,400.70",187,"21,334",78.78
TCLCONS,EQ,15-05-2024,33.05,33.8,36.35,32.55,36.35,36.35,35.96,"1,37,756","49,54,179.00",618,"98,441",71.46
TCLCONS,EQ,16-05-2024,36.35,38.0,39.95,37.0,39.95,39.95,39.2,"91,200","35,74,906.65",648,"60,449",66.28
TCLCONS,EQ,17-05-2024,39.95,43.9,43.9,42.35,43.9,43.9,43.84,"1,08,314","47,48,049.85",380,"75,369",69.58
TCLCONS,EQ,18-05-2024,43.9,45.5,46.05,45.0,46.05,46.05,45.84,"52,589","24,10,728.70",200,"43,875",83.43
TCLCONS,EQ,21-05-2024,46.05,46.95,48.35,43.75,43.75,43.75,46.4,"3,88,635","1,80,33,159.50","3,092","2,31,444",59.55
TCLCONS,EQ,22-05-2024,43.75,41.65,42.45,41.6,41.6,41.6,41.61,"52,574","21,87,809.90",299,"43,584",82.90
TCLCONS,EQ,23-05-2024,41.6,41.0,43.65,39.8,43.65,43.65,42.35,"43,289","18,33,286.40",243,"30,569",70.62
TCLCONS,EQ,24-05-2024,43.65,45.65,45.65,41.5,41.7,41.85,43.03,"1,01,448","43,65,672.40",859,"65,601",64.66
TCLCONS,EQ,27-05-2024,41.85,43.45,43.45,39.75,39.75,39.75,40.11,"1,27,139","50,99,679.00",653,"85,909",67.57
TCLCONS,EQ,28-05-2024,39.75,39.2,40.4,38.25,39.55,39.4,38.98,"54,430","21,21,771.65",585,"37,213",68.37
TCLCONS,EQ,29-05-2024,39.4,39.9,41.35,37.65,38.85,38.65,39.63,"1,05,480","41,79,658.00",913,"69,914",66.28
TCLCONS,EQ,30-05-2024,38.65,38.1,39.75,36.75,37.65,37.75,37.86,"89,767","33,98,274.90",759,"52,749",58.76
TCLCONS,EQ,31-05-2024,37.75,38.9,39.5,37.25,38.3,38.2,37.98,"44,157","16,77,024.75",495,"29,316",66.39
TCLCONS,EQ,03-06-2024,38.2,39.7,39.7,36.5,37.0,37.15,37.47,"95,767","35,88,754.65",881,"56,047",58.52
TCLCONS,EQ,04-06-2024,37.15,36.55,36.6,35.3,35.3,35.3,35.62,"21,952","7,81,882.75",303,"17,735",80.79
TCLCONS,EQ,05-06-2024,35.3,36.5,36.5,33.55,34.65,34.15,33.86,"57,063","19,31,971.30",398,"41,154",72.12
TCLCONS,EQ,06-06-2024,34.15,35.25,35.85,33.7,35.05,34.7,35.04,"63,993","22,42,204.65",606,"38,412",60.03
TCLCONS,EQ,07-06-2024,34.7,35.05,36.4,34.9,36.4,36.1,35.48,"34,609","12,28,065.85",319,"28,841",83.33
TCLCONS,EQ,10-06-2024,36.1,36.1,37.9,36.1,37.32,37.06,37.24,"52,501","19,54,999.12",435,"36,614",69.74
TCLCONS,EQ,11-06-2024,37.06,37.85,38.91,37.69,38.91,38.87,38.83,"6,86,690","2,66,66,640.01",432,"6,32,064",92.05
TCLCONS,EQ,12-06-2024,38.87,40.57,40.81,39.02,40.81,40.81,40.47,"97,436","39,43,112.00",270,"75,338",77.32
TCLCONS,EQ,13-06-2024,40.81,42.84,42.85,40.91,42.85,42.8,42.73,"3,43,657","1,46,85,603.53",651,"2,86,831",83.46
TCLCONS,EQ,14-06-2024,42.8,43.0,44.94,41.22,44.94,44.94,43.86,"3,23,976","1,42,08,319.56","1,430","2,30,295",71.08
TCLCONS,EQ,18-06-2024,44.94,47.1,47.18,45.12,47.18,47.18,47.01,"2,88,641","1,35,69,677.54",824,"1,87,970",65.12
TCLCONS,EQ,19-06-2024,47.18,49.53,49.53,46.4,48.5,48.63,48.71,"2,97,855","1,45,09,049.77","1,598","1,74,431",58.56
TCLCONS,EQ,20-06-2024,48.63,51.0,51.06,49.58,51.06,51.06,50.92,"2,05,244","1,04,50,933.95",892,"1,39,559",68.00
TCLCONS,EQ,21-06-2024,51.06,52.5,53.61,52.0,53.61,53.61,53.41,"2,71,611","1,45,05,962.37",821,"1,64,908",60.71
TCLCONS,EQ,24-06-2024,53.61,53.61,56.29,53.61,56.29,56.29,55.73,"2,44,854","1,36,46,272.61","1,322","1,63,279",66.68
TCLCONS,EQ,25-06-2024,56.29,58.78,59.1,57.42,59.1,58.87,58.6,"2,34,556","1,37,45,489.83","1,853","1,41,055",60.14
TCLCONS,EQ,26-06-2024,58.87,61.0,61.0,55.92,55.92,55.92,56.53,"2,98,710","1,68,86,533.82",771,"2,14,970",71.97
TCLCONS,EQ,27-06-2024,55.92,53.21,54.01,53.12,53.12,53.12,53.17,"81,269","43,20,896.65",275,"53,521",65.86
TCLCONS,EQ,28-06-2024,53.12,50.46,50.46,50.46,50.46,50.46,50.46,"26,092","13,16,602.32",171,"25,154",96.41
TCLCONS,EQ,01-07-2024,50.46,48.6,52.98,48.0,52.98,52.98,50.13,"1,34,388","67,36,485.94","1,024","73,726",54.86
TCLCONS,EQ,02-07-2024,52.98,55.0,55.62,53.05,55.62,55.62,55.01,"1,72,026","94,63,241.49","1,097","1,15,170",66.95
TCLCONS,EQ,03-07-2024,55.62,57.48,57.48,53.16,53.32,54.56,55.5,"1,75,475","97,38,441.40","1,648","1,06,998",60.98
TCLCONS,EQ,04-07-2024,54.56,53.11,54.9,51.83,51.83,51.84,52.59,"91,968","48,36,546.78",881,"59,283",64.46
TCLCONS,EQ,05-07-2024,51.84,50.25,53.99,49.3,52.0,51.52,52.25,"98,876","51,66,251.23","1,080","50,166",50.74
TCLCONS,EQ,08-07-2024,51.52,51.52,52.95,49.2,50.3,49.77,50.54,"61,359","31,01,267.81",764,"42,400",69.10
TCLCONS,EQ,09-07-2024,49.77,51.5,51.9,49.5,50.88,50.06,50.06,"45,337","22,69,659.39",663,"24,958",55.05
TCLCONS,EQ,10-07-2024,50.06,52.0,52.0,47.55,48.3,48.61,48.77,"59,507","29,02,415.98",831,"36,293",60.99
TCLCONS,EQ,11-07-2024,48.61,50.97,50.97,47.55,50.96,50.49,49.25,"45,212","22,26,833.60",750,"23,467",51.90
TCLCONS,EQ,12-07-2024,50.49,50.9,51.64,49.5,49.5,49.57,50.29,"63,674","32,02,252.17",687,"39,718",62.38
TCLCONS,EQ,15-07-2024,49.57,51.4,51.95,48.11,48.5,48.81,49.03,"63,016","30,89,983.79",729,"34,012",53.97
TCLCONS,BE,16-07-2024,48.81,49.45,51.2,48.0,49.7,48.85,49.21,"23,149","11,39,244.05",168,-,-
TCLCONS,BE,18-07-2024,48.85,47.3,49.9,46.65,48.0,47.14,47.56,"21,376","10,16,696.39",215,-,-
TCLCONS,BE,19-07-2024,47.14,45.45,47.13,44.78,45.8,45.0,45.22,"34,203","15,46,704.07",247,-,-
TCLCONS,BE,22-07-2024,45.0,44.5,45.0,43.0,44.25,43.85,43.92,"16,802","7,37,964.51",196,-,-
TCLCONS,BE,23-07-2024,43.85,43.85,46.04,43.0,45.7,45.66,44.84,"19,534","8,75,960.00",190,-,-
TCLCONS,BE,24-07-2024,45.66,46.99,47.93,45.7,47.45,47.02,46.91,"13,442","6,30,600.35",169,-,-
TCLCONS,BE,25-07-2024,47.02,47.02,49.37,47.0,47.5,47.75,48.65,"33,775","16,43,042.54",242,-,-
TCLCONS,BE,26-07-2024,47.75,48.71,49.19,47.75,47.8,48.16,48.15,"13,264","6,38,647.53",134,-,-
TCLCONS,BE,29-07-2024,48.16,49.3,49.3,47.0,47.3,47.17,47.88,"20,641","9,88,370.12",183,-,-
TCLCONS,BE,30-07-2024,47.17,48.9,48.9,47.3,48.88,48.44,48.06,"16,102","7,73,922.49",151,-,-
TCLCONS,BE,31-07-2024,48.44,48.44,48.44,46.51,47.0,46.85,47.32,"15,557","7,36,131.88",149,-,-
TCLCONS,BE,01-08-2024,46.85,46.6,48.46,44.5,46.7,46.67,46.74,"16,123","7,53,660.22",159,-,-
TCLCONS,BE,02-08-2024,46.67,47.6,47.99,44.75,45.25,45.34,45.83,"13,647","6,25,378.89",120,-,-
TCLCONS,BE,05-08-2024,45.34,47.0,47.0,43.07,43.07,43.07,43.16,"26,105","11,26,677.33",195,-,-
TCLCONS,BE,06-08-2024,43.07,40.91,45.0,40.91,43.3,42.61,42.23,"19,469","8,22,264.00",148,-,-
TCLCONS,BE,07-08-2024,42.61,44.0,44.69,40.51,42.45,42.29,42.44,"13,509","5,73,344.88",164,-,-
TCLCONS,BE,08-08-2024,42.29,43.99,44.4,42.55,44.4,44.4,44.17,"20,275","8,95,648.04",122,-,-
TCLCONS,BE,09-08-2024,44.4,46.45,46.49,44.1,46.49,46.14,45.6,"18,234","8,31,441.76",114,-,-
TCLCONS,BE,12-08-2024,46.14,44.05,44.13,43.83,43.83,43.83,44.02,"69,513","30,60,262.14",236,-,-
TCLCONS,BE,13-08-2024,43.83,41.63,41.63,41.63,41.63,41.63,41.63,"33,118","13,78,702.34",166,-,-
TCLCONS,BE,14-08-2024,41.63,39.54,39.54,39.54,39.54,39.54,39.54,"10,877","4,30,076.58",115,-,-
TCLCONS,BE,16-08-2024,39.54,37.56,40.5,37.56,40.4,39.35,38.15,"32,407","12,36,448.15",208,-,-
TCLCONS,BE,19-08-2024,39.35,39.35,41.31,39.35,41.31,41.31,40.84,"21,920","8,95,292.07",134,-,-
TCLCONS,BE,20-08-2024,41.31,43.28,43.37,41.61,43.37,43.36,43.22,"16,600","7,17,497.14",184,-,-
TCLCONS,BE,21-08-2024,43.36,44.65,45.52,43.55,45.35,44.98,44.22,"32,927","14,56,107.09",221,-,-
TCLCONS,BE,22-08-2024,44.98,45.7,45.7,42.75,43.51,43.52,44.01,"20,349","8,95,525.57",265,-,-
TCLCONS,BE,23-08-2024,43.52,43.51,44.97,42.0,43.4,43.11,43.52,"11,937","5,19,533.38",86,-,-
TCLCONS,BE,26-08-2024,43.11,43.97,43.98,41.3,42.52,43.51,42.91,"35,810","15,36,754.68",344,-,-
TCLCONS,BE,27-08-2024,43.51,43.99,43.99,41.88,41.95,42.18,42.13,"24,993","10,52,867.02",152,-,-
TCLCONS,BE,28-08-2024,42.18,41.0,43.0,40.11,42.34,42.08,41.92,"22,412","9,39,456.46",141,-,-
TCLCONS,BE,29-08-2024,42.08,43.45,43.75,40.55,42.92,41.18,42.81,"38,138","16,32,817.14",230,-,-
TCLCONS,BE,30-08-2024,41.18,42.5,43.0,41.24,42.0,41.87,42.14,"16,071","6,77,289.61",113,-,-
TCLCONS,BE,02-09-2024,41.87,43.0,43.2,41.0,42.5,42.3,41.96,"32,876","13,79,389.18",157,-,-
TCLCONS,BE,03-09-2024,42.3,42.5,42.5,40.5,41.5,41.51,41.44,"18,332","7,59,722.79",164,-,-
TCLCONS,BE,04-09-2024,41.51,42.34,42.34,40.0,41.99,40.36,41.09,"1,54,541","63,50,174.31",182,-,-
TCLCONS,BE,05-09-2024,40.36,41.99,41.99,39.4,40.2,40.23,40.62,"23,787","9,66,138.46",127,-,-
TCLCONS,BE,06-09-2024,40.23,39.77,41.49,38.21,39.75,38.7,38.78,"41,499","16,09,186.95",239,-,-
TCLCONS,BE,09-09-2024,38.7,39.2,40.63,38.7,40.19,39.62,40.13,"19,664","7,89,211.10",106,-,-
TCLCONS,BE,10-09-2024,39.62,40.63,41.44,39.39,41.0,40.92,40.93,"30,601","12,52,618.41",163,-,-
TCLCONS,BE,11-09-2024,40.92,40.5,41.98,39.51,41.35,39.95,40.46,"8,619","3,48,734.99",115,-,-
TCLCONS,BE,12-09-2024,39.95,41.3,41.3,39.0,40.0,39.87,39.66,"18,055","7,16,134.07",147,-,-
TCLCONS,BE,13-09-2024,39.87,40.0,40.3,38.5,39.89,39.64,39.42,"11,299","4,45,378.83",149,-,-
TCLCONS,BE,16-09-2024,39.64,41.4,41.62,39.6,41.62,41.62,41.14,"26,139","10,75,234.53",142,-,-
TCLCONS,BE,17-09-2024,41.62,43.4,43.7,42.6,43.7,43.7,43.27,"47,762","20,66,552.93",250,-,-
TCLCONS,BE,18-09-2024,43.7,45.88,45.88,43.7,45.06,45.2,45.66,"63,606","29,04,248.77",363,-,-
TCLCONS,BE,19-09-2024,45.2,47.45,47.46,43.0,47.46,47.46,46.19,"2,67,548","1,23,56,959.51",389,-,-
TCLCONS,BE,20-09-2024,47.46,47.85,47.85,45.09,46.02,45.61,45.97,"24,376","11,20,526.99",194,-,-
TCLCONS,BE,23-09-2024,45.61,44.69,44.69,44.69,44.69,44.69,44.69,"1,984","88,664.96",29,-,-
TCLCONS,BE,24-09-2024,44.69,43.79,43.79,43.79,43.79,43.79,43.79,608,"26,624.32",17,-,-
TCLCONS,BE,25-09-2024,43.79,42.91,42.91,42.91,42.91,42.91,42.91,685,"29,393.35",13,-,-
TCLCONS,BE,26-09-2024,42.91,42.05,42.05,42.05,42.05,42.05,42.05,"2,449","1,02,980.45",25,-,-
TCLCONS,BE,27-09-2024,42.05,41.2,41.2,41.2,41.2,41.2,41.2,892,"36,750.40",21,-,-
TCLCONS,BE,30-09-2024,41.2,40.37,40.37,40.37,40.37,40.37,40.37,"7,505","3,02,976.85",39,-,-
TCLCONS,BE,01-10-2024,40.37,40.37,41.17,40.37,41.0,41.0,40.45,"10,248","4,14,545.73",64,-,-
TCLCONS,BE,03-10-2024,41.0,41.0,41.0,40.18,40.18,40.18,40.28,"5,853","2,35,737.36",44,-,-
TCLCONS,BE,04-10-2024,40.18,39.37,39.55,39.37,39.37,39.37,39.42,"7,429","2,92,863.85",97,-,-
TCLCONS,BE,07-10-2024,39.37,39.38,39.38,38.58,38.58,38.58,38.79,"5,525","2,14,339.22",39,-,-
TCLCONS,BE,08-10-2024,38.58,38.58,38.58,37.8,38.0,38.0,38.29,"2,659","1,01,816.37",33,-,-
TCLCONS,BE,09-10-2024,38.0,38.5,38.76,38.5,38.76,38.76,38.67,"2,991","1,15,668.04",12,-,-
TCLCONS,BE,10-10-2024,38.76,39.53,39.53,39.53,39.53,39.53,39.53,453,"17,907.09",8,-,-
TCLCONS,BE,11-10-2024,39.53,40.32,40.32,40.32,40.32,40.32,40.32,"1,121","45,198.72",17,-,-
TCLCONS,BE,14-10-2024,40.32,41.12,41.12,41.0,41.0,41.0,41.11,"22,710","9,33,606.00",43,-,-
TCLCONS,BE,15-10-2024,41.0,40.18,40.18,40.18,40.18,40.18,40.18,"10,897","4,37,841.46",26,-,-
TCLCONS,BE,16-10-2024,40.18,39.37,39.41,39.37,39.37,39.37,39.38,"8,931","3,51,725.55",44,-,-
TCLCONS,BE,17-10-2024,39.37,39.0,39.0,38.58,38.58,38.58,38.89,"3,446","1,34,024.82",25,-,-
TCLCONS,BE,18-10-2024,38.58,37.8,38.0,37.8,38.0,38.0,37.97,"8,448","3,20,771.24",25,-,-
TCLCONS,BE,21-10-2024,38.0,38.76,38.76,38.76,38.76,38.76,38.76,"7,720","2,99,227.20",20,-,-
TCLCONS,BE,22-10-2024,38.76,39.53,39.53,37.98,37.98,37.98,39.16,"4,839","1,89,493.82",23,-,-
TCLCONS,BE,23-10-2024,37.98,37.6,38.73,37.6,38.5,38.5,38.41,"6,712","2,57,841.08",29,-,-
TCLCONS,BE,24-10-2024,38.5,38.0,38.0,37.73,37.73,37.73,37.98,"3,907","1,48,376.90",22,-,-
TCLCONS,BE,25-10-2024,37.73,37.0,37.0,36.97,36.97,36.97,37.0,"5,576","2,06,306.30",25,-,-
TCLCONS,BE,28-10-2024,36.97,35.12,38.2,35.12,36.99,36.48,35.91,"12,939","4,64,678.35",87,-,-
TCLCONS,BE,29-10-2024,36.48,35.11,38.0,35.11,36.0,36.81,36.88,"3,543","1,30,655.06",54,-,-
TCLCONS,BE,30-10-2024,36.81,36.6,38.65,35.12,37.8,36.94,36.3,"9,113","3,30,814.85",60,-,-
TCLCONS,BE,31-10-2024,36.94,37.68,38.4,35.36,38.0,37.86,36.93,"3,779","1,39,573.12",72,-,-
TCLCONS,BE,01-11-2024,37.86,38.3,38.3,37.0,38.2,38.16,38.16,"1,032","39,383.38",44,-,-
TCLCONS,BE,04-11-2024,38.16,39.88,39.88,36.5,37.99,36.98,37.74,"18,629","7,03,081.26",128,-,-
TCLCONS,BE,05-11-2024,36.98,38.63,38.63,36.05,37.9,37.9,37.76,"11,707","4,42,054.44",100,-,-
TCLCONS,BE,06-11-2024,37.9,39.0,39.61,37.0,38.37,38.07,38.41,"15,342","5,89,263.43",79,-,-
TCLCONS,BE,07-11-2024,38.07,39.0,39.5,38.0,39.5,39.47,39.04,"10,751","4,19,670.86",133,-,-
TCLCONS,BE,08-11-2024,39.47,37.76,39.4,37.76,38.99,38.76,38.77,"3,380","1,31,032.75",65,-,-
TCLCONS,BE,11-11-2024,38.76,40.68,40.68,37.15,37.5,37.5,37.82,"11,764","4,44,967.41",94,-,-
TCLCONS,BE,12-11-2024,37.5,38.25,39.37,35.65,36.5,35.76,36.14,"11,896","4,29,936.86",102,-,-
TCLCONS,BE,13-11-2024,35.76,35.76,35.76,33.97,33.97,33.97,34.15,"15,664","5,34,952.57",126,-,-
TCLCONS,BE,14-11-2024,33.97,35.66,35.66,35.66,35.66,35.66,35.66,"41,143","14,67,159.38",70,-,-
TCLCONS,EQ,18-11-2024,35.66,37.44,37.44,37.44,37.44,37.44,37.44,"5,208","1,94,987.52",24,"5,208",100.00
TCLCONS,EQ,19-11-2024,37.44,38.8,39.31,37.11,39.31,39.31,39.08,"14,410","5,63,165.13",99,"12,185",84.56
TCLCONS,EQ,21-11-2024,39.31,41.15,41.27,38.11,40.1,40.61,40.21,"57,860","23,26,456.16",974,"33,322",57.59
TCLCONS,EQ,22-11-2024,40.61,41.99,42.0,38.57,40.0,39.89,39.1,"84,254","32,94,615.19",553,"50,936",60.46
TCLCONS,EQ,25-11-2024,39.89,41.88,41.88,40.2,40.61,40.97,41.16,"25,110","10,33,551.85",273,"14,893",59.31
TCLCONS,EQ,26-11-2024,40.97,42.97,42.97,40.5,40.85,40.76,41.4,"13,381","5,53,935.21",272,"8,174",61.09
TCLCONS,EQ,27-11-2024,40.76,41.59,41.59,39.01,39.66,40.86,40.07,"21,523","8,62,427.31",324,"13,656",63.45
TCLCONS,EQ,28-11-2024,40.86,41.94,42.9,40.34,42.89,42.89,42.13,"43,607","18,37,348.46",373,"33,464",76.74
TCLCONS,EQ,29-11-2024,42.89,43.86,45.03,42.9,45.03,44.92,44.94,"1,30,597","58,69,044.73",443,"1,11,168",85.12
TCLCONS,EQ,02-12-2024,44.92,47.15,47.16,45.01,47.16,47.16,46.9,"1,53,420","71,94,778.20",715,"98,485",64.19
TCLCONS,EQ,03-12-2024,47.16,47.17,49.3,44.8,46.37,45.66,46.38,"1,50,082","69,60,099.78","1,905","82,262",54.81
TCLCONS,EQ,04-12-2024,45.66,47.75,47.77,43.51,44.7,44.31,45.0,"45,606","20,52,413.42",635,"27,061",59.34
TCLCONS,EQ,05-12-2024,44.31,44.89,46.52,44.51,46.52,46.52,46.21,"75,026","34,66,651.25",650,"47,891",63.83
TCLCONS,EQ,06-12-2024,46.52,48.84,49.98,45.61,48.38,48.16,47.91,"2,67,563","1,28,18,717.84","3,855","1,27,913",47.81
TCLCONS,EQ,09-12-2024,48.16,49.0,49.0,45.0,46.23,46.05,47.15,"71,688","33,79,738.52","1,664","34,147",47.63
TCLCONS,EQ,10-12-2024,46.05,47.49,49.0,43.02,45.08,45.6,46.44,"2,44,829","1,13,70,270.29","3,868","53,285",21.76
TCLCONS,EQ,11-12-2024,45.6,45.4,47.88,45.1,45.32,45.59,46.7,"1,34,200","62,67,035.85","3,718","52,559",39.16
TCLCONS,EQ,12-12-2024,45.59,46.55,47.29,44.01,44.31,44.37,45.3,"78,953","35,76,817.29","1,691","28,070",35.55
TCLCONS,EQ,13-12-2024,44.37,44.37,46.37,42.35,42.99,42.79,43.6,"83,665","36,47,605.98","1,376","36,559",43.70
TCLCONS,EQ,16-12-2024,42.79,43.89,44.94,42.21,43.3,42.63,43.57,"39,233","17,09,397.90",933,"19,273",49.12
TCLCONS,EQ,17-12-2024,42.63,42.63,43.79,42.63,43.04,42.99,42.99,"25,686","11,04,268.35",238,"21,843",85.04
TCLCONS,EQ,18-12-2024,42.99,42.1,43.87,40.2,40.2,40.67,41.23,"44,572","18,37,508.17","1,201","25,549",57.32
TCLCONS,EQ,19-12-2024,40.67,39.05,44.73,38.64,42.6,43.55,41.63,"44,593","18,56,197.20","1,040","23,659",53.06
TCLCONS,EQ,20-12-2024,43.55,44.0,45.27,39.65,39.95,40.07,42.21,"1,56,975","66,26,195.37","2,852","85,615",54.54
TCLCONS,EQ,23-12-2024,40.07,40.07,42.0,37.1,38.64,37.93,39.3,"60,615","23,82,327.41","1,400","31,158",51.40
TCLCONS,EQ,24-12-2024,37.93,38.5,41.0,38.09,39.0,39.24,38.96,"27,221","10,60,502.59",674,"16,359",60.10
TCLCONS,EQ,26-12-2024,39.24,39.95,40.5,39.1,40.35,40.03,39.9,"14,470","5,77,418.85",555,"11,178",77.25
TCLCONS,EQ,27-12-2024,40.03,40.98,41.4,39.25,39.35,39.57,39.8,"16,808","6,68,875.73",534,"10,725",63.81
TCLCONS,EQ,30-12-2024,39.57,39.57,41.0,37.5,37.6,38.26,39.32,"35,991","14,15,181.36","1,142","20,961",58.24
TCLCONS,EQ,31-12-2024,38.26,38.26,42.08,38.26,42.08,42.08,41.02,"1,18,539","48,62,891.33","1,522","36,655",30.92
TCLCONS,EQ,01-01-2025,42.08,46.28,46.28,43.79,46.28,46.28,45.6,"3,38,144","1,54,19,267.49","2,457","1,50,080",44.38
TCLCONS,EQ,02-01-2025,46.28,45.81,50.9,45.81,50.9,50.9,50.04,"2,91,810","1,46,00,938.02","1,430","1,86,717",63.99
TCLCONS,EQ,03-01-2025,50.9,53.44,53.44,48.35,50.9,49.5,51.88,"4,72,007","2,44,86,835.48","2,599","2,80,184",59.36
TCLCONS,EQ,06-01-2025,49.5,49.6,51.39,47.02,47.02,47.02,48.37,"2,16,678","1,04,80,194.36","2,127","1,42,781",65.90
TCLCONS,EQ,07-01-2025,47.02,47.98,49.37,46.36,48.5,48.07,48.2,"1,70,847","82,34,106.34","2,828","75,843",44.39
TCLCONS,EQ,08-01-2025,48.07,48.89,50.47,46.57,47.7,46.87,48.8,"1,48,727","72,57,347.12","2,500","55,577",37.37
TCLCONS,EQ,09-01-2025,46.87,46.99,48.59,45.5,46.5,46.68,46.93,"83,020","38,95,911.77","1,243","51,294",61.79
TCLCONS,EQ,10-01-2025,46.68,47.01,49.01,45.15,48.01,48.27,47.32,"1,46,421","69,29,303.51","1,897","84,107",57.44
TCLCONS,EQ,13-01-2025,48.27,48.31,48.97,45.85,46.62,46.95,46.26,"2,27,651","1,05,32,051.01","2,087","1,13,124",49.69
TCLCONS,EQ,14-01-2025,46.95,47.99,48.89,46.11,47.5,47.6,47.35,"99,624","47,17,364.45","2,121","45,551",45.72
TCLCONS,EQ,15-01-2025,47.6,48.73,49.98,46.0,46.7,46.53,48.55,"1,38,994","67,47,828.14","2,992","82,593",59.42
TCLCONS,EQ,16-01-2025,46.53,46.53,48.85,45.52,48.85,47.94,47.11,"99,428","46,84,485.41","1,581","54,343",54.66
TCLCONS,EQ,17-01-2025,47.94,48.99,50.33,48.51,50.33,50.33,50.15,"1,44,052","72,24,743.93",777,"99,713",69.22
TCLCONS,EQ,20-01-2025,50.33,52.0,52.84,51.35,52.84,52.84,52.65,"3,24,355","1,70,77,300.49","1,048","2,29,302",70.69
TCLCONS,EQ,21-01-2025,52.84,53.9,55.48,53.9,55.48,55.48,55.34,"4,41,233","2,44,18,455.82",945,"2,11,013",47.82
TCLCONS,EQ,22-01-2025,55.48,57.9,57.9,52.7,54.9,54.4,55.01,"4,22,961","2,32,68,537.51","4,863","1,86,882",44.18
TCLCONS,EQ,23-01-2025,54.4,54.4,56.79,52.25,53.7,54.34,54.55,"1,81,086","98,78,447.16","2,432","1,03,760",57.30
TCLCONS,EQ,24-01-2025,54.34,53.11,54.46,51.62,51.62,51.62,52.3,"1,28,353","67,13,209.57","1,397","52,127",40.61
TCLCONS,EQ,27-01-2025,51.62,49.55,50.63,49.03,49.03,49.03,49.36,"34,808","17,18,045.58",298,"24,140",69.35
TCLCONS,EQ,28-01-2025,49.03,48.7,49.99,46.57,49.0,49.46,47.47,"1,14,907","54,54,064.25","1,544","61,736",53.73
TCLCONS,EQ,29-01-2025,49.46,49.0,51.93,47.62,51.93,51.93,51.4,"1,34,476","69,12,324.15","1,469","73,522",54.67
TCLCONS,EQ,30-01-2025,51.93,52.96,54.52,50.51,52.01,52.6,52.91,"94,751","50,13,190.79",938,"39,799",42.00
TCLCONS,EQ,31-01-2025,52.6,52.19,53.79,50.55,52.22,51.56,51.8,"59,931","31,04,683.50","1,148","29,114",48.58
TCLCONS,EQ,01-02-2025,51.56,52.9,52.9,49.62,52.0,50.63,50.99,"76,340","38,92,843.92",962,"29,543",38.70
TCLCONS,EQ,03-02-2025,50.63,51.64,51.64,48.15,49.38,48.85,49.06,"41,645","20,43,017.94",645,"28,929",69.47
TCLCONS,EQ,04-02-2025,48.85,49.03,51.29,49.03,51.29,51.29,51.05,"89,987","45,94,010.20",490,"61,226",68.04
TCLCONS,EQ,05-02-2025,51.29,51.29,53.5,50.15,52.06,52.6,52.31,"1,51,906","79,45,545.57","1,678","56,873",37.44
TCLCONS,EQ,06-02-2025,52.6,53.65,55.39,52.33,54.25,53.85,53.77,"1,17,366","63,10,970.19","1,708","61,289",52.22
TICL,EQ,07-02-2025,53.85,53.25,59.23,53.25,55.98,55.67,56.1,"2,31,361","1,29,79,931.05","2,877","1,33,612",57.75
TICL,EQ,10-02-2025,55.67,57.41,57.41,52.15,55.0,55.06,54.43,"93,978","51,15,186.52","1,084","59,024",62.81
TICL,EQ,11-02-2025,55.06,56.0,56.0,50.53,54.7,54.63,53.48,"60,485","32,34,729.41",813,"31,046",51.33
TICL,EQ,12-02-2025,54.63,54.67,54.89,50.67,53.61,53.93,52.99,"1,26,403","66,97,731.41","1,402","68,727",54.37
TICL,EQ,13-02-2025,53.93,52.35,53.79,51.45,52.95,53.01,52.56,"74,932","39,38,164.63",880,"31,248",41.70
TICL,EQ,14-02-2025,53.01,53.1,55.0,49.01,51.0,51.78,51.37,"77,824","39,98,186.15","1,704","44,198",56.79
TICL,EQ,17-02-2025,51.78,52.94,52.94,47.23,47.35,47.8,48.45,"94,213","45,64,380.93","1,669","42,746",45.37
TICL,EQ,18-02-2025,47.8,48.3,48.3,43.25,43.59,44.76,45.06,"60,038","27,05,403.39","1,068","29,424",49.01
TICL,EQ,19-02-2025,44.76,42.1,47.5,42.1,46.4,46.15,45.66,"39,218","17,90,819.62",898,"13,920",35.49
TICL,EQ,20-02-2025,46.15,44.5,45.94,43.26,45.1,45.53,44.54,"71,577","31,87,883.29","1,171","36,920",51.58
TICL,EQ,21-02-2025,45.53,47.39,47.39,42.1,43.87,43.84,43.85,"62,617","27,45,799.38","1,393","28,761",45.93
TICL,EQ,24-02-2025,43.84,42.2,45.79,40.51,45.0,44.72,43.82,"1,09,367","47,92,501.53","3,412","67,289",61.53
TICL,EQ,25-02-2025,44.72,46.75,46.75,43.82,45.0,44.86,45.27,"57,915","26,21,931.29","1,302","38,991",67.32
TICL,EQ,27-02-2025,44.86,46.19,46.19,41.71,43.0,44.95,43.08,"43,554","18,76,177.68","1,592","15,327",35.19
TICL,EQ,28-02-2025,44.95,44.89,44.89,40.45,40.45,40.45,41.44,"1,41,174","58,50,911.90","1,245","68,021",48.18
TICL,EQ,03-03-2025,40.45,40.45,40.45,36.4,36.59,36.91,37.18,"1,19,077","44,27,798.21","1,257","51,973",43.65
TICL,EQ,04-03-2025,36.91,36.6,38.0,35.09,35.09,35.53,36.29,"47,937","17,39,859.12","1,040","20,666",43.11
TICL,EQ,05-03-2025,35.53,35.6,37.3,35.59,37.2,36.55,36.86,"25,937","9,56,009.94",194,"16,776",64.68
TICL,EQ,06-03-2025,36.55,37.0,38.37,36.81,38.37,38.02,37.65,"19,899","7,49,226.99",656,"11,860",59.60
TICL,EQ,07-03-2025,38.02,38.75,39.0,36.55,36.55,37.23,37.78,"89,475","33,80,373.29","1,639","54,727",61.16
TICL,EQ,10-03-2025,37.23,37.3,38.59,35.36,35.36,35.36,36.22,"37,154","13,45,819.00",619,"28,976",77.99
TICL,EQ,11-03-2025,35.36,35.89,36.48,34.07,34.7,35.08,35.32,"79,248","27,98,896.63","1,388","49,557",62.53
TICL,EQ,12-03-2025,35.08,35.4,35.76,33.32,33.35,33.42,34.01,"48,796","16,59,441.20",632,"28,355",58.11
TICL,EQ,13-03-2025,33.42,34.4,34.58,31.75,31.82,31.96,32.71,"77,704","25,41,936.50","1,177","44,773",57.62
TICL,EQ,17-03-2025,31.96,31.96,33.55,31.08,32.0,32.9,32.31,"27,299","8,82,145.83",603,"14,076",51.56
TICL,EQ,18-03-2025,32.9,33.65,34.54,32.26,34.45,33.94,33.29,"91,840","30,57,425.48","1,248","32,234",35.10
TICL,EQ,19-03-2025,33.94,34.75,35.63,33.0,33.6,33.48,34.13,"76,841","26,22,578.74",871,"39,078",50.86
TICL,EQ,20-03-2025,33.48,34.3,35.12,33.05,33.65,33.6,33.86,"86,281","29,21,134.73","1,029","26,191",30.36
TICL,EQ,21-03-2025,33.6,33.75,35.1,33.7,34.94,34.46,34.38,"28,814","9,90,512.56",490,"13,510",46.89
TICL,EQ,24-03-2025,34.46,34.9,35.59,33.2,33.2,34.44,34.68,"3,20,737","1,11,22,253.12","1,192","2,96,126",92.33
TICL,EQ,25-03-2025,34.44,34.44,34.89,32.71,32.71,32.78,33.19,"68,202","22,63,931.30","1,338","51,332",75.26
TICL,EQ,26-03-2025,32.78,32.78,33.19,32.49,32.86,32.61,32.72,"60,426","19,76,980.55",510,"40,173",66.48
TICL,EQ,27-03-2025,32.61,32.45,32.59,30.97,30.97,30.97,31.45,"1,49,078","46,88,919.09","1,049","1,13,711",76.28
TICL,EQ,28-03-2025,30.97,31.75,32.51,30.5,30.75,31.02,31.51,"57,106","17,99,601.13","1,051","34,557",60.51
TICL,EQ,01-04-2025,31.02,31.64,32.57,31.32,31.7,32.01,32.02,"32,292","10,34,054.32",283,"14,642",45.34
TICL,EQ,02-04-2025,32.01,31.37,32.99,31.37,32.16,32.38,32.31,"12,396","4,00,533.00",445,"4,554",36.74
TICL,EQ,03-04-2025,32.38,32.38,33.39,32.0,32.55,32.34,32.76,"22,854","7,48,687.22",848,"12,689",55.52
TICL,EQ,04-04-2025,32.34,32.52,32.52,31.2,31.95,31.58,31.55,"21,689","6,84,377.77",209,"15,262",70.37
TICL,EQ,07-04-2025,31.58,28.6,32.79,28.6,31.37,32.06,31.7,"42,090","13,34,219.02",724,"31,281",74.32
TICL,EQ,08-04-2025,32.06,33.15,35.26,32.16,33.05,33.61,33.22,"72,499","24,08,704.10","1,410","27,041",37.30
TICL,EQ,09-04-2025,33.61,33.8,34.25,32.5,33.55,33.54,33.42,"47,120","15,74,583.36",887,"22,955",48.72
TICL,EQ,11-04-2025,33.54,33.9,35.4,33.11,34.85,34.49,34.19,"61,088","20,88,341.75",796,"41,590",68.08
TICL,EQ,15-04-2025,34.49,34.85,36.5,34.3,35.5,35.55,35.48,"41,458","14,71,134.48","1,053","23,786",57.37
TICL,EQ,16-04-2025,35.55,35.9,38.61,35.51,38.0,38.27,37.62,"92,740","34,89,124.83","1,486","61,726",66.56
TICL,EQ,17-04-2025,38.27,38.3,39.44,35.49,35.49,37.56,37.73,"55,410","20,90,589.42",834,"37,113",66.98
TICL,EQ,21-04-2025,37.56,37.56,39.4,36.72,37.6,37.58,37.78,"45,852","17,32,086.18",780,"33,850",73.82
TICL,EQ,22-04-2025,37.58,36.68,38.55,35.5,36.95,36.93,36.92,"1,72,810","63,80,365.73","2,272","1,39,527",80.74
TICL,EQ,23-04-2025,36.93,37.1,38.0,36.11,37.8,37.58,37.34,"52,540","19,62,089.71","1,405","27,850",53.01
TICL,EQ,24-04-2025,37.58,37.57,41.33,37.0,39.8,39.36,38.7,"52,676","20,38,439.54","1,316","27,525",52.25
TICL,EQ,25-04-2025,39.36,39.9,40.23,36.01,36.69,37.64,37.79,"1,09,398","41,34,461.46","2,085","46,447",42.46
TICL,EQ,28-04-2025,37.64,36.52,38.73,36.15,36.18,37.51,37.46,"67,917","25,44,301.00","1,546","45,268",66.65
TICL,EQ,29-04-2025,37.51,36.19,38.5,36.01,37.69,37.76,37.2,"92,064","34,24,715.20","2,814","38,945",42.30
TICL,EQ,30-04-2025,37.76,37.69,37.69,35.21,36.1,36.61,36.76,"44,172","16,23,938.75","1,523","28,657",64.88
TICL,EQ,02-05-2025,36.61,35.26,37.0,35.0,35.81,36.25,36.16,"21,977","7,94,650.64",397,"12,240",55.69
TICL,EQ,05-05-2025,36.25,36.63,36.93,35.71,36.01,36.48,36.3,"23,313","8,46,302.04",436,"16,319",70.00
TICL,EQ,06-05-2025,36.48,36.17,38.8,33.11,34.0,35.53,35.28,"69,019","24,34,971.21","1,145","43,378",62.85
TICL,BE,07-05-2025,35.53,34.1,35.5,34.1,35.48,34.91,34.83,"8,889","3,09,564.81",62,-,-
TICL,BE,08-05-2025,34.91,34.91,36.0,34.52,34.52,34.82,35.08,"13,551","4,75,418.21",88,-,-
TICL,BE,09-05-2025,34.82,34.65,35.75,33.07,33.25,33.56,34.07,"11,740","4,00,009.04",83,-,-
TICL,BE,12-05-2025,33.56,34.65,35.2,34.15,35.15,34.59,34.78,"15,546","5,40,742.63",82,-,-
TICL,BE,13-05-2025,34.59,34.6,36.0,34.01,35.7,35.03,35.1,"18,969","6,65,790.18",72,-,-
TICL,BE,14-05-2025,35.03,35.9,36.5,35.0,36.4,35.61,35.56,"17,200","6,11,557.45",80,-,-
TICL,BE,15-05-2025,35.61,35.5,36.49,35.5,35.71,35.77,35.81,"9,327","3,33,993.60",67,-,-
TICL,BE,16-05-2025,35.77,35.2,36.7,35.2,35.98,35.45,35.54,"10,382","3,69,000.22",59,-,-
TICL,BE,19-05-2025,35.45,36.85,36.85,35.5,36.1,35.72,35.88,"13,835","4,96,340.43",85,-,-
TICL,BE,20-05-2025,35.72,35.72,36.39,35.0,35.14,35.29,35.65,"25,175","8,97,369.29",69,-,-
TICL,BE,21-05-2025,35.29,35.0,35.0,33.52,33.52,33.52,33.55,"93,758","31,45,922.00",203,-,-
TICL,BE,22-05-2025,33.52,31.84,31.84,31.84,31.84,31.84,31.84,"15,604","4,96,831.36",109,-,-
TICL,BE,23-05-2025,31.84,30.24,30.24,30.24,30.24,30.24,30.24,"10,154","3,07,056.96",98,-,-
TICL,BE,26-05-2025,30.24,28.72,28.72,28.72,28.72,28.72,28.72,"19,348","5,55,674.56",141,-,-
TICL,BE,27-05-2025,28.72,27.28,27.28,27.28,27.28,27.28,27.28,"42,611","11,62,428.08",139,-,-
TICL,BE,28-05-2025,27.28,25.91,27.7,25.91,27.24,26.78,26.32,"6,96,991","1,83,43,300.27",738,-,-
TICL,BE,29-05-2025,26.78,26.0,26.98,25.56,25.56,25.61,26.0,"1,53,449","39,89,516.67",377,-,-
TICL,BE,30-05-2025,25.61,25.46,26.8,24.5,26.5,26.46,26.27,"73,332","19,26,117.09",270,-,-
TICL,BE,02-06-2025,26.46,26.9,27.37,26.0,26.9,26.73,26.88,"81,365","21,87,474.09",306,-,-
TICL,BE,03-06-2025,26.73,26.73,27.25,25.39,26.68,26.23,26.09,"1,08,253","28,24,491.01",297,-,-
TICL,BE,04-06-2025,26.23,26.26,26.9,24.91,25.6,25.6,25.24,"89,114","22,49,522.18",291,-,-
TICL,BE,05-06-2025,25.6,25.72,25.87,24.7,25.4,25.18,25.2,"26,913","6,78,169.35",170,-,-
TICL,BE,06-06-2025,25.18,25.68,26.43,25.0,26.05,26.28,26.19,"84,672","22,17,838.83",264,-,-
TICL,BE,09-06-2025,26.28,26.9,27.4,26.2,26.85,26.87,26.95,"1,13,510","30,59,162.93",257,-,-
TICL,BE,10-06-2025,26.87,27.05,27.25,26.12,26.5,26.48,26.77,"72,916","19,51,681.62",161,-,-
TICL,BE,11-06-2025,26.48,26.48,27.25,26.1,26.7,26.5,26.58,"57,219","15,20,987.93",155,-,-
TICL,BE,12-06-2025,26.5,26.95,27.34,26.16,26.72,26.79,26.76,"48,199","12,89,918.05",197,-,-
TICL,BE,13-06-2025,26.79,26.98,27.09,25.81,26.95,26.85,26.59,"76,843","20,43,155.23",137,-,-
TICL,BE,16-06-2025,26.85,27.39,27.39,25.5,26.7,26.65,26.44,"1,03,355","27,32,826.47",171,-,-
TICL,BE,17-06-2025,26.65,26.65,26.95,25.51,26.23,26.23,26.24,"66,186","17,36,963.51",172,-,-
TICL,BE,18-06-2025,26.23,26.36,26.36,25.3,25.51,25.55,25.98,"79,395","20,62,690.71",90,-,-
TICL,BE,19-06-2025,25.55,25.51,26.2,25.5,26.04,26.02,26.05,"77,522","20,19,303.41",138,-,-
TICL,BE,20-06-2025,26.02,26.29,26.29,24.79,26.1,25.79,25.94,"56,734","14,71,773.91",107,-,-
TICL,BE,23-06-2025,25.79,25.8,26.27,25.5,26.0,25.77,25.8,"31,250","8,06,323.83",102,-,-
TICL,BE,24-06-2025,25.77,26.1,26.3,25.54,26.29,26.17,26.08,"57,897","15,10,093.62",78,-,-
TICL,BE,25-06-2025,26.17,26.17,26.3,25.76,26.25,26.25,26.07,"35,967","9,37,602.46",101,-,-
TICL,BE,26-06-2025,26.25,25.64,26.3,25.64,26.25,26.07,26.1,"30,467","7,95,201.41",100,-,-
TICL,BE,27-06-2025,26.07,26.3,26.3,25.21,25.81,25.84,26.1,"9,035","2,35,803.46",53,-,-
TICL,BE,30-06-2025,25.84,26.2,27.13,25.77,27.0,27.06,26.91,"2,39,929","64,57,077.62",253,-,-
TICL,BE,01-07-2025,27.06,25.7,26.88,25.7,26.35,26.33,26.18,"2,15,556","56,44,176.31",365,-,-
TICL,BE,02-07-2025,26.33,26.0,26.23,25.15,26.13,26.06,26.01,"1,02,460","26,65,230.00",198,-,-
TICL,BE,03-07-2025,26.06,26.05,26.64,25.91,26.53,26.48,26.22,"72,634","19,04,508.77",141,-,-
TICL,BE,04-07-2025,26.48,26.87,26.87,26.2,26.82,26.63,26.65,"83,228","22,18,112.29",159,-,-
TICL,BE,07-07-2025,26.63,27.29,27.29,25.8,26.78,26.54,26.76,"80,654","21,57,937.06",176,-,-
TICL,BE,08-07-2025,26.54,26.99,26.99,26.0,26.02,26.51,26.53,"1,31,393","34,85,861.46",217,-,-
TICL,BE,09-07-2025,26.51,26.01,26.77,26.0,26.62,26.58,26.57,"68,462","18,19,339.86",117,-,-
TICL,BE,10-07-2025,26.58,26.95,26.98,26.11,26.9,26.89,26.78,"80,437","21,54,292.77",159,-,-
TICL,BE,11-07-2025,26.89,26.15,27.3,26.15,26.8,26.56,26.65,"1,61,303","42,98,725.13",202,-,-
TICL,BE,14-07-2025,26.56,26.99,27.8,26.5,27.49,27.3,27.28,"96,840","26,41,922.98",216,-,-
TICL,BE,15-07-2025,27.3,28.27,28.27,27.25,27.8,27.72,27.67,"49,235","13,62,363.40",145,-,-
TICL,BE,16-07-2025,27.72,28.27,28.35,27.52,28.35,28.14,28.14,"32,050","9,02,006.28",129,-,-
TICL,BE,17-07-2025,28.14,28.28,29.0,28.0,28.98,28.59,28.69,"87,588","25,12,641.72",319,-,-
TICL,BE,18-07-2025,28.59,29.5,30.01,29.0,30.01,30.01,29.78,"1,29,139","38,46,213.82",298,-,-
TICL,BE,21-07-2025,30.01,31.51,31.51,31.51,31.51,31.51,31.51,"41,742","13,15,290.42",76,-,-
TICL,BE,22-07-2025,31.51,33.08,33.08,33.08,33.08,33.08,33.08,"9,626","3,18,428.08",40,-,-
TICL,BE,23-07-2025,33.08,33.74,33.74,33.74,33.74,33.74,33.74,"36,056","12,16,529.44",41,-,-
TICL,BE,24-07-2025,33.74,34.41,34.41,33.06,33.06,33.06,34.22,"1,88,083","64,35,962.50",175,-,-
TICL,BE,25-07-2025,33.06,32.39,32.39,32.39,32.39,32.39,32.39,25195,8.16,62, -, -
TICL,BE,28-07-2025,32.39,31.74,31.74,31.74,31.74,31.74,31.74,29355,9.32,35, -, -
TICL,BE,29-07-2025,31.74,31.1,31.1,31.1,31.1,31.1,31.1,11930,3.71,32, -, -
TICL,BE,30-07-2025,31.1,30.66,31.72,30.66,31.72,31.72,31.0,95352,29.56,84, -, -
TICL,BE,31-07-2025,31.72,31.95,31.95,31.08,31.08,31.08,31.53,20511,6.47,49, -, -
TICL,BE,01-08-2025,31.08,30.45,30.45,30.45,30.45,30.45,30.45,37263,11.35,52, -, -
TICL,BE,04-08-2025,30.45,29.85,30.44,29.85,30.43,30.43,29.94,71654,21.45,102, -, -
TICL,BE,05-08-2025,30.43,30.0,30.44,30.0,30.01,30.01,30.07,72400,21.77,96, -, -
TICL,BE,06-08-2025,30.01,29.4,29.4,29.4,29.4,29.4,29.4,24242,7.13,60, -, -
TICL,BE,07-08-2025,29.4,28.85,28.85,28.81,28.81,28.81,28.82,38211,11.01,66, -, -
TICL,BE,08-08-2025,28.81,28.23,28.23,28.23,28.23,28.23,28.23,5439,1.54,39, -, -
TICL,BE,11-08-2025,28.23,27.66,27.66,27.66,27.66,27.66,27.66,33377,9.23,43, -, -
TICL,BE,12-08-2025,27.66,27.25,28.21,27.25,28.21,28.21,27.34,46311,12.66,55, -, -
TICL,BE,13-08-2025,28.21,27.64,27.67,27.64,27.64,27.64,27.64,132324,36.58,74, -, -
TICL,BE,14-08-2025,27.64,27.77,27.99,27.64,27.64,27.64,27.73,23692,6.57,48, -, -
TICL,BE,18-08-2025,27.64,27.08,27.08,27.08,27.08,27.08,27.08,9890,2.68,56, -, -
TICL,BE,19-08-2025,27.08,26.53,26.53,26.53,26.53,26.53,26.53,50293,13.34,62, -, -
TICL,BE,20-08-2025,26.53,25.99,25.99,25.99,25.99,25.99,25.99,16872,4.39,65, -, -
TICL,BE,21-08-2025,25.99,25.47,26.5,25.47,26.5,26.5,25.84,439964,113.7,119, -, -
TICL,BE,22-08-2025,26.5,25.97,25.97,25.97,25.97,25.97,25.97,133961,34.79,107, -, -
TICL,BE,25-08-2025,25.97,26.0,26.25,26.0,26.02,26.02,26.13,117900,30.81,55, -, -
TICL,BE,26-08-2025,26.02,26.0,26.0,25.8,25.8,25.8,25.89,133579,34.59,73, -, -
TICL,BE,28-08-2025,25.8,25.7,25.7,25.28,25.4,25.4,25.38,90407,22.95,90, -, -
TICL,BE,29-08-2025,25.4,25.01,25.9,24.9,24.9,24.9,25.34,260820,66.09,132, -, -
TICL,BE,01-09-2025,24.9,24.9,26.0,24.0,25.95,25.7,25.03,247870,62.04,298, -, -
TICL,BE,02-09-2025,25.7,26.0,26.15,24.66,25.82,25.9,25.74,274676,70.72,248, -, -
TICL,BE,03-09-2025,25.9,25.15,25.9,25.15,25.64,25.64,25.67,191011,49.04,192, -, -
TICL,BE,04-09-2025,25.64,25.89,25.89,24.35,24.35,24.35,24.92,238686,59.48,308, -, -
TICL,BE,05-09-2025,24.35,23.3,24.5,23.13,23.74,23.58,23.47,219789,51.59,397, -, -
TICL,BE,08-09-2025,23.58,22.5,23.79,22.4,22.5,22.77,22.87,88283,20.19,283, -, -
TICL,BE,09-09-2025,22.77,22.88,23.49,22.29,23.45,23.28,23.08,145615,33.6,256, -, -
TICL,BE,10-09-2025,23.28,23.88,24.44,22.66,24.44,24.43,24.39,578383,141.05,478, -, -
TICL,BE,11-09-2025,24.43,24.5,25.48,24.3,24.8,24.63,25.0,228499,57.13,398, -, -
TICL,BE,12-09-2025,24.63,25.39,25.39,24.1,24.92,24.92,24.96,533861,133.23,285, -, -
TICL,EQ,15-09-2025,24.92,25.49,26.01,24.71,25.0,25.08,25.54,552566,141.13,1420, 458168, 82.92
TICL,EQ,16-09-2025,25.08,25.88,25.88,23.25,24.0,24.27,24.47,245090,59.98,1358, 150643, 61.46
TICL,EQ,17-09-2025,24.27,24.6,24.77,23.76,24.18,24.12,24.28,58976,14.32,616, 38025, 64.48
TICL,EQ,18-09-2025,24.12,24.12,24.6,23.85,24.0,24.31,24.44,782838,191.33,721, 701237, 89.58
TICL,EQ,19-09-2025,24.31,24.6,24.6,22.15,22.25,22.74,23.36,1186772,277.18,2538, 920412, 77.56
TICL,EQ,22-09-2025,22.74,22.95,23.0,21.54,21.81,22.0,22.2,391120,86.82,1532, 245578, 62.79
TICL,EQ,23-09-2025,22.0,22.0,22.65,21.85,22.39,22.22,22.25,95155,21.17,427, 73097, 76.82
TICL,EQ,24-09-2025,22.22,22.6,22.6,20.56,21.0,21.17,21.63,138479,29.96,793, 113596, 82.03
TICL,EQ,25-09-2025,21.17,21.2,22.52,19.35,22.38,22.3,21.05,996822,209.8,2930, 597998, 59.99
TICL,EQ,26-09-2025,22.3,22.4,24.31,21.96,22.9,23.29,22.75,1311994,298.52,2717, 995735, 75.89
TICL,EQ,29-09-2025,23.29,23.5,24.49,22.25,23.87,23.63,23.46,790134,185.39,2047, 493123, 62.41
TICL,EQ,30-09-2025,23.63,23.9,25.9,22.94,25.2,25.28,24.58,1248988,306.98,4973, 853263, 68.32
TICL,EQ,01-10-2025,25.28,25.0,26.83,24.5,25.3,26.1,25.71,1141430,293.44,2772, 704160, 61.69
TICL,EQ,03-10-2025,26.1,25.88,27.45,24.85,25.01,26.46,26.34,1214756,320.02,2296, 719471, 59.23
TICL,EQ,06-10-2025,26.46,25.75,26.4,24.94,25.19,26.0,26.0,1421004,369.46,3093, 768209, 54.06
TICL,EQ,07-10-2025,26.0,25.78,28.6,25.12,27.1,27.74,27.39,1688309,462.4,4939, 1040713, 61.64
TICL,EQ,08-10-2025,27.74,27.0,30.51,26.78,28.5,29.72,29.04,1991463,578.22,5979, 957819, 48.10
TICL,EQ,09-10-2025,29.72,29.49,29.84,27.7,27.7,27.92,28.84,608121,175.41,2672, 304294, 50.04
TICL,EQ,10-10-2025,27.92,27.92,30.69,27.5,29.5,29.93,29.74,1588886,472.54,3626, 824040, 51.86
TICL,EQ,13-10-2025,29.93,29.65,32.25,29.05,31.0,31.51,30.97,1944124,602.01,3595, 1058915, 54.47
TICL,EQ,14-10-2025,31.51,31.48,31.97,30.05,30.6,30.46,31.26,421250,131.67,1573, 232801, 55.26
TICL,EQ,15-10-2025,30.46,31.4,32.96,30.45,30.95,31.05,31.75,1145562,363.74,2644, 737351, 64.37
TICL,EQ,16-10-2025,31.05,31.2,33.39,30.86,32.5,32.81,32.49,1966580,638.93,4147, 1022797, 52.01
TICL,EQ,17-10-2025,32.81,33.0,33.06,32.18,32.2,32.47,32.63,292624,95.5,1367, 189153, 64.64
TICL,EQ,20-10-2025,32.47,32.5,32.75,30.84,30.86,30.99,31.36,393198,123.3,1301, 181592, 46.18
TICL,EQ,21-10-2025,30.99,31.5,31.95,30.85,31.2,31.42,31.39,103118,32.37,524, 70265, 68.40
TICL,EQ,23-10-2025,31.42,31.85,31.85,29.84,29.84,29.84,30.28,300537,91.01,1045, 163470, 54.39
TICL,EQ,24-10-2025,29.84,30.24,30.28,28.68,29.5,29.91,29.56,1476352,436.47,2237, 721999, 48.90
TICL,EQ,27-10-2025,29.91,30.2,30.54,29.5,29.52,30.07,29.99,1613618,483.99,1833, 896343, 55.55
TICL,EQ,28-10-2025,30.07,30.11,30.39,29.5,30.01,30.05,29.78,894628,266.4,1203, 72034, 8.05
TICL,EQ,29-10-2025,30.05,30.05,30.45,29.72,30.1,30.05,30.03,1548961,465.15,1527, 592008, 38.22
TICL,EQ,30-10-2025,30.05,29.8,30.3,29.25,29.79,29.5,29.88,705912,210.92,1177, 65922, 9.34
TICL,EQ,31-10-2025,29.5,29.98,29.98,28.76,29.2,29.26,29.59,504422,149.25,914, 153609, 30.45
TICL,EQ,03-11-2025,29.26,29.15,30.49,28.76,30.45,30.31,29.96,1634880,489.89,1908, 649226, 39.71
TICL,EQ,04-11-2025,30.31,30.44,30.94,29.55,29.8,29.76,30.29,198562,60.14,1021, 111771, 56.29
TICL,EQ,06-11-2025,29.76,29.4,30.78,29.25,30.77,30.18,30.13,2470348,744.34,2773, 915328, 37.05
TICL,EQ,07-11-2025,30.18,30.5,31.47,29.62,31.47,31.25,30.24,1516876,458.69,2184, 823345, 54.28
TICL,EQ,10-11-2025,31.25,31.85,32.78,30.1,32.0,32.5,32.13,1475192,473.93,2471, 563510, 38.20
TICL,EQ,11-11-2025,32.5,33.25,33.99,32.19,32.93,33.43,33.42,1641026,548.39,2565, 635548, 38.73
TICL,EQ,12-11-2025,33.43,32.94,33.8,32.07,33.8,33.13,33.01,1184804,391.14,2829, 722888, 61.01
TICL,EQ,13-11-2025,33.13,33.13,33.7,32.73,32.82,33.06,33.25,2116431,703.76,3957, 590369, 27.89
TICL,BE,14-11-2025,33.06,33.06,33.06,31.51,31.76,31.66,31.94,90110,28.78,257, -, -
