SYMBOL,SERIES,DATE1,PREV_CLOSE,OPEN_PRICE,HIGH_PRICE,LOW_PRICE,LAST_PRICE,CLOSE_PRICE,AVG_PRICE,TTL_TRD_QNTY,TURNOVER_LACS,NO_OF_TRADES,DELIV_QTY,DELIV_PER
TUBEINVEST,EQ,1996-01-01,92.00,92.1,92.1,92.0,-,92.0,92.03,"1,100","1,01,235.00",-,-,-
TUBEINVEST,EQ,1996-01-02,92.00,90.0,92.0,90.0,-,92.0,90.67,150,"13,600.00",-,-,-
TUBEINVEST,EQ,1996-01-03,92.00,92.0,92.0,91.0,-,91.95,91.89,"1,400","1,28,647.50",-,-,-
TUBEINVEST,EQ,1996-01-04,91.95,91.95,90.0,90.0,-,90.0,90.0,50,"4,500.00",-,-,-
TUBEINVEST,EQ,1996-01-05,90.00,90.0,93.0,90.5,-,92.0,91.73,550,"50,450.00",-,-,-
TUBEINVEST,EQ,1996-01-08,92.00,91.0,92.0,91.0,-,92.0,91.5,200,"18,300.00",-,-,-
TUBEINVEST,EQ,1996-01-09,92.00,92.0,90.95,89.0,-,89.7,89.67,750,"67,255.00",-,-,-
TUBEINVEST,EQ,1996-01-10,89.70,89.7,97.95,90.0,-,97.95,93.38,"1,550","1,44,742.50",-,-,-
TUBEINVEST,EQ,1996-01-11,97.95,97.95,107.5,96.95,-,98.6,101.6,"2,300","2,33,690.00",-,-,-
TUBEINVEST,EQ,1996-01-12,98.60,98.6,102.95,98.0,-,98.2,99.66,"2,750","2,74,057.50",-,-,-
TUBEINVEST,EQ,1996-01-15,98.20,98.2,108.5,101.7,-,106.25,106.52,"2,950","3,14,240.00",-,-,-
TUBEINVEST,EQ,1996-01-16,106.25,106.25,117.0,107.0,-,110.0,112.1,"1,450","1,62,542.50",-,-,-
TUBEINVEST,EQ,1996-01-17,110.00,107.0,120.0,107.0,-,112.0,113.84,"1,000","1,13,842.50",-,-,-
TUBEINVEST,EQ,1996-01-18,112.00,112.0,117.0,109.0,-,109.0,112.12,450,"50,452.50",-,-,-
TUBEINVEST,EQ,1996-01-19,109.00,109.0,109.5,105.0,-,106.0,105.01,"90,200","94,71,475.00",-,-,-
TUBEINVEST,EQ,1996-01-22,106.00,106.0,108.95,104.0,-,104.0,106.68,500,"53,340.00",-,-,-
TUBEINVEST,EQ,1996-01-23,104.00,104.0,110.0,100.0,-,107.25,102.28,"25,600","26,18,482.50",-,-,-
TUBEINVEST,EQ,1996-01-24,107.25,107.25,102.6,102.0,-,102.0,102.4,450,"46,080.00",-,-,-
TUBEINVEST,EQ,1996-01-25,102.00,102.0,102.0,99.5,-,102.0,101.25,600,"60,750.00",-,-,-
TUBEINVEST,EQ,1996-01-29,102.00,102.0,100.0,95.0,-,100.0,96.7,500,"48,350.00",-,-,-
TUBEINVEST,EQ,1996-01-30,100.00,100.0,103.0,100.0,-,101.95,100.78,700,"70,547.50",-,-,-
TUBEINVEST,EQ,1996-01-31,101.95,101.0,101.0,97.1,-,97.1,98.75,350,"34,562.50",-,-,-
TUBEINVEST,EQ,1996-02-01,97.10,100.5,102.95,100.0,-,102.8,102.05,700,"71,435.00",-,-,-
TUBEINVEST,EQ,1996-02-02,102.80,102.8,104.0,100.0,-,101.0,101.22,700,"70,852.50",-,-,-
TUBEINVEST,EQ,1996-02-05,101.00,101.0,108.0,105.0,-,108.0,106.95,"1,100","1,17,650.00",-,-,-
TUBEINVEST,EQ,1996-02-06,108.00,108.0,110.0,105.0,-,107.0,107.93,750,"80,950.00",-,-,-
TUBEINVEST,EQ,1996-02-07,107.00,107.0,117.0,105.0,-,105.0,116.98,"1,00,150","1,17,15,950.00",-,-,-
TUBEINVEST,EQ,1996-02-08,105.00,105.0,108.0,108.0,-,108.0,108.0,100,"10,800.00",-,-,-
TUBEINVEST,EQ,1996-02-09,108.00,109.0,114.0,109.0,-,114.0,110.17,500,"55,085.00",-,-,-
TUBEINVEST,EQ,1996-02-12,114.00,114.0,114.5,112.0,-,112.0,113.52,"1,000","1,13,522.50",-,-,-
TUBEINVEST,EQ,1996-02-13,112.00,112.0,113.0,111.0,-,113.0,111.96,600,"67,177.50",-,-,-
TUBEINVEST,EQ,1996-02-14,113.00,113.0,124.0,116.05,-,122.0,121.65,850,"1,03,402.50",-,-,-
TUBEINVEST,EQ,1996-02-15,122.00,123.0,126.95,122.0,-,126.0,125.38,"1,550","1,94,335.00",-,-,-
TUBEINVEST,EQ,1996-02-16,126.00,126.0,134.0,127.5,-,132.0,130.87,"1,200","1,57,045.00",-,-,-
TUBEINVEST,EQ,1996-02-19,132.00,132.0,138.9,132.0,-,133.05,133.51,"2,600","3,47,120.00",-,-,-
TUBEINVEST,EQ,1996-02-20,133.05,133.05,136.0,133.0,-,134.55,133.61,"4,600","6,14,590.00",-,-,-
TUBEINVEST,EQ,1996-02-22,134.55,134.55,136.0,135.0,-,135.0,135.27,"1,650","2,23,200.00",-,-,-
TUBEINVEST,EQ,1996-02-23,135.00,133.0,134.0,133.0,-,133.0,133.25,400,"53,300.00",-,-,-
TUBEINVEST,EQ,1996-02-26,133.00,134.0,135.0,133.0,-,134.7,134.0,"1,500","2,01,000.00",-,-,-
TUBEINVEST,EQ,1996-02-27,134.70,133.0,135.0,133.0,-,135.0,133.74,900,"1,20,370.00",-,-,-
TUBEINVEST,EQ,1996-02-28,135.00,133.05,133.05,130.0,-,131.0,132.68,"1,800","2,38,825.00",-,-,-
TUBEINVEST,EQ,1996-02-29,131.00,127.0,127.0,126.0,-,126.3,126.52,250,"31,630.00",-,-,-
TUBEINVEST,EQ,1996-03-01,126.30,125.0,126.1,125.0,-,125.0,125.35,700,"87,745.00",-,-,-
TUBEINVEST,EQ,1996-03-04,125.00,125.0,125.0,118.0,-,125.0,120.38,650,"78,250.00",-,-,-
TUBEINVEST,EQ,1996-03-06,125.00,125.0,124.0,122.25,-,122.25,123.28,800,"98,625.00",-,-,-
TUBEINVEST,EQ,1996-03-07,122.25,120.5,125.0,120.5,-,123.5,124.1,500,"62,050.00",-,-,-
TUBEINVEST,EQ,1996-03-08,123.50,124.75,131.0,124.75,-,128.95,127.0,"3,350","4,25,465.00",-,-,-
TUBEINVEST,EQ,1996-03-11,128.95,125.0,129.0,125.0,-,129.0,128.29,"3,500","4,49,000.00",-,-,-
TUBEINVEST,EQ,1996-03-12,129.00,129.0,130.0,127.6,-,128.5,128.37,"1,450","1,86,140.00",-,-,-
TUBEINVEST,EQ,1996-03-13,128.50,128.75,128.75,128.0,-,128.0,128.15,600,"76,887.50",-,-,-
TUBEINVEST,EQ,1996-03-14,128.00,128.0,130.0,128.0,-,128.0,128.6,"1,000","1,28,595.00",-,-,-
TUBEINVEST,EQ,1996-03-15,128.00,129.0,129.0,129.0,-,129.0,129.0,100,"12,900.00",-,-,-
TUBEINVEST,EQ,1996-03-18,129.00,129.0,129.0,126.0,-,127.0,127.75,400,"51,100.00",-,-,-
TUBEINVEST,EQ,1996-03-19,127.00,124.0,130.0,124.0,-,127.0,127.31,800,"1,01,850.00",-,-,-
TUBEINVEST,EQ,1996-03-21,127.00,127.0,128.5,127.0,-,128.5,127.83,150,"19,175.00",-,-,-
TUBEINVEST,EQ,1996-03-22,128.50,128.0,132.5,128.0,-,128.5,130.25,"1,150","1,49,787.50",-,-,-
TUBEINVEST,EQ,1996-03-25,128.50,128.5,131.0,128.75,-,130.0,129.32,650,"84,060.00",-,-,-
TUBEINVEST,EQ,1996-03-26,130.00,127.5,131.0,127.5,-,129.5,129.35,650,"84,077.50",-,-,-
TUBEINVEST,EQ,1996-03-28,129.50,129.5,132.0,132.0,-,132.0,132.0,100,"13,200.00",-,-,-
TUBEINVEST,EQ,1996-03-29,132.00,132.0,137.5,135.0,-,136.5,135.21,"2,000","2,70,425.00",-,-,-
TUBEINVEST,EQ,1996-04-01,136.50,136.5,139.0,138.5,-,138.7,138.67,300,"41,600.00",-,-,-
TUBEINVEST,EQ,1996-04-02,138.70,139.0,140.5,139.0,-,140.4,139.42,450,"62,737.50",-,-,-
TUBEINVEST,EQ,1996-04-03,140.40,140.4,146.0,141.2,-,141.2,144.36,600,"86,615.00",-,-,-
TUBEINVEST,EQ,1996-04-04,141.20,138.0,138.0,135.0,-,135.5,136.33,150,"20,450.00",-,-,-
TUBEINVEST,EQ,1996-04-08,135.50,134.7,134.7,133.0,-,133.5,134.2,650,"87,232.50",-,-,-
TUBEINVEST,EQ,1996-04-09,133.50,133.25,140.0,131.95,-,136.95,136.52,"3,200","4,36,870.00",-,-,-
TUBEINVEST,EQ,1996-04-10,136.95,136.0,136.0,132.05,-,132.05,134.03,100,"13,402.50",-,-,-
TUBEINVEST,EQ,1996-04-11,132.05,131.0,133.95,131.0,-,133.95,132.98,200,"26,595.00",-,-,-
TUBEINVEST,EQ,1996-04-12,133.95,133.95,135.0,132.0,-,133.0,133.72,700,"93,602.50",-,-,-
TUBEINVEST,EQ,1996-04-15,133.00,133.0,133.0,130.0,-,130.0,131.01,350,"45,852.50",-,-,-
TUBEINVEST,EQ,1996-04-16,130.00,130.0,129.0,125.75,-,129.0,127.86,450,"57,537.50",-,-,-
TUBEINVEST,EQ,1996-04-17,129.00,130.0,132.0,130.0,-,132.0,131.47,600,"78,880.00",-,-,-
TUBEINVEST,EQ,1996-04-18,132.00,127.0,130.0,127.0,-,129.05,128.42,250,"32,105.00",-,-,-
TUBEINVEST,EQ,1996-04-19,129.05,130.0,132.0,130.0,-,131.05,131.33,"1,450","1,90,432.50",-,-,-
TUBEINVEST,EQ,1996-04-22,131.05,131.05,132.5,125.0,-,126.25,129.49,"1,600","2,07,177.50",-,-,-
TUBEINVEST,EQ,1996-04-23,126.25,126.25,127.9,120.0,-,127.9,123.51,800,"98,805.00",-,-,-
TUBEINVEST,EQ,1996-04-24,127.90,128.0,130.0,125.1,-,130.0,128.59,950,"1,22,160.00",-,-,-
TUBEINVEST,EQ,1996-04-25,130.00,130.0,133.0,129.0,-,129.15,131.22,"1,200","1,57,460.00",-,-,-
TUBEINVEST,EQ,1996-04-26,129.15,129.15,130.0,127.1,-,128.0,128.28,850,"1,09,040.00",-,-,-
TUBEINVEST,EQ,1996-04-29,128.00,128.0,129.0,128.0,-,129.0,128.92,650,"83,800.00",-,-,-
TUBEINVEST,EQ,1996-04-30,129.00,129.0,130.0,126.1,-,127.15,128.08,"1,350","1,72,910.00",-,-,-
TUBEINVEST,EQ,1996-05-01,127.15,127.15,130.05,128.15,-,128.15,129.36,"1,600","2,06,975.00",-,-,-
TUBEINVEST,EQ,1996-05-02,128.15,128.15,130.75,129.05,-,130.75,130.07,650,"84,545.00",-,-,-
TUBEINVEST,EQ,1996-05-03,130.75,130.75,131.5,130.05,-,130.7,130.67,900,"1,17,602.50",-,-,-
TUBEINVEST,EQ,1996-05-06,130.70,130.7,128.95,126.3,-,128.0,127.51,950,"1,21,130.00",-,-,-
TUBEINVEST,EQ,1996-05-07,128.00,128.0,129.95,125.0,-,125.05,127.15,750,"95,360.00",-,-,-
TUBEINVEST,EQ,1996-05-08,125.05,125.05,130.0,127.0,-,130.0,129.48,600,"77,685.00",-,-,-
TUBEINVEST,EQ,1996-05-09,130.00,130.0,127.05,127.0,-,127.0,127.02,300,"38,105.00",-,-,-
TUBEINVEST,EQ,1996-05-10,127.00,129.0,130.0,128.0,-,128.0,128.8,500,"64,400.00",-,-,-
TUBEINVEST,EQ,1996-05-13,128.00,126.0,126.0,124.05,-,126.0,125.72,700,"88,005.00",-,-,-
TUBEINVEST,EQ,1996-05-14,126.00,125.5,125.5,125.0,-,125.5,125.43,350,"43,900.00",-,-,-
TUBEINVEST,EQ,1996-05-16,125.50,129.25,130.5,129.25,-,130.0,129.84,"1,100","1,42,825.00",-,-,-
TUBEINVEST,EQ,1996-05-17,130.00,130.0,131.0,129.0,-,130.0,129.73,"1,050","1,36,215.00",-,-,-
TUBEINVEST,EQ,1996-05-20,130.00,130.0,125.0,125.0,-,125.0,125.0,50,"6,250.00",-,-,-
TUBEINVEST,EQ,1996-05-21,125.00,125.0,125.9,123.0,-,123.5,124.11,900,"1,11,695.00",-,-,-
TUBEINVEST,EQ,1996-05-22,123.50,125.0,125.0,123.2,-,124.1,124.49,350,"43,570.00",-,-,-
TUBEINVEST,EQ,1996-05-23,124.10,124.0,124.0,117.0,-,117.0,120.68,600,"72,405.00",-,-,-
TUBEINVEST,EQ,1996-05-24,117.00,111.0,112.0,111.0,-,112.0,111.8,500,"55,900.00",-,-,-
TUBEINVEST,EQ,1996-05-27,112.00,112.0,112.0,102.1,-,112.0,108.22,550,"59,520.00",-,-,-
TUBEINVEST,EQ,1996-05-28,112.00,109.5,110.0,108.05,-,109.75,109.73,550,"60,352.50",-,-,-
TUBEINVEST,EQ,1996-05-29,109.75,109.75,115.0,111.05,-,114.65,113.14,600,"67,885.00",-,-,-
TUBEINVEST,EQ,1996-05-30,114.65,115.1,115.1,114.0,-,115.0,114.82,250,"28,705.00",-,-,-
TUBEINVEST,EQ,1996-05-31,115.00,110.0,110.0,110.0,-,110.0,110.0,50,"5,500.00",-,-,-
TUBEINVEST,EQ,1996-06-03,110.00,110.0,117.0,107.0,-,117.0,111.45,450,"50,152.50",-,-,-
TUBEINVEST,EQ,1996-06-04,117.00,116.0,116.0,111.0,-,111.0,114.25,200,"22,850.00",-,-,-
TUBEINVEST,EQ,1996-06-05,111.00,115.0,116.0,115.0,-,115.2,115.19,350,"40,317.50",-,-,-
TUBEINVEST,EQ,1996-06-06,115.20,112.5,117.0,112.5,-,114.5,115.5,500,"57,750.00",-,-,-
TUBEINVEST,EQ,1996-06-07,114.50,115.0,117.5,115.0,-,117.0,116.01,"1,250","1,45,017.50",-,-,-
TUBEINVEST,EQ,1996-06-10,117.00,115.0,115.0,112.0,-,113.0,113.6,250,"28,400.00",-,-,-
TUBEINVEST,EQ,1996-06-11,113.00,115.0,115.0,112.0,-,113.1,113.93,"1,350","1,53,810.00",-,-,-
TUBEINVEST,EQ,1996-06-12,113.10,118.0,118.0,112.0,-,112.7,113.6,600,"68,162.50",-,-,-
TUBEINVEST,EQ,1996-06-13,112.70,110.0,113.0,110.0,-,113.0,110.6,"1,050","1,16,125.00",-,-,-
TUBEINVEST,EQ,1996-06-14,113.00,113.0,113.0,108.1,-,110.0,109.86,"2,150","2,36,200.00",-,-,-
TUBEINVEST,EQ,1996-06-17,110.00,113.45,113.45,110.0,-,110.45,111.5,"1,500","1,67,245.00",-,-,-
TUBEINVEST,EQ,1996-06-18,110.45,113.0,113.0,110.05,-,111.0,111.28,900,"1,00,150.00",-,-,-
TUBEINVEST,EQ,1996-06-19,111.00,111.0,111.0,111.0,-,111.0,111.0,100,"11,100.00",-,-,-
TUBEINVEST,EQ,1996-06-20,111.00,111.5,112.5,111.5,-,112.5,111.83,150,"16,775.00",-,-,-
TUBEINVEST,EQ,1996-06-21,112.50,111.0,111.0,110.0,-,110.0,110.22,250,"27,555.00",-,-,-
TUBEINVEST,EQ,1996-06-24,110.00,110.0,110.0,105.0,-,106.0,107.13,400,"42,850.00",-,-,-
TUBEINVEST,EQ,1996-06-25,106.00,106.0,107.0,106.0,-,106.0,106.06,800,"84,850.00",-,-,-
TUBEINVEST,EQ,1996-06-26,106.00,109.0,113.8,108.9,-,108.9,110.57,150,"16,585.00",-,-,-
TUBEINVEST,EQ,1996-06-27,108.90,109.0,109.0,109.0,-,109.0,109.0,100,"10,900.00",-,-,-
TUBEINVEST,EQ,1996-06-28,109.00,107.3,111.9,107.3,-,111.9,109.6,200,"21,920.00",-,-,-
TUBEINVEST,EQ,1996-07-01,111.90,109.95,123.0,109.95,-,123.0,112.48,400,"44,990.00",-,-,-
TUBEINVEST,EQ,1996-07-02,123.00,112.0,112.0,110.7,-,110.7,111.22,650,"72,295.00",-,-,-
TUBEINVEST,EQ,1996-07-03,110.70,107.05,109.5,107.0,-,108.45,108.1,"2,000","2,16,205.00",-,-,-
TUBEINVEST,EQ,1996-07-04,108.45,107.0,107.0,103.25,-,103.65,104.71,600,"62,825.00",-,-,-
TUBEINVEST,EQ,1996-07-05,103.65,105.0,105.25,105.0,-,105.25,105.17,150,"15,775.00",-,-,-
TUBEINVEST,EQ,1996-07-08,-,105.5,105.5,105.5,-,105.5,105.5,50,"5,275.00",-,-,-
TUBEINVEST,EQ,1996-07-09,105.50,105.5,105.5,100.0,-,101.0,102.88,850,"87,447.50",-,-,-
TUBEINVEST,EQ,1996-07-10,101.00,105.0,105.0,102.5,-,102.5,103.64,350,"36,275.00",-,-,-
TUBEINVEST,EQ,1996-07-11,102.50,105.0,105.0,103.0,-,103.0,104.0,100,"10,400.00",-,-,-
TUBEINVEST,EQ,1996-07-12,103.00,101.05,101.15,101.0,-,101.15,101.06,400,"40,425.00",-,-,-
TUBEINVEST,EQ,1996-07-15,101.15,101.0,101.9,101.0,-,101.5,101.47,300,"30,440.00",-,-,-
TUBEINVEST,EQ,1996-07-16,101.50,100.0,101.0,98.0,-,98.0,99.34,"1,600","1,58,950.00",-,-,-
TUBEINVEST,EQ,1996-07-17,98.00,101.0,102.0,101.0,-,102.0,101.68,500,"50,837.50",-,-,-
TUBEINVEST,EQ,1996-07-18,102.00,104.0,104.0,104.0,-,104.0,104.0,100,"10,400.00",-,-,-
TUBEINVEST,EQ,1996-07-19,104.00,101.0,102.95,101.0,-,101.0,101.68,400,"40,672.50",-,-,-
TUBEINVEST,EQ,1996-07-22,101.00,102.8,102.85,101.5,-,101.55,102.26,700,"71,585.00",-,-,-
TUBEINVEST,EQ,1996-07-23,101.55,102.0,103.0,102.0,-,102.1,102.45,700,"71,717.50",-,-,-
TUBEINVEST,EQ,1996-07-26,102.10,102.5,102.5,102.5,-,102.5,102.5,100,"10,250.00",-,-,-
TUBEINVEST,EQ,1996-07-29,102.50,102.0,102.95,102.0,-,102.95,102.63,150,"15,395.00",-,-,-
TUBEINVEST,EQ,1996-07-30,102.95,98.1,101.0,98.1,-,100.0,99.27,500,"49,635.00",-,-,-
TUBEINVEST,EQ,1996-07-31,100.00,102.0,102.95,102.0,-,102.95,102.53,450,"46,137.50",-,-,-
TUBEINVEST,EQ,1996-08-01,102.95,101.0,105.0,99.0,-,105.0,103.9,"26,200","27,22,310.00",-,-,-
TUBEINVEST,EQ,1996-08-02,105.00,104.0,104.0,101.05,-,102.25,103.87,"16,650","17,29,467.50",-,-,-
TUBEINVEST,EQ,1996-08-05,102.25,105.0,105.0,104.0,-,104.2,104.64,350,"36,625.00",-,-,-
TUBEINVEST,EQ,1996-08-06,104.20,102.05,102.05,101.1,-,101.1,101.9,350,"35,665.00",-,-,-
TUBEINVEST,EQ,1996-08-07,101.10,101.0,101.0,101.0,-,101.0,101.0,100,"10,100.00",-,-,-
TUBEINVEST,EQ,1996-08-08,101.00,100.0,101.0,100.0,-,101.0,100.67,150,"15,100.00",-,-,-
TUBEINVEST,EQ,1996-08-09,101.00,101.0,101.0,100.05,-,100.05,100.44,450,"45,197.50",-,-,-
TUBEINVEST,EQ,1996-08-12,100.05,101.0,101.0,100.95,-,100.95,100.97,150,"15,145.00",-,-,-
TUBEINVEST,EQ,1996-08-13,100.95,100.0,101.55,99.0,-,99.0,99.9,750,"74,927.50",-,-,-
TUBEINVEST,EQ,1996-08-14,99.00,100.5,100.5,98.05,-,98.15,99.45,450,"44,752.50",-,-,-
TUBEINVEST,EQ,1996-08-16,98.15,96.05,97.45,95.0,-,97.45,96.07,350,"33,625.00",-,-,-
TUBEINVEST,EQ,1996-08-19,97.45,97.0,97.0,97.0,-,97.0,97.0,300,"29,100.00",-,-,-
TUBEINVEST,EQ,1996-08-20,97.00,90.0,92.45,90.0,-,90.4,90.35,750,"67,765.00",-,-,-
TUBEINVEST,EQ,1996-08-21,90.40,93.0,93.0,93.0,-,93.0,93.0,100,"9,300.00",-,-,-
TUBEINVEST,EQ,1996-08-22,93.00,94.0,96.0,93.25,-,93.25,93.88,700,"65,715.00",-,-,-
TUBEINVEST,EQ,1996-08-26,93.25,90.0,94.0,90.0,-,94.0,93.2,250,"23,300.00",-,-,-
TUBEINVEST,EQ,1996-08-27,94.00,92.1,92.95,92.05,-,92.5,92.51,250,"23,127.50",-,-,-
TUBEINVEST,EQ,1996-08-28,92.50,93.4,93.4,93.25,-,93.25,93.3,300,"27,990.00",-,-,-
TUBEINVEST,EQ,1996-08-29,93.25,95.4,95.4,91.0,-,91.05,93.58,550,"51,470.00",-,-,-
TUBEINVEST,EQ,1996-08-30,91.05,91.0,91.0,91.0,-,91.0,91.0,50,"4,550.00",-,-,-
TUBEINVEST,EQ,1996-09-02,91.00,91.5,91.9,90.0,-,91.0,91.04,350,"31,865.00",-,-,-
TUBEINVEST,EQ,1996-09-03,91.00,92.0,92.0,90.0,-,90.0,90.69,"1,050","95,227.50",-,-,-
TUBEINVEST,EQ,1996-09-04,90.00,85.0,89.95,85.0,-,87.0,87.32,150,"13,097.50",-,-,-
TUBEINVEST,EQ,1996-09-05,87.00,88.0,89.0,87.5,-,89.0,88.27,650,"57,375.00",-,-,-
TUBEINVEST,EQ,1996-09-06,89.00,89.0,89.3,87.0,-,87.75,87.86,850,"74,682.50",-,-,-
TUBEINVEST,EQ,1996-09-09,87.75,85.0,90.05,84.0,-,85.8,87.93,"4,850","4,26,452.50",-,-,-
TUBEINVEST,EQ,1996-09-10,85.80,85.0,88.0,84.0,-,88.0,85.74,"1,400","1,20,042.50",-,-,-
TUBEINVEST,EQ,1996-09-11,88.00,88.0,88.0,87.0,-,87.0,87.02,"2,050","1,78,400.00",-,-,-
TUBEINVEST,EQ,1996-09-12,87.00,87.4,87.4,85.0,-,86.5,85.41,"1,600","1,36,650.00",-,-,-
TUBEINVEST,EQ,1996-09-13,86.50,86.45,86.5,86.45,-,86.5,86.49,300,"25,947.50",-,-,-
TUBEINVEST,EQ,1996-09-17,86.50,90.0,90.0,87.0,-,87.0,88.81,250,"22,202.50",-,-,-
TUBEINVEST,EQ,1996-09-18,87.00,87.0,87.0,87.0,-,87.0,87.0,100,"8,700.00",-,-,-
TUBEINVEST,EQ,1996-09-19,87.00,87.0,87.25,87.0,-,87.15,87.12,350,"30,492.50",-,-,-
TUBEINVEST,EQ,1996-09-20,87.15,86.0,86.0,83.15,-,83.15,84.27,300,"25,280.00",-,-,-
TUBEINVEST,EQ,1996-09-23,83.15,85.0,85.0,84.5,-,85.0,84.83,300,"25,450.00",-,-,-
TUBEINVEST,EQ,1996-09-24,85.00,83.0,87.5,83.0,-,84.1,84.1,500,"42,047.50",-,-,-
TUBEINVEST,EQ,1996-09-25,84.10,88.9,88.9,86.0,-,86.0,87.45,100,"8,745.00",-,-,-
TUBEINVEST,EQ,1996-09-27,86.00,84.0,85.0,84.0,-,84.0,84.19,"2,000","1,68,370.00",-,-,-
TUBEINVEST,EQ,1996-09-30,84.00,80.25,83.65,80.25,-,83.6,80.95,"1,250","1,01,185.00",-,-,-
TUBEINVEST,EQ,1996-10-01,83.60,81.0,84.0,81.0,-,84.0,82.43,700,"57,700.00",-,-,-
TUBEINVEST,EQ,1996-10-03,84.00,81.3,83.9,81.25,-,83.9,82.31,250,"20,577.50",-,-,-
TUBEINVEST,EQ,1996-10-04,83.90,80.0,80.0,78.45,-,79.0,78.95,500,"39,475.00",-,-,-
TUBEINVEST,EQ,1996-10-07,79.00,78.0,78.9,78.0,-,78.25,78.47,650,"51,007.50",-,-,-
TUBEINVEST,EQ,1996-10-08,78.25,78.0,78.0,75.5,-,76.0,76.5,350,"26,775.00",-,-,-
TUBEINVEST,EQ,1996-10-09,76.00,77.0,78.0,77.0,-,78.0,77.99,"3,450","2,69,050.00",-,-,-
TUBEINVEST,EQ,1996-10-10,78.00,81.9,82.0,78.0,-,79.3,79.87,"1,400","1,11,822.50",-,-,-
TUBEINVEST,EQ,1996-10-11,79.30,79.15,81.0,79.1,-,80.0,80.03,600,"48,020.00",-,-,-
TUBEINVEST,EQ,1996-10-14,80.00,80.0,80.0,80.0,-,80.0,80.0,100,"8,000.00",-,-,-
TUBEINVEST,EQ,1996-10-15,80.00,78.95,79.0,76.0,-,76.7,78.24,"1,100","86,067.50",-,-,-
TUBEINVEST,EQ,1996-10-16,76.70,77.0,77.0,75.5,-,75.95,76.09,400,"30,435.00",-,-,-
TUBEINVEST,EQ,1996-10-17,75.95,75.5,76.5,75.5,-,76.0,76.17,300,"22,850.00",-,-,-
TUBEINVEST,EQ,1996-10-18,76.00,75.3,75.3,75.3,-,75.3,75.3,50,"3,765.00",-,-,-
TUBEINVEST,EQ,1996-10-22,75.30,75.3,80.05,75.3,-,80.05,78.78,500,"39,387.50",-,-,-
TUBEINVEST,EQ,1996-10-23,80.05,84.45,85.6,84.0,-,85.6,85.03,"4,850","4,12,372.50",-,-,-
TUBEINVEST,EQ,1996-10-24,85.60,87.5,91.15,86.05,-,88.0,87.94,"2,000","1,75,877.50",-,-,-
TUBEINVEST,EQ,1996-10-25,88.00,85.5,89.5,83.25,-,87.85,87.2,"7,100","6,19,145.00",-,-,-
TUBEINVEST,EQ,1996-10-28,87.85,85.25,88.0,85.0,-,86.55,86.66,"2,750","2,38,320.00",-,-,-
TUBEINVEST,EQ,1996-10-29,86.55,84.5,86.0,81.0,-,82.0,83.51,"7,300","6,09,615.00",-,-,-
TUBEINVEST,EQ,1996-10-31,82.00,80.25,80.5,79.6,-,80.15,79.71,"2,800","2,23,185.00",-,-,-
TUBEINVEST,EQ,1996-11-01,80.15,82.0,84.6,82.0,-,84.5,84.05,"2,750","2,31,125.00",-,-,-
TUBEINVEST,EQ,1996-11-04,84.50,83.4,84.4,81.55,-,81.55,83.25,800,"66,600.00",-,-,-
TUBEINVEST,EQ,1996-11-05,81.55,80.0,83.6,80.0,-,83.6,82.69,"6,000","4,96,137.50",-,-,-
TUBEINVEST,EQ,1996-11-06,83.60,80.0,83.0,79.95,-,83.0,81.4,"1,100","89,542.50",-,-,-
TUBEINVEST,EQ,1996-11-07,83.00,80.0,83.25,80.0,-,82.0,81.93,"2,100","1,72,060.00",-,-,-
TUBEINVEST,EQ,1996-11-08,82.00,84.75,84.75,84.75,-,84.75,84.75,350,"29,662.50",-,-,-
TUBEINVEST,EQ,1996-11-11,84.75,85.25,85.25,80.5,-,81.15,82.09,"1,150","94,402.50",-,-,-
TUBEINVEST,EQ,1996-11-13,81.15,84.25,84.25,80.5,-,83.25,80.72,"3,250","2,62,327.50",-,-,-
TUBEINVEST,EQ,1996-11-14,83.25,82.95,82.95,80.5,-,82.9,80.67,"3,150","2,54,117.50",-,-,-
TUBEINVEST,EQ,1996-11-15,82.90,82.0,82.0,79.6,-,80.0,79.76,"3,300","2,63,200.00",-,-,-
TUBEINVEST,EQ,1996-11-18,80.00,80.75,80.75,80.0,-,80.2,80.59,"3,300","2,65,937.50",-,-,-
TUBEINVEST,EQ,1996-11-19,80.20,79.0,79.0,75.3,-,75.3,77.45,550,"42,595.00",-,-,-
TUBEINVEST,EQ,1996-11-20,75.30,76.0,78.25,76.0,-,77.65,77.63,650,"50,462.50",-,-,-
TUBEINVEST,EQ,1996-11-21,77.65,78.5,78.5,73.0,-,74.95,74.92,"1,500","1,12,377.50",-,-,-
TUBEINVEST,EQ,1996-11-22,74.95,71.5,72.8,70.0,-,70.0,70.18,"26,800","18,80,830.00",-,-,-
TUBEINVEST,EQ,1996-11-25,70.00,70.0,71.0,69.75,-,69.8,70.36,800,"56,287.50",-,-,-
TUBEINVEST,EQ,1996-11-26,69.80,71.0,71.0,69.25,-,69.45,69.85,"2,250","1,57,165.00",-,-,-
TUBEINVEST,EQ,1996-11-27,69.45,68.5,70.0,67.5,-,68.0,69.35,"3,000","2,08,047.50",-,-,-
TUBEINVEST,EQ,1996-11-28,68.00,70.0,70.0,64.0,-,68.0,68.12,"40,800","27,79,242.50",-,-,-
TUBEINVEST,EQ,1996-11-29,68.00,67.0,67.0,66.0,-,66.0,66.42,550,"36,530.00",-,-,-
TUBEINVEST,EQ,1996-12-02,66.00,62.0,66.35,62.0,-,66.05,64.44,750,"48,330.00",-,-,-
TUBEINVEST,EQ,1996-12-03,66.05,65.3,65.3,63.05,-,63.05,63.92,550,"35,157.50",-,-,-
TUBEINVEST,EQ,1996-12-04,63.05,63.1,64.8,63.0,-,64.4,63.58,700,"44,502.50",-,-,-
TUBEINVEST,EQ,1996-12-05,64.40,64.85,64.85,64.0,-,64.0,64.43,300,"19,327.50",-,-,-
TUBEINVEST,EQ,1996-12-06,64.00,68.5,68.5,67.5,-,67.5,68.19,"2,500","1,70,485.00",-,-,-
TUBEINVEST,EQ,1996-12-09,67.50,67.0,68.0,64.05,-,65.5,66.06,"2,600","1,71,765.00",-,-,-
TUBEINVEST,EQ,1996-12-10,65.50,65.05,65.05,62.55,-,62.7,64.27,950,"61,052.50",-,-,-
TUBEINVEST,EQ,1996-12-11,62.70,63.05,63.05,61.0,-,61.8,62.35,"6,200","3,86,557.50",-,-,-
TUBEINVEST,EQ,1996-12-12,61.80,62.5,63.5,62.5,-,62.5,62.92,600,"37,750.00",-,-,-
TUBEINVEST,EQ,1996-12-13,62.50,63.0,64.0,62.15,-,62.15,62.38,"3,800","2,37,040.00",-,-,-
TUBEINVEST,EQ,1996-12-16,62.15,62.9,64.7,62.9,-,64.0,64.01,"12,050","7,71,327.50",-,-,-
TUBEINVEST,EQ,1996-12-17,64.00,64.0,64.0,62.35,-,62.35,62.81,"5,400","3,39,180.00",-,-,-
TUBEINVEST,EQ,1996-12-18,62.35,63.0,63.2,62.0,-,62.4,62.65,"2,600","1,62,880.00",-,-,-
TUBEINVEST,EQ,1996-12-19,62.40,63.5,63.7,61.5,-,62.5,62.54,"16,500","10,31,900.00",-,-,-
TUBEINVEST,EQ,1996-12-20,62.50,63.95,64.0,63.0,-,63.3,63.37,"3,250","2,05,947.50",-,-,-
TUBEINVEST,EQ,1996-12-23,63.30,64.5,64.55,63.0,-,63.0,63.72,"2,600","1,65,680.00",-,-,-
TUBEINVEST,EQ,1996-12-24,63.00,63.25,63.45,62.75,-,63.0,62.95,"3,400","2,14,025.00",-,-,-
TUBEINVEST,EQ,1996-12-26,63.00,65.0,65.85,62.0,-,62.75,63.07,"9,950","6,27,525.00",-,-,-
TUBEINVEST,EQ,1996-12-31,62.75,62.25,63.95,62.0,-,63.35,62.29,"34,750","21,64,560.00",-,-,-
TUBEINVEST,EQ,1997-01-01,63.35,63.5,67.7,63.05,-,66.7,64.76,"15,650","10,13,567.50",-,-,-
TUBEINVEST,EQ,1997-01-02,66.7,70.85,70.95,65.0,-,66.55,66.6,"8,900","5,92,732.50",-,-,-
TUBEINVEST,EQ,1997-01-03,66.55,69.9,71.1,66.0,-,68.55,68.02,"12,500","8,50,217.50",-,-,-
TUBEINVEST,EQ,1997-01-06,68.55,70.95,72.0,70.0,-,70.05,70.91,"8,950","6,34,677.50",-,-,-
TUBEINVEST,EQ,1997-01-07,70.05,70.0,70.8,67.65,-,67.8,68.99,"13,200","9,10,710.00",-,-,-
TUBEINVEST,EQ,1997-01-08,67.8,71.5,72.55,70.3,-,72.55,72.12,"4,400","3,17,307.50",-,-,-
TUBEINVEST,EQ,1997-01-09,72.55,72.5,74.0,69.5,-,70.8,70.59,"8,750","6,17,652.50",-,-,-
TUBEINVEST,EQ,1997-01-10,70.8,73.7,74.0,69.0,-,70.15,70.5,"30,100","21,22,017.50",-,-,-
TUBEINVEST,EQ,1997-01-13,70.15,67.8,73.9,67.8,-,73.5,68.8,"24,500","16,85,707.50",-,-,-
TUBEINVEST,EQ,1997-01-14,73.5,75.95,78.45,73.75,-,74.1,74.02,"48,550","35,93,660.00",-,-,-
TUBEINVEST,EQ,1997-01-15,74.1,77.5,78.45,75.0,-,78.4,77.11,"11,250","8,67,525.00",-,-,-
TUBEINVEST,EQ,1997-01-16,78.4,79.25,83.5,73.35,-,76.7,79.82,"13,200","10,53,672.50",-,-,-
TUBEINVEST,EQ,1997-01-17,76.7,75.5,76.0,72.5,-,75.3,74.52,"12,100","9,01,707.50",-,-,-
TUBEINVEST,EQ,1997-01-20,75.3,76.0,76.0,73.0,-,73.9,74.15,"4,050","3,00,302.50",-,-,-
TUBEINVEST,EQ,1997-01-21,73.9,72.5,74.0,72.25,-,73.85,73.24,"7,600","5,56,632.50",-,-,-
TUBEINVEST,EQ,1997-01-22,73.85,73.25,74.0,73.25,-,74.0,73.73,"2,200","1,62,205.00",-,-,-
TUBEINVEST,EQ,1997-01-24,74.0,74.0,74.95,70.0,-,74.75,73.63,"11,400","8,39,412.50",-,-,-
TUBEINVEST,EQ,1997-01-27,74.75,74.0,74.5,73.25,-,74.2,74.09,900,"66,677.50",-,-,-
TUBEINVEST,EQ,1997-01-28,74.2,73.0,74.75,73.0,-,74.2,74.25,"9,000","6,68,275.00",-,-,-
TUBEINVEST,EQ,1997-01-29,74.2,74.55,74.9,74.0,-,74.4,74.43,"9,450","7,03,392.50",-,-,-
TUBEINVEST,EQ,1997-01-30,74.4,74.05,74.25,73.75,-,74.0,73.93,"1,700","1,25,677.50",-,-,-
TUBEINVEST,EQ,1997-01-31,74.0,73.75,74.0,73.5,-,73.95,73.72,"3,350","2,46,975.00",-,-,-
TUBEINVEST,EQ,1997-02-03,73.95,72.5,72.5,70.0,-,71.7,71.28,"3,650","2,60,165.00",-,-,-
TUBEINVEST,EQ,1997-02-04,71.7,70.5,71.5,70.0,-,71.05,70.64,"2,200","1,55,417.50",-,-,-
TUBEINVEST,EQ,1997-02-05,71.05,71.5,71.5,69.75,-,70.05,70.1,"5,050","3,54,030.00",-,-,-
TUBEINVEST,EQ,1997-02-06,70.05,69.05,69.05,67.5,-,67.5,67.57,"4,450","3,00,707.50",-,-,-
TUBEINVEST,EQ,1997-02-07,67.5,68.5,68.75,67.7,-,67.7,67.91,"4,500","3,05,572.50",-,-,-
TUBEINVEST,EQ,1997-02-10,67.7,68.5,69.65,68.05,-,68.5,69.15,"1,650","1,14,095.00",-,-,-
TUBEINVEST,EQ,1997-02-11,68.5,68.0,68.0,67.0,-,67.5,67.52,"1,050","70,895.00",-,-,-
TUBEINVEST,EQ,1997-02-12,67.5,66.0,68.0,66.0,-,68.0,67.78,"1,200","81,335.00",-,-,-
TUBEINVEST,EQ,1997-02-13,68.0,68.95,72.0,68.95,-,69.0,69.71,750,"52,282.50",-,-,-
TUBEINVEST,EQ,1997-02-14,69.0,69.75,70.0,68.0,-,70.0,69.02,"5,250","3,62,347.50",-,-,-
TUBEINVEST,EQ,1997-02-17,70.0,66.05,69.0,66.0,-,68.25,67.58,550,"37,170.00",-,-,-
TUBEINVEST,EQ,1997-02-18,68.25,69.0,69.0,67.8,-,68.65,68.54,"3,650","2,50,182.50",-,-,-
TUBEINVEST,EQ,1997-02-19,68.65,68.0,68.5,65.0,-,66.55,66.97,"8,900","5,96,002.50",-,-,-
TUBEINVEST,EQ,1997-02-20,66.55,67.7,67.7,65.15,-,65.7,66.36,"2,250","1,49,320.00",-,-,-
TUBEINVEST,EQ,1997-02-21,65.7,66.0,66.0,63.75,-,63.75,63.95,"3,850","2,46,222.50",-,-,-
TUBEINVEST,EQ,1997-02-24,63.75,63.25,63.25,60.0,-,60.25,61.16,"1,400","85,620.00",-,-,-
TUBEINVEST,EQ,1997-02-25,60.25,60.0,61.5,59.0,-,60.05,60.4,"2,550","1,54,032.50",-,-,-
TUBEINVEST,EQ,1997-02-26,60.05,61.0,62.5,61.0,-,61.75,61.74,700,"43,217.50",-,-,-
TUBEINVEST,EQ,1997-02-27,61.75,62.0,62.0,59.0,-,59.0,60.26,"3,950","2,38,027.50",-,-,-
TUBEINVEST,EQ,1997-02-28,59.0,62.0,62.0,62.0,-,62.0,62.0,100,"6,200.00",-,-,-
TUBEINVEST,EQ,1997-03-01,60.75,64.0,65.0,62.5,-,63.4,63.89,"9,400","6,00,532.50",-,-,-
TUBEINVEST,EQ,1997-03-03,63.4,65.95,67.75,63.0,-,63.0,64.96,"14,850","9,64,600.00",-,-,-
TUBEINVEST,EQ,1997-03-04,63.0,65.0,65.9,61.0,-,62.3,62.87,"22,850","14,36,675.00",-,-,-
TUBEINVEST,EQ,1997-03-05,62.3,65.0,65.5,61.5,-,61.75,62.79,"29,350","18,42,800.00",-,-,-
TUBEINVEST,EQ,1997-03-06,61.75,63.0,64.5,62.0,-,62.55,63.51,"8,100","5,14,412.50",-,-,-
TUBEINVEST,EQ,1997-03-10,62.55,62.8,64.0,60.0,-,60.0,61.12,"4,300","2,62,805.00",-,-,-
TUBEINVEST,EQ,1997-03-11,60.0,58.0,58.95,57.15,-,58.0,57.72,"6,800","3,92,477.50",-,-,-
TUBEINVEST,EQ,1997-03-12,58.0,62.1,62.1,62.1,-,62.1,62.1,"13,250","8,22,825.00",-,-,-
TUBEINVEST,EQ,1997-03-13,62.1,62.1,63.45,62.1,-,62.25,62.69,"6,250","3,91,815.00",-,-,-
TUBEINVEST,EQ,1997-03-14,62.25,63.0,63.0,62.3,-,62.45,62.69,"2,950","1,84,937.50",-,-,-
TUBEINVEST,EQ,1997-03-17,62.45,63.5,63.5,61.5,-,61.5,62.1,"2,650","1,64,570.00",-,-,-
TUBEINVEST,EQ,1997-03-18,61.5,61.75,61.75,60.85,-,61.25,61.12,"3,900","2,38,350.00",-,-,-
TUBEINVEST,EQ,1997-03-19,61.25,60.05,61.0,57.0,-,59.4,59.55,"6,100","3,63,267.50",-,-,-
TUBEINVEST,EQ,1997-03-20,59.4,57.5,58.75,57.2,-,58.3,58.17,"5,000","2,90,845.00",-,-,-
TUBEINVEST,EQ,1997-03-21,58.3,58.2,58.25,58.0,-,58.25,58.14,550,"31,977.50",-,-,-
TUBEINVEST,EQ,1997-03-25,58.25,58.3,58.5,56.9,-,57.2,57.62,"5,100","2,93,842.50",-,-,-
TUBEINVEST,EQ,1997-03-26,57.2,57.25,57.7,57.0,-,57.6,57.35,950,"54,482.50",-,-,-
TUBEINVEST,EQ,1997-03-27,57.6,57.0,57.3,56.3,-,57.05,56.69,"1,600","90,710.00",-,-,-
TUBEINVEST,EQ,1997-03-31,57.05,53.4,53.4,53.1,-,53.3,53.17,"1,300","69,115.00",-,-,-
TUBEINVEST,EQ,1997-04-01,53.3,53.05,53.05,50.65,-,52.25,51.68,"4,350","2,24,825.00",-,-,-
TUBEINVEST,EQ,1997-04-02,52.25,53.45,54.3,53.0,-,53.95,53.54,"1,250","66,930.00",-,-,-
TUBEINVEST,EQ,1997-04-03,53.95,54.0,57.7,52.65,-,52.9,53.76,"24,850","13,35,937.50",-,-,-
TUBEINVEST,EQ,1997-04-04,52.9,50.6,52.35,50.25,-,50.6,50.72,"16,050","8,14,030.00",-,-,-
TUBEINVEST,EQ,1997-04-07,50.6,50.1,50.1,47.1,-,47.25,47.98,"11,300","5,42,227.50",-,-,-
TUBEINVEST,EQ,1997-04-09,47.25,50.0,50.4,46.5,-,47.0,47.77,"13,650","6,52,052.50",-,-,-
TUBEINVEST,EQ,1997-04-10,47.0,46.0,49.0,46.0,-,47.85,47.13,"20,300","9,56,717.50",-,-,-
TUBEINVEST,EQ,1997-04-11,47.85,46.0,48.4,46.0,-,48.0,47.38,"4,550","2,15,572.50",-,-,-
TUBEINVEST,EQ,1997-04-12,48.0,47.0,48.0,46.95,-,47.8,47.71,"1,150","54,862.50",-,-,-
TUBEINVEST,EQ,1997-04-15,47.8,48.05,48.05,46.55,-,47.55,47.79,"5,550","2,65,252.50",-,-,-
TUBEINVEST,EQ,1997-04-17,47.55,49.0,50.0,48.25,-,49.6,49.21,"3,950","1,94,382.50",-,-,-
TUBEINVEST,EQ,1997-04-21,49.6,53.0,53.0,49.35,-,51.0,50.82,"2,400","1,21,957.50",-,-,-
TUBEINVEST,EQ,1997-04-22,51.0,52.65,52.95,49.65,-,50.75,51.19,"3,550","1,81,712.50",-,-,-
TUBEINVEST,EQ,1997-04-23,50.75,50.1,51.0,48.0,-,50.2,49.92,"7,600","3,79,420.00",-,-,-
TUBEINVEST,EQ,1997-04-24,50.2,50.3,50.3,48.65,-,49.0,49.45,"1,150","56,862.50",-,-,-
TUBEINVEST,EQ,1997-04-25,49.0,48.75,49.0,48.0,-,48.5,48.49,"1,400","67,890.00",-,-,-
TUBEINVEST,EQ,1997-04-28,48.5,48.65,48.65,47.3,-,47.9,47.79,"2,450","1,17,075.00",-,-,-
TUBEINVEST,EQ,1997-04-29,47.9,47.0,47.45,45.0,-,45.05,45.92,"4,800","2,20,395.00",-,-,-
TUBEINVEST,EQ,1997-04-30,45.05,47.75,47.75,46.5,-,46.9,46.76,"2,150","1,00,542.50",-,-,-
TUBEINVEST,EQ,1997-05-02,46.9,46.0,46.45,46.0,-,46.45,46.24,"1,450","67,050.00",-,-,-
TUBEINVEST,EQ,1997-05-05,46.45,45.0,45.0,43.5,-,44.35,44.5,"1,550","68,972.50",-,-,-
TUBEINVEST,EQ,1997-05-06,44.35,44.0,44.55,42.0,-,43.1,43.41,"4,800","2,08,372.50",-,-,-
TUBEINVEST,EQ,1997-05-07,43.1,43.95,43.95,43.0,-,43.4,43.55,"1,500","65,320.00",-,-,-
TUBEINVEST,EQ,1997-05-08,43.4,43.0,45.05,43.0,-,45.05,44.19,"3,500","1,54,670.00",-,-,-
TUBEINVEST,EQ,1997-05-09,45.05,46.0,47.75,45.9,-,46.25,46.56,"4,250","1,97,890.00",-,-,-
TUBEINVEST,EQ,1997-05-12,46.25,46.25,47.0,46.25,-,46.3,46.5,"1,100","51,155.00",-,-,-
TUBEINVEST,EQ,1997-05-13,46.3,46.1,46.75,46.05,-,46.3,46.34,"3,600","1,66,837.50",-,-,-
TUBEINVEST,EQ,1997-05-14,46.3,46.3,46.3,45.95,-,45.95,46.07,950,"43,767.50",-,-,-
TUBEINVEST,EQ,1997-05-15,45.95,46.0,46.5,46.0,-,46.2,46.26,"1,000","46,262.50",-,-,-
TUBEINVEST,EQ,1997-05-16,46.2,46.0,46.2,45.55,-,45.7,45.92,950,"43,625.00",-,-,-
TUBEINVEST,EQ,1997-05-19,45.7,45.2,45.75,45.0,-,45.75,45.29,400,"18,115.00",-,-,-
TUBEINVEST,EQ,1997-05-20,45.75,45.5,46.0,44.0,-,44.3,45.13,"3,450","1,55,682.50",-,-,-
TUBEINVEST,EQ,1997-05-21,44.3,45.25,45.9,45.25,-,45.25,45.62,500,"22,810.00",-,-,-
TUBEINVEST,EQ,1997-05-22,45.25,44.75,45.75,44.75,-,44.95,45.1,550,"24,805.00",-,-,-
TUBEINVEST,EQ,1997-05-23,44.95,44.15,45.0,44.15,-,45.0,44.27,350,"15,495.00",-,-,-
TUBEINVEST,EQ,1997-05-26,45.0,44.9,45.0,41.85,-,41.85,43.54,"2,800","1,21,912.50",-,-,-
TUBEINVEST,EQ,1997-05-27,41.85,42.0,43.4,42.0,-,42.3,42.47,"1,950","82,825.00",-,-,-
TUBEINVEST,EQ,1997-05-28,42.3,43.85,43.85,42.55,-,42.85,42.84,750,"32,127.50",-,-,-
TUBEINVEST,EQ,1997-05-29,42.85,42.95,43.15,42.25,-,42.95,42.95,"1,100","47,247.50",-,-,-
TUBEINVEST,EQ,1997-05-30,42.95,42.9,42.9,42.5,-,42.9,42.84,600,"25,705.00",-,-,-
TUBEINVEST,EQ,1997-06-02,42.9,41.2,42.0,40.0,-,41.0,40.84,"1,250","51,045.00",-,-,-
TUBEINVEST,EQ,1997-06-03,41.0,41.4,41.45,40.7,-,41.25,41.1,"1,450","59,597.50",-,-,-
TUBEINVEST,EQ,1997-06-04,41.25,39.0,41.5,39.0,-,40.4,40.33,950,"38,312.50",-,-,-
TUBEINVEST,EQ,1997-06-05,40.4,42.0,42.0,40.05,-,40.25,40.89,"1,050","42,937.50",-,-,-
TUBEINVEST,EQ,1997-06-06,40.25,40.0,41.0,40.0,-,41.0,40.2,300,"12,060.00",-,-,-
TUBEINVEST,EQ,1997-06-09,41.0,43.0,43.0,42.5,-,42.7,42.65,850,"36,250.00",-,-,-
TUBEINVEST,EQ,1997-06-10,42.7,43.0,43.0,40.1,-,41.0,40.95,"1,850","75,760.00",-,-,-
TUBEINVEST,EQ,1997-06-11,41.0,41.75,41.9,41.1,-,41.8,41.69,950,"39,602.50",-,-,-
TUBEINVEST,EQ,1997-06-12,41.8,42.5,43.2,42.5,-,43.0,42.94,"1,300","55,827.50",-,-,-
TUBEINVEST,EQ,1997-06-13,43.0,45.0,46.05,45.0,-,46.05,45.88,"4,900","2,24,797.50",-,-,-
TUBEINVEST,EQ,1997-06-16,46.05,45.0,45.5,44.45,-,45.35,45.01,"3,600","1,62,032.50",-,-,-
TUBEINVEST,EQ,1997-06-17,45.35,44.75,45.4,44.6,-,44.85,44.96,"2,000","89,927.50",-,-,-
TUBEINVEST,EQ,1997-06-18,44.85,47.0,47.95,44.5,-,46.55,46.32,"2,700","1,25,055.00",-,-,-
TUBEINVEST,EQ,1997-06-19,46.55,46.0,47.0,46.0,-,46.5,46.5,600,"27,900.00",-,-,-
TUBEINVEST,EQ,1997-06-20,46.5,48.95,49.5,48.7,-,48.95,49.04,"2,450","1,20,145.00",-,-,-
TUBEINVEST,EQ,1997-06-23,48.95,49.0,49.9,46.75,-,48.75,47.79,"3,350","1,60,087.50",-,-,-
TUBEINVEST,EQ,1997-06-24,48.75,48.0,49.0,47.3,-,48.75,48.38,"5,250","2,54,012.50",-,-,-
TUBEINVEST,EQ,1997-06-25,48.75,47.25,52.15,46.8,-,52.1,49.84,"5,950","2,96,552.50",-,-,-
TUBEINVEST,EQ,1997-06-26,52.1,54.0,55.75,52.0,-,55.15,54.64,"5,350","2,92,322.50",-,-,-
TUBEINVEST,EQ,1997-06-27,55.15,57.5,57.5,54.25,-,54.85,55.22,"5,200","2,87,140.00",-,-,-
TUBEINVEST,EQ,1997-06-30,54.85,53.0,57.25,53.0,-,57.25,55.81,"2,950","1,64,652.50",-,-,-
TUBEINVEST,EQ,1997-07-01,57.25,56.0,58.45,56.0,-,58.1,57.0,"13,150","7,49,560.00",-,-,-
TUBEINVEST,EQ,1997-07-02,58.1,58.5,62.0,56.0,-,56.1,59.42,"16,400","9,74,450.00",-,-,-
TUBEINVEST,EQ,1997-07-03,56.1,55.75,56.45,54.5,-,54.75,55.44,"4,850","2,68,862.50",-,-,-
TUBEINVEST,EQ,1997-07-04,54.75,55.0,55.7,54.1,-,54.75,55.05,"3,500","1,92,682.50",-,-,-
TUBEINVEST,EQ,1997-07-07,54.75,55.6,55.75,53.55,-,54.0,55.15,"4,350","2,39,912.50",-,-,-
TUBEINVEST,EQ,1997-07-08,54.0,53.15,57.8,52.0,-,57.8,55.85,"6,700","3,74,205.00",-,-,-
TUBEINVEST,EQ,1997-07-09,57.8,61.5,61.85,61.5,-,61.85,61.73,750,"46,300.00",-,-,-
TUBEINVEST,EQ,1997-07-10,61.85,63.9,66.0,61.0,-,62.9,64.38,"17,750","11,42,785.00",-,-,-
TUBEINVEST,EQ,1997-07-11,62.9,63.0,63.0,59.8,-,60.0,60.66,"5,400","3,27,567.50",-,-,-
TUBEINVEST,EQ,1997-07-14,60.0,57.0,58.0,55.9,-,55.9,56.33,"5,050","2,84,460.00",-,-,-
TUBEINVEST,EQ,1997-07-15,55.9,52.4,56.95,52.4,-,56.05,55.8,"7,400","4,12,910.00",-,-,-
TUBEINVEST,EQ,1997-07-16,56.05,58.05,60.0,57.6,-,59.7,59.04,"9,050","5,34,295.00",-,-,-
TUBEINVEST,EQ,1997-07-17,59.7,57.0,57.0,55.55,-,55.8,55.63,"15,150","8,42,742.50",-,-,-
TUBEINVEST,EQ,1997-07-21,55.8,55.0,58.9,55.0,-,58.85,55.82,"19,350","10,80,047.50",-,-,-
TUBEINVEST,EQ,1997-07-22,58.85,59.0,63.0,58.5,-,62.8,60.89,"25,950","15,80,022.50",-,-,-
TUBEINVEST,EQ,1997-07-23,62.8,67.2,67.2,65.1,-,67.2,67.14,"10,250","6,88,160.00",-,-,-
TUBEINVEST,EQ,1997-07-24,67.2,68.9,71.5,68.8,-,68.9,70.01,"9,900","6,93,090.00",-,-,-
TUBEINVEST,EQ,1997-07-25,68.9,68.0,68.0,66.5,-,67.1,67.11,"5,050","3,38,902.50",-,-,-
TUBEINVEST,EQ,1997-07-28,67.1,69.95,70.0,66.1,-,66.95,67.07,"5,350","3,58,827.50",-,-,-
TUBEINVEST,EQ,1997-07-29,66.95,69.0,69.0,66.3,-,67.2,67.03,"4,500","3,01,617.50",-,-,-
TUBEINVEST,EQ,1997-07-30,67.2,66.9,67.7,66.25,-,66.3,66.69,"6,450","4,30,160.00",-,-,-
TUBEINVEST,EQ,1997-07-31,66.3,66.3,67.5,66.0,-,66.75,66.43,"8,000","5,31,465.00",-,-,-
TUBEINVEST,EQ,1997-08-01,66.75,67.0,67.2,66.25,-,66.45,66.58,"1,500","99,865.00",-,-,-
TUBEINVEST,EQ,1997-08-04,66.45,66.25,67.75,66.1,-,67.6,66.9,"3,850","2,57,577.50",-,-,-
TUBEINVEST,EQ,1997-08-05,67.6,67.8,71.55,67.8,-,71.55,70.06,"8,350","5,85,002.50",-,-,-
TUBEINVEST,EQ,1997-08-06,71.55,75.0,76.6,73.15,-,76.3,75.26,"6,450","4,85,455.00",-,-,-
TUBEINVEST,EQ,1997-08-07,76.3,73.0,74.1,71.0,-,71.1,72.97,"11,950","8,71,975.00",-,-,-
TUBEINVEST,EQ,1997-08-08,71.1,69.0,70.0,67.0,-,68.15,68.2,"3,100","2,11,427.50",-,-,-
TUBEINVEST,EQ,1997-08-11,68.15,68.0,68.0,67.0,-,67.6,67.37,"1,000","67,372.50",-,-,-
TUBEINVEST,EQ,1997-08-12,67.6,69.0,69.0,66.5,-,66.65,67.61,"5,350","3,61,717.50",-,-,-
TUBEINVEST,EQ,1997-08-13,66.65,65.0,65.0,63.25,-,64.0,64.03,"2,350","1,50,480.00",-,-,-
TUBEINVEST,EQ,1997-08-14,64.0,64.5,64.55,63.25,-,63.9,64.26,"4,600","2,95,580.00",-,-,-
TUBEINVEST,EQ,1997-08-18,63.9,63.5,63.5,62.0,-,62.0,62.65,"2,200","1,37,832.50",-,-,-
TUBEINVEST,EQ,1997-08-19,62.0,62.5,62.9,61.8,-,61.95,62.31,"1,050","65,425.00",-,-,-
TUBEINVEST,EQ,1997-08-20,61.95,61.25,62.0,61.0,-,61.7,61.38,"1,600","98,212.50",-,-,-
TUBEINVEST,EQ,1997-08-21,61.7,60.25,61.0,59.0,-,61.0,60.59,"2,650","1,60,572.50",-,-,-
TUBEINVEST,EQ,1997-08-22,61.0,58.5,60.0,57.0,-,57.35,58.15,"2,550","1,48,275.00",-,-,-
TUBEINVEST,EQ,1997-08-25,57.35,56.0,57.5,55.75,-,56.95,56.54,"3,550","2,00,727.50",-,-,-
TUBEINVEST,EQ,1997-08-26,56.95,57.0,58.0,55.0,-,56.1,56.64,"12,050","6,82,565.00",-,-,-
TUBEINVEST,EQ,1997-08-27,56.1,57.0,59.0,57.0,-,57.5,57.7,"2,650","1,52,895.00",-,-,-
TUBEINVEST,EQ,1997-08-28,57.5,61.0,61.0,55.05,-,56.75,56.99,850,"48,442.50",-,-,-
TUBEINVEST,EQ,1997-08-29,56.75,56.25,56.25,53.0,-,53.0,54.13,"1,500","81,192.50",-,-,-
TUBEINVEST,EQ,1997-09-01,53.0,52.5,54.0,52.5,-,53.0,53.56,500,"26,780.00",-,-,-
TUBEINVEST,EQ,1997-09-02,53.0,51.1,52.95,50.5,-,52.2,51.71,"2,350","1,21,530.00",-,-,-
TUBEINVEST,EQ,1997-09-03,52.2,52.1,54.0,52.0,-,52.0,52.31,550,"28,770.00",-,-,-
TUBEINVEST,EQ,1997-09-04,52.0,53.0,53.0,52.5,-,52.5,52.6,250,"13,150.00",-,-,-
TUBEINVEST,EQ,1997-09-05,52.5,50.9,56.0,50.9,-,52.0,52.71,"1,450","76,427.50",-,-,-
TUBEINVEST,EQ,1997-09-08,52.0,52.5,52.5,51.0,-,51.0,52.06,450,"23,427.50",-,-,-
TUBEINVEST,EQ,1997-09-09,51.0,51.4,53.45,51.4,-,53.4,51.92,"1,050","54,515.00",-,-,-
TUBEINVEST,EQ,1997-09-11,53.4,52.0,52.95,50.0,-,50.0,50.36,"5,300","2,66,930.00",-,-,-
TUBEINVEST,EQ,1997-09-12,50.0,50.1,51.8,49.5,-,50.15,50.32,"2,100","1,05,670.00",-,-,-
TUBEINVEST,EQ,1997-09-15,50.15,48.85,50.0,48.0,-,48.3,48.85,"1,150","56,175.00",-,-,-
TUBEINVEST,EQ,1997-09-16,48.3,49.0,49.0,46.0,-,46.0,47.21,"2,250","1,06,222.50",-,-,-
TUBEINVEST,EQ,1997-09-17,46.0,46.5,46.95,46.0,-,46.1,46.18,550,"25,400.00",-,-,-
TUBEINVEST,EQ,1997-09-18,46.1,46.0,46.0,45.0,-,45.0,45.35,"1,100","49,885.00",-,-,-
TUBEINVEST,EQ,1997-09-19,45.0,45.0,45.2,43.7,-,44.0,44.28,"2,150","95,197.50",-,-,-
TUBEINVEST,EQ,1997-09-22,44.0,44.0,44.0,41.0,-,41.05,41.94,"4,300","1,80,345.00",-,-,-
TUBEINVEST,EQ,1997-09-23,41.05,42.0,43.75,42.0,-,43.25,43.09,"3,050","1,31,417.50",-,-,-
TUBEINVEST,EQ,1997-09-24,43.25,43.55,44.5,42.5,-,42.6,43.83,"10,050","4,40,515.00",-,-,-
TUBEINVEST,EQ,1997-09-25,42.6,43.9,43.9,41.75,-,41.75,42.39,"4,750","2,01,335.00",-,-,-
TUBEINVEST,EQ,1997-09-26,41.75,42.5,42.5,41.0,-,41.5,41.5,"4,050","1,68,082.50",-,-,-
TUBEINVEST,EQ,1997-09-29,41.5,42.05,42.05,40.35,-,40.35,40.92,"4,800","1,96,402.50",-,-,-
TUBEINVEST,EQ,1997-09-30,40.35,40.25,40.6,39.5,-,39.8,40.11,"5,350","2,14,582.50",-,-,-
TUBEINVEST,EQ,1997-10-01,39.8,40.0,40.7,40.0,-,40.0,40.06,"1,750","70,102.50",-,-,-
TUBEINVEST,EQ,1997-10-09,40.0,39.25,40.25,39.25,-,40.0,40.12,"2,300","92,282.50",-,-,-
TUBEINVEST,EQ,1997-10-10,40.0,40.0,40.5,40.0,-,40.05,40.13,"2,800","1,12,365.00",-,-,-
TUBEINVEST,EQ,1997-10-13,40.05,40.0,40.85,39.0,-,39.25,39.68,"2,900","1,15,067.50",-,-,-
TUBEINVEST,EQ,1997-10-14,39.25,39.2,40.0,38.55,-,39.0,39.55,"3,600","1,42,365.00",-,-,-
TUBEINVEST,EQ,1997-10-15,39.0,39.5,40.5,39.0,-,39.0,39.5,"3,350","1,32,310.00",-,-,-
TUBEINVEST,EQ,1997-10-16,39.0,40.05,40.05,40.05,-,40.05,40.05,300,"12,015.00",-,-,-
TUBEINVEST,EQ,1997-10-17,40.05,39.0,40.95,39.0,-,40.0,40.46,750,"30,347.50",-,-,-
TUBEINVEST,EQ,1997-10-20,40.0,40.5,41.75,39.9,-,40.75,40.43,450,"18,192.50",-,-,-
TUBEINVEST,EQ,1997-10-21,40.75,41.55,42.25,39.0,-,39.0,39.97,"3,150","1,25,897.50",-,-,-
TUBEINVEST,EQ,1997-10-22,39.0,39.05,40.45,39.0,-,40.0,39.93,"1,200","47,915.00",-,-,-
TUBEINVEST,EQ,1997-10-23,40.0,39.55,41.0,39.0,-,39.0,39.57,"9,100","3,60,107.50",-,-,-
TUBEINVEST,EQ,1997-10-24,39.0,39.5,40.45,39.5,-,40.1,40.02,650,"26,012.50",-,-,-
TUBEINVEST,EQ,1997-10-27,40.1,39.9,39.95,39.0,-,39.6,39.6,"7,200","2,85,135.00",-,-,-
TUBEINVEST,EQ,1997-10-28,39.6,39.5,39.5,38.05,-,38.95,38.31,"2,350","90,030.00",-,-,-
TUBEINVEST,EQ,1997-10-29,38.95,39.0,41.0,39.0,-,41.0,40.84,"1,400","57,180.00",-,-,-
TUBEINVEST,EQ,1997-10-30,41.0,41.0,42.5,41.0,-,42.5,41.74,"6,700","2,79,650.00",-,-,-
TUBEINVEST,EQ,1997-11-03,42.5,41.9,44.05,41.05,-,42.75,42.12,"9,300","3,91,742.50",-,-,-
TUBEINVEST,EQ,1997-11-04,42.75,42.25,42.8,41.55,-,41.6,41.97,"1,650","69,242.50",-,-,-
TUBEINVEST,EQ,1997-11-05,41.6,44.5,44.5,40.6,-,41.6,42.3,"3,200","1,35,347.50",-,-,-
TUBEINVEST,EQ,1997-11-06,41.6,40.5,40.95,40.0,-,40.0,40.51,500,"20,252.50",-,-,-
TUBEINVEST,EQ,1997-11-07,40.0,40.2,40.4,40.0,-,40.25,40.12,"1,900","76,235.00",-,-,-
TUBEINVEST,EQ,1997-11-10,40.25,42.15,42.15,39.0,-,39.45,39.74,"2,800","1,11,267.50",-,-,-
TUBEINVEST,EQ,1997-11-11,39.45,42.0,42.0,38.55,-,38.55,39.31,"1,950","76,652.50",-,-,-
TUBEINVEST,EQ,1997-11-12,38.55,39.4,40.0,38.8,-,38.8,39.34,"2,600","1,02,295.00",-,-,-
TUBEINVEST,EQ,1997-11-13,38.8,38.8,38.8,36.55,-,36.6,37.77,"4,150","1,56,750.00",-,-,-
TUBEINVEST,EQ,1997-11-17,36.6,37.95,37.95,35.55,-,36.0,36.22,"2,300","83,312.50",-,-,-
TUBEINVEST,EQ,1997-11-18,36.0,36.0,36.6,35.5,-,36.35,36.16,"3,700","1,33,805.00",-,-,-
TUBEINVEST,EQ,1997-11-19,36.35,35.5,35.7,34.5,-,35.4,35.37,"6,450","2,28,115.00",-,-,-
TUBEINVEST,EQ,1997-11-20,35.4,34.75,34.75,33.25,-,34.5,34.15,"4,050","1,38,295.00",-,-,-
TUBEINVEST,EQ,1997-11-21,34.5,36.0,36.4,33.1,-,35.0,34.88,300,"10,465.00",-,-,-
TUBEINVEST,EQ,1997-11-24,35.0,34.6,35.0,33.0,-,33.5,33.58,"3,150","1,05,770.00",-,-,-
TUBEINVEST,EQ,1997-11-25,33.5,34.0,35.5,33.5,-,35.3,34.36,"1,650","56,690.00",-,-,-
TUBEINVEST,EQ,1997-11-26,35.3,34.9,36.0,34.05,-,35.3,34.96,"1,150","40,205.00",-,-,-
TUBEINVEST,EQ,1997-11-27,35.3,35.0,35.75,34.0,-,35.75,34.42,"2,000","68,845.00",-,-,-
TUBEINVEST,EQ,1997-11-28,35.75,33.3,35.45,33.3,-,34.65,34.75,"1,050","36,485.00",-,-,-
TUBEINVEST,EQ,1997-12-01,34.65,34.8,35.0,34.0,-,34.0,34.49,600,"20,695.00",-,-,-
TUBEINVEST,EQ,1997-12-02,34.0,34.25,34.25,34.0,-,34.0,34.11,450,"15,350.00",-,-,-
TUBEINVEST,EQ,1997-12-03,34.0,34.45,36.3,34.45,-,36.3,34.91,450,"15,710.00",-,-,-
TUBEINVEST,EQ,1997-12-04,36.3,36.05,36.05,35.0,-,35.0,35.76,800,"28,610.00",-,-,-
TUBEINVEST,EQ,1997-12-05,35.0,34.95,34.95,34.0,-,34.25,34.29,"1,000","34,285.00",-,-,-
TUBEINVEST,EQ,1997-12-08,34.25,34.05,34.5,34.05,-,34.5,34.28,200,"6,855.00",-,-,-
TUBEINVEST,EQ,1997-12-09,34.5,34.55,35.0,34.5,-,34.5,34.57,"1,450","50,127.50",-,-,-
TUBEINVEST,EQ,1997-12-10,34.5,36.0,36.65,36.0,-,36.6,36.42,300,"10,925.00",-,-,-
TUBEINVEST,EQ,1997-12-11,36.6,35.25,35.25,35.25,-,35.25,35.25,450,"15,862.50",-,-,-
TUBEINVEST,EQ,1997-12-12,35.25,36.0,36.1,36.0,-,36.1,36.03,300,"10,810.00",-,-,-
TUBEINVEST,EQ,1997-12-15,36.1,36.15,38.55,36.15,-,38.55,37.34,"6,500","2,42,712.50",-,-,-
TUBEINVEST,EQ,1997-12-16,38.55,36.1,40.5,36.1,-,38.5,38.3,"8,750","3,35,147.50",-,-,-
TUBEINVEST,EQ,1997-12-17,38.5,39.9,39.9,38.0,-,38.95,38.41,850,"32,647.50",-,-,-
TUBEINVEST,EQ,1997-12-18,38.95,38.0,38.0,36.25,-,36.25,36.76,"1,300","47,787.50",-,-,-
TUBEINVEST,EQ,1997-12-19,36.25,36.75,38.75,35.5,-,35.55,37.64,"9,000","3,38,795.00",-,-,-
TUBEINVEST,EQ,1997-12-23,35.55,35.0,36.65,33.5,-,34.6,35.02,"4,050","1,41,822.50",-,-,-
TUBEINVEST,EQ,1997-12-24,34.6,37.0,37.0,37.0,-,37.0,37.0,100,"3,700.00",-,-,-
TUBEINVEST,EQ,1997-12-26,37.0,36.95,36.95,36.0,-,36.0,36.4,250,"9,100.00",-,-,-
TUBEINVEST,EQ,1997-12-29,36.0,35.5,35.5,35.0,-,35.0,35.33,300,"10,600.00",-,-,-
TUBEINVEST,EQ,1997-12-30,35.0,35.0,35.1,33.05,-,34.0,34.34,"2,100","72,110.00",-,-,-
TUBEINVEST,EQ,1997-12-31,34.0,35.0,35.8,34.6,-,35.5,35.31,"1,000","35,305.00",-,-,-
TUBEINVEST,EQ,1998-01-01,35.5,35.0,36.75,35.0,-,36.45,35.6,"1,000","35,600.00",-,-,-
TUBEINVEST,EQ,1998-01-02,36.45,38.0,39.0,38.0,-,39.0,38.84,"2,250","87,392.50",-,-,-
TUBEINVEST,EQ,1998-01-05,39.0,40.0,40.75,40.0,-,40.3,40.5,"3,300","1,33,652.50",-,-,-
TUBEINVEST,EQ,1998-01-06,40.3,40.0,40.75,38.5,-,38.55,39.18,"1,900","74,440.00",-,-,-
TUBEINVEST,EQ,1998-01-07,38.55,38.6,40.0,38.5,-,39.0,38.99,950,"37,045.00",-,-,-
TUBEINVEST,EQ,1998-01-08,39.0,38.95,39.3,38.5,-,38.5,38.88,"1,400","54,430.00",-,-,-
TUBEINVEST,EQ,1998-01-09,38.5,38.0,38.0,37.0,-,37.0,37.57,700,"26,300.00",-,-,-
TUBEINVEST,EQ,1998-01-12,37.0,35.75,36.0,35.75,-,36.0,35.88,200,"7,175.00",-,-,-
TUBEINVEST,EQ,1998-01-13,36.0,35.75,37.0,35.75,-,36.65,36.46,500,"18,230.00",-,-,-
TUBEINVEST,EQ,1998-01-14,36.65,36.55,37.0,36.55,-,37.0,36.7,150,"5,505.00",-,-,-
TUBEINVEST,EQ,1998-01-15,37.0,36.5,36.5,35.0,-,35.25,36.07,"1,700","61,312.50",-,-,-
TUBEINVEST,EQ,1998-01-16,35.25,36.0,36.0,36.0,-,36.0,36.0,50,"1,800.00",-,-,-
TUBEINVEST,EQ,1998-01-19,36.0,35.95,35.95,35.5,-,35.5,35.8,300,"10,740.00",-,-,-
TUBEINVEST,EQ,1998-01-20,35.5,35.0,35.8,34.35,-,35.75,35.55,"2,900","1,03,087.50",-,-,-
TUBEINVEST,EQ,1998-01-21,35.75,35.95,36.0,35.0,-,35.9,35.59,"2,000","71,182.50",-,-,-
TUBEINVEST,EQ,1998-01-22,35.9,34.8,34.8,32.35,-,32.35,34.25,"3,050","1,04,455.00",-,-,-
TUBEINVEST,EQ,1998-01-23,32.35,32.35,32.5,29.15,-,29.55,29.75,"13,100","3,89,707.50",-,-,-
TUBEINVEST,EQ,1998-01-27,29.55,28.2,29.4,27.0,-,27.6,28.01,"5,350","1,49,835.00",-,-,-
TUBEINVEST,EQ,1998-01-28,27.6,28.5,29.25,28.05,-,28.1,28.67,"2,650","75,972.50",-,-,-
TUBEINVEST,EQ,1998-01-29,28.1,29.0,29.5,28.7,-,29.3,29.09,"2,000","58,172.50",-,-,-
TUBEINVEST,EQ,1998-01-30,29.3,29.5,30.9,29.45,-,29.8,30.05,"3,050","91,647.50",-,-,-
TUBEINVEST,EQ,1998-02-02,29.8,30.5,30.75,30.0,-,30.0,30.31,"1,250","37,890.00",-,-,-
TUBEINVEST,EQ,1998-02-03,30.0,30.05,30.5,27.55,-,28.6,28.67,"6,550","1,87,782.50",-,-,-
TUBEINVEST,EQ,1998-02-04,28.6,29.0,29.5,27.85,-,28.5,28.43,"3,250","92,382.50",-,-,-
TUBEINVEST,EQ,1998-02-05,28.5,28.0,28.0,27.5,-,27.55,27.91,"2,850","79,555.00",-,-,-
TUBEINVEST,EQ,1998-02-06,27.55,27.5,27.75,27.0,-,27.2,27.32,"3,650","99,705.00",-,-,-
TUBEINVEST,EQ,1998-02-09,27.2,27.0,27.65,27.0,-,27.5,27.52,300,"8,255.00",-,-,-
TUBEINVEST,EQ,1998-02-10,27.5,27.5,27.8,27.0,-,27.0,27.41,"3,450","94,575.00",-,-,-
TUBEINVEST,EQ,1998-02-11,27.0,27.5,27.75,27.0,-,27.0,27.09,"1,550","41,985.00",-,-,-
TUBEINVEST,EQ,1998-02-12,27.0,27.05,27.25,27.0,-,27.25,27.14,950,"25,782.50",-,-,-
TUBEINVEST,EQ,1998-02-13,27.25,27.25,27.85,26.3,-,26.65,27.03,"4,900","1,32,447.50",-,-,-
TUBEINVEST,EQ,1998-02-17,26.65,27.3,27.5,26.5,-,27.1,26.83,"3,300","88,537.50",-,-,-
TUBEINVEST,EQ,1998-02-18,27.1,27.3,27.35,26.5,-,26.9,26.94,"3,050","82,170.00",-,-,-
TUBEINVEST,EQ,1998-02-19,26.9,26.95,27.1,26.5,-,26.5,26.78,"2,400","64,272.50",-,-,-
TUBEINVEST,EQ,1998-02-20,26.5,27.0,27.0,26.5,-,26.5,26.68,"4,250","1,13,390.00",-,-,-
TUBEINVEST,EQ,1998-02-23,26.5,27.05,27.25,26.75,-,26.85,27.03,"6,000","1,62,187.50",-,-,-
TUBEINVEST,EQ,1998-02-24,26.85,27.0,27.0,26.5,-,26.55,26.79,"20,150","5,39,837.50",-,-,-
TUBEINVEST,EQ,1998-02-25,26.55,26.75,29.0,26.75,-,29.0,27.98,"2,700","75,550.00",-,-,-
TUBEINVEST,EQ,1998-02-26,29.0,29.0,29.5,29.0,-,29.0,29.18,"1,000","29,180.00",-,-,-
TUBEINVEST,EQ,1998-02-27,29.0,29.9,31.9,29.9,-,31.75,31.31,"2,900","90,790.00",-,-,-
TUBEINVEST,EQ,1998-03-02,31.75,31.75,32.9,31.75,-,32.25,32.33,"12,350","3,99,325.00",-,-,-
TUBEINVEST,EQ,1998-03-03,32.25,29.1,30.75,29.1,-,29.1,30.22,"12,700","3,83,742.50",-,-,-
TUBEINVEST,EQ,1998-03-04,29.1,30.5,30.75,28.5,-,28.85,30.11,"18,650","5,61,620.00",-,-,-
TUBEINVEST,EQ,1998-03-05,28.85,29.5,29.9,26.0,-,26.15,27.67,"11,700","3,23,697.50",-,-,-
TUBEINVEST,EQ,1998-03-06,26.15,26.7,27.0,25.0,-,25.0,25.36,"2,19,500","55,66,147.50",-,-,-
TUBEINVEST,EQ,1998-03-09,25.0,27.1,27.5,27.0,-,27.5,27.41,"7,750","2,12,395.00",-,-,-
TUBEINVEST,EQ,1998-03-10,27.5,29.9,29.9,27.1,-,28.7,29.03,"14,800","4,29,617.50",-,-,-
TUBEINVEST,EQ,1998-03-11,28.7,29.6,30.0,28.85,-,29.05,29.45,"15,150","4,46,220.00",-,-,-
TUBEINVEST,EQ,1998-03-12,29.05,29.1,29.25,28.0,-,28.6,29.0,"42,150","12,22,535.00",-,-,-
TUBEINVEST,EQ,1998-03-16,28.6,28.9,29.55,28.75,-,29.25,29.21,"5,100","1,48,980.00",-,-,-
TUBEINVEST,EQ,1998-03-17,29.25,29.35,29.35,27.0,-,28.25,28.68,"5,150","1,47,695.00",-,-,-
TUBEINVEST,EQ,1998-03-18,28.25,29.2,29.3,28.05,-,28.05,28.9,"10,250","2,96,230.00",-,-,-
TUBEINVEST,EQ,1998-03-19,28.05,29.1,30.75,28.0,-,28.8,28.86,"1,39,000","40,11,737.50",-,-,-
TUBEINVEST,EQ,1998-03-20,28.8,29.0,31.7,29.0,-,31.7,31.35,"59,350","18,60,570.00",-,-,-
TUBEINVEST,EQ,1998-03-23,31.7,34.85,34.85,34.0,34.85,34.85,34.77,"20,600","7,16,207.50",-,-,-
TUBEINVEST,EQ,1998-03-24,34.85,35.0,35.3,35.0,35.30,35.3,35.26,"10,250","3,61,405.00",-,-,-
TUBEINVEST,EQ,1998-03-25,35.3,37.4,38.85,37.4,38.85,38.85,38.72,"45,950","17,79,095.00",-,-,-
TUBEINVEST,EQ,1998-03-26,38.85,39.95,39.95,35.0,35.00,35.0,36.65,"24,000","8,79,562.50",-,-,-
TUBEINVEST,EQ,1998-03-27,35.0,33.05,37.75,33.0,37.00,37.2,34.83,"23,250","8,09,807.50",-,-,-
TUBEINVEST,EQ,1998-03-30,37.2,36.0,39.0,36.0,36.20,36.35,36.99,"23,350","8,63,717.50",-,-,-
TUBEINVEST,EQ,1998-03-31,36.35,35.5,38.0,35.0,37.05,37.0,36.01,"4,61,500","1,66,20,555.00",-,-,-
TUBEINVEST,EQ,1998-04-01,37.0,40.3,40.7,40.3,40.70,40.7,40.68,"47,550","19,34,530.00",-,-,-
TUBEINVEST,EQ,1998-04-02,40.7,44.7,44.7,39.9,42.50,41.7,41.65,"1,15,650","48,16,342.50",-,-,-
TUBEINVEST,EQ,1998-04-03,41.7,43.5,43.5,40.8,42.75,42.65,41.57,"38,500","16,00,560.00",-,-,-
TUBEINVEST,EQ,1998-04-06,42.65,43.3,46.25,42.0,46.25,46.2,44.74,"1,01,900","45,58,977.50",-,-,-
TUBEINVEST,EQ,1998-04-07,46.2,45.7,46.25,45.7,46.25,46.25,46.17,"41,350","19,09,012.50",-,-,-
TUBEINVEST,EQ,1998-04-09,46.25,46.9,46.95,44.3,46.00,45.9,45.86,"27,550","12,63,450.00",-,-,-
TUBEINVEST,EQ,1998-04-10,45.9,46.0,47.3,44.65,46.30,46.45,46.14,"45,300","20,90,180.00",-,-,-
TUBEINVEST,EQ,1998-04-13,46.45,43.0,45.5,43.0,45.40,44.8,44.75,"34,400","15,39,532.50",-,-,-
TUBEINVEST,EQ,1998-04-15,44.8,45.6,46.5,44.0,45.00,45.05,45.47,"34,850","15,84,572.50",-,-,-
TUBEINVEST,EQ,1998-04-16,45.05,46.0,46.0,40.6,41.60,41.6,42.98,"45,800","19,68,607.50",-,-,-
TUBEINVEST,EQ,1998-04-17,41.6,40.75,43.5,40.25,41.00,40.95,42.3,"36,750","15,54,525.00",-,-,-
TUBEINVEST,EQ,1998-04-20,40.95,40.1,40.85,38.5,39.80,39.6,39.37,"15,550","6,12,220.00",-,-,-
TUBEINVEST,EQ,1998-04-21,39.6,39.0,40.7,38.65,39.75,39.95,39.58,"19,850","7,85,657.50",-,-,-
TUBEINVEST,EQ,1998-04-22,39.95,41.5,41.5,39.5,39.50,39.65,40.16,"13,250","5,32,075.00",-,-,-
TUBEINVEST,EQ,1998-04-23,39.65,37.0,39.35,37.0,37.60,37.75,38.3,"7,800","2,98,712.50",-,-,-
TUBEINVEST,EQ,1998-04-24,37.75,37.05,38.95,36.75,38.05,38.0,37.77,"1,19,150","44,99,950.00",-,-,-
TUBEINVEST,EQ,1998-04-27,38.0,37.0,37.0,34.25,35.00,35.0,35.44,"15,000","5,31,627.50",-,-,-
TUBEINVEST,EQ,1998-04-28,35.0,33.75,35.65,31.55,32.00,32.1,32.73,"55,400","18,13,412.50",-,-,-
TUBEINVEST,EQ,1998-04-29,32.1,33.5,34.0,32.0,33.25,33.1,33.13,"13,200","4,37,275.00",-,-,-
TUBEINVEST,EQ,1998-04-30,33.1,31.6,32.8,30.0,32.40,32.1,31.52,"6,250","1,97,002.50",-,-,-
TUBEINVEST,EQ,1998-05-04,32.1,33.0,34.0,32.25,34.00,33.9,33.38,"7,800","2,60,397.50",-,-,-
TUBEINVEST,EQ,1998-05-05,33.9,33.3,34.0,32.9,33.75,33.65,33.22,"17,500","5,81,290.00",-,-,-
TUBEINVEST,EQ,1998-05-06,33.65,33.25,33.25,32.75,32.75,32.75,32.84,"7,400","2,42,990.00",-,-,-
TUBEINVEST,EQ,1998-05-08,32.75,31.75,33.2,31.7,33.00,33.0,32.26,"11,200","3,61,360.00",-,-,-
TUBEINVEST,EQ,1998-05-11,33.0,32.5,32.8,32.05,32.50,32.5,32.42,"2,450","79,422.50",-,-,-
TUBEINVEST,EQ,1998-05-12,32.5,29.75,31.75,29.75,31.05,31.3,30.87,"7,750","2,39,205.00",-,-,-
TUBEINVEST,EQ,1998-05-13,31.3,30.05,31.75,30.0,31.50,31.55,30.91,"6,350","1,96,277.50",-,-,-
TUBEINVEST,EQ,1998-05-14,31.55,31.0,33.0,31.0,33.00,33.0,31.9,"4,300","1,37,170.00",-,-,-
TUBEINVEST,EQ,1998-05-15,33.0,34.0,34.0,31.5,31.60,31.8,31.77,"24,800","7,87,960.00",-,-,-
TUBEINVEST,EQ,1998-05-18,31.8,31.5,33.0,31.5,32.25,32.25,32.72,"2,700","88,347.50",-,-,-
TUBEINVEST,EQ,1998-05-19,32.25,32.6,35.0,32.25,34.05,34.55,33.91,"28,800","9,76,705.00",-,-,-
TUBEINVEST,EQ,1998-05-20,34.55,35.0,36.0,34.75,36.00,36.0,35.84,"23,050","8,26,067.50",-,-,-
TUBEINVEST,EQ,1998-05-21,36.0,36.85,36.9,35.0,35.00,35.0,35.2,"7,700","2,71,057.50",-,-,-
TUBEINVEST,EQ,1998-05-22,35.0,34.9,34.95,33.0,33.95,33.95,33.82,"6,400","2,16,420.00",-,-,-
TUBEINVEST,EQ,1998-05-25,33.95,31.55,33.75,31.55,33.25,33.3,33.24,"9,850","3,27,390.00",-,-,-
TUBEINVEST,EQ,1998-05-26,33.3,32.05,33.5,32.0,32.80,33.05,32.72,"13,300","4,35,142.50",-,-,-
TUBEINVEST,EQ,1998-05-27,33.05,32.75,33.1,32.0,32.75,32.75,32.46,"2,650","86,020.00",-,-,-
TUBEINVEST,EQ,1998-05-28,32.75,33.0,33.5,31.0,31.00,31.25,31.78,"12,750","4,05,215.00",-,-,-
TUBEINVEST,EQ,1998-05-29,31.25,31.0,32.25,30.5,31.50,31.3,31.48,"17,150","5,39,827.50",-,-,-
TUBEINVEST,EQ,1998-06-01,31.3,31.9,33.0,31.5,32.00,32.05,32.11,"12,350","3,96,602.50",-,-,-
TUBEINVEST,EQ,1998-06-02,32.05,31.75,31.75,31.0,31.00,31.0,31.26,"9,400","2,93,822.50",-,-,-
TUBEINVEST,EQ,1998-06-03,31.0,31.0,31.75,31.0,31.75,31.75,31.48,"1,100","34,625.00",-,-,-
TUBEINVEST,EQ,1998-06-04,31.75,31.5,31.95,31.45,31.45,31.45,31.83,"2,950","93,897.50",-,-,-
TUBEINVEST,EQ,1998-06-05,31.45,31.45,31.45,30.25,30.30,30.3,30.9,"4,800","1,48,325.00",-,-,-
TUBEINVEST,EQ,1998-06-08,30.3,29.55,30.0,28.55,28.55,29.05,29.21,"3,750","1,09,525.00",-,-,-
TUBEINVEST,EQ,1998-06-09,29.05,29.45,29.7,28.75,29.70,29.7,29.32,"3,150","92,347.50",-,-,-
TUBEINVEST,EQ,1998-06-10,29.7,29.5,29.5,28.5,28.50,28.5,28.86,"3,550","1,02,445.00",-,-,-
TUBEINVEST,EQ,1998-06-11,28.5,27.75,30.45,27.75,30.45,30.45,29.62,"2,750","81,455.00",-,-,-
TUBEINVEST,EQ,1998-06-12,30.45,30.0,30.8,29.3,30.80,30.8,29.57,"3,050","90,180.00",-,-,-
TUBEINVEST,EQ,1998-06-15,30.8,29.55,30.3,29.55,29.90,29.9,29.99,"2,200","65,970.00",-,-,-
TUBEINVEST,EQ,1998-06-16,29.9,28.55,29.1,27.3,29.00,29.0,28.87,"8,900","2,56,955.00",-,-,-
TUBEINVEST,EQ,1998-06-17,29.0,30.75,30.75,29.3,30.40,30.15,30.24,"4,000","1,20,975.00",-,-,-
TUBEINVEST,EQ,1998-06-18,30.15,33.0,33.0,29.1,29.50,29.5,29.58,"9,000","2,66,182.50",-,-,-
TUBEINVEST,EQ,1998-06-19,29.5,29.05,30.0,29.0,29.00,29.15,29.3,"19,650","5,75,695.00",-,-,-
TUBEINVEST,EQ,1998-06-22,29.15,27.0,28.5,26.5,27.30,27.3,27.83,"3,500","97,420.00",-,-,-
TUBEINVEST,EQ,1998-06-23,27.3,28.0,28.95,27.5,27.50,27.55,27.93,"2,450","68,440.00",-,-,-
TUBEINVEST,EQ,1998-06-24,27.55,28.5,28.5,27.65,28.50,28.5,28.12,"3,250","91,375.00",-,-,-
TUBEINVEST,EQ,1998-06-25,28.5,29.5,30.0,29.4,29.40,29.45,29.62,"2,000","59,240.00",-,-,-
TUBEINVEST,EQ,1998-06-26,29.45,29.0,29.7,29.0,29.70,29.55,29.41,"2,550","74,990.00",-,-,-
TUBEINVEST,EQ,1998-06-29,29.55,30.4,32.45,30.4,32.45,32.45,31.71,"3,500","1,10,970.00",-,-,-
TUBEINVEST,EQ,1998-06-30,32.45,32.5,34.45,32.5,34.45,34.45,34.31,"12,700","4,35,707.50",-,-,-
TUBEINVEST,EQ,1998-07-01,34.45,34.75,37.8,31.0,37.80,35.2,34.77,"8,900","3,09,482.50",-,-,-
TUBEINVEST,EQ,1998-07-02,35.2,32.5,35.5,32.5,34.00,33.75,34.28,"3,250","1,11,400.00",-,-,-
TUBEINVEST,EQ,1998-07-03,33.75,33.95,37.15,32.2,37.00,35.7,35.55,"43,500","15,46,405.00",-,-,-
TUBEINVEST,EQ,1998-07-06,35.7,38.0,39.3,36.75,39.30,38.95,38.66,"21,300","8,23,385.00",-,-,-
TUBEINVEST,EQ,1998-07-07,38.95,42.5,42.5,39.5,42.40,41.8,40.82,"17,800","7,26,515.00",-,-,-
TUBEINVEST,EQ,1998-07-08,41.8,44.0,44.0,40.0,43.90,42.5,41.65,"13,150","5,47,662.50",-,-,-
TUBEINVEST,EQ,1998-07-09,42.5,45.0,45.85,43.0,45.85,44.5,44.37,"17,750","7,87,567.50",-,-,-
TUBEINVEST,EQ,1998-07-10,44.5,43.35,48.05,42.05,47.30,47.3,46.95,"57,300","26,90,400.00",-,-,-
TUBEINVEST,EQ,1998-07-13,47.3,50.0,51.0,45.0,45.00,45.05,46.8,"7,750","3,62,682.50",-,-,-
TUBEINVEST,EQ,1998-07-14,45.05,46.0,47.0,41.5,41.50,41.5,42.54,"7,800","3,31,775.00",-,-,-
TUBEINVEST,EQ,1998-07-15,41.5,43.95,44.0,38.3,38.30,38.3,40.54,"2,850","1,15,545.00",-,-,-
TUBEINVEST,EQ,1998-07-16,38.3,40.0,40.0,37.0,38.50,38.85,38.45,"3,950","1,51,865.00",-,-,-
TUBEINVEST,EQ,1998-07-17,38.85,40.9,41.0,38.15,38.70,38.35,38.94,"2,150","83,720.00",-,-,-
TUBEINVEST,EQ,1998-07-20,38.35,36.5,41.0,36.4,41.00,38.8,38.22,"9,600","3,66,950.00",-,-,-
TUBEINVEST,EQ,1998-07-21,38.8,38.05,40.0,36.1,40.00,38.7,38.47,"18,200","7,00,192.50",-,-,-
TUBEINVEST,EQ,1998-07-22,38.7,41.8,41.8,39.1,40.00,40.0,40.88,"11,300","4,61,905.00",-,-,-
TUBEINVEST,EQ,1998-07-23,40.0,40.75,42.7,37.75,39.05,39.8,39.85,"7,500","2,98,880.00",-,-,-
TUBEINVEST,EQ,1998-07-24,39.8,38.4,41.0,37.75,41.00,39.7,39.0,"6,500","2,53,492.50",-,-,-
TUBEINVEST,EQ,1998-07-27,39.7,38.05,38.65,37.5,37.50,37.75,38.03,"3,650","1,38,802.50",-,-,-
TUBEINVEST,EQ,1998-07-28,37.75,38.85,38.85,34.85,37.50,37.0,37.09,"6,900","2,55,955.00",-,-,-
TUBEINVEST,EQ,1998-07-29,37.0,37.85,37.85,35.7,36.00,35.8,36.15,"2,900","1,04,835.00",-,-,-
TUBEINVEST,EQ,1998-07-30,35.8,35.5,36.0,34.15,35.00,35.0,35.16,"4,150","1,45,897.50",-,-,-
TUBEINVEST,EQ,1998-07-31,35.0,34.9,35.0,34.6,35.00,34.95,34.97,"22,450","7,85,090.00",-,-,-
TUBEINVEST,EQ,1998-08-03,34.95,34.45,35.75,34.45,34.50,34.5,34.85,"4,150","1,44,612.50",-,-,-
TUBEINVEST,EQ,1998-08-04,34.5,35.7,36.0,34.5,34.50,34.5,35.2,"5,450","1,91,837.50",-,-,-
TUBEINVEST,EQ,1998-08-05,34.5,34.1,34.55,34.0,34.55,34.55,34.08,800,"27,265.00",-,-,-
TUBEINVEST,EQ,1998-08-06,34.55,34.75,35.0,33.5,33.50,33.6,34.09,"5,750","1,96,012.50",-,-,-
TUBEINVEST,EQ,1998-08-07,33.6,33.75,33.75,32.5,32.50,32.65,32.85,"2,650","87,052.50",-,-,-
TUBEINVEST,EQ,1998-08-10,32.65,31.5,32.1,30.05,30.05,30.05,30.46,"7,950","2,42,190.00",-,-,-
TUBEINVEST,EQ,1998-08-11,30.05,31.8,31.9,29.0,29.00,29.0,29.89,"6,400","1,91,315.00",-,-,-
TUBEINVEST,EQ,1998-08-12,29.0,29.0,30.0,27.85,28.00,28.45,28.87,"16,850","4,86,457.50",-,-,-
TUBEINVEST,EQ,1998-08-13,28.45,29.85,30.75,29.65,30.65,30.7,30.19,"2,250","67,925.00",-,-,-
TUBEINVEST,EQ,1998-08-14,30.7,31.1,32.0,31.1,31.15,31.4,31.51,"2,800","88,232.50",-,-,-
TUBEINVEST,EQ,1998-08-17,31.4,33.25,33.35,31.05,31.75,31.75,32.71,850,"27,805.00",-,-,-
TUBEINVEST,EQ,1998-08-18,31.75,31.1,31.7,31.0,31.50,31.5,31.42,"3,100","97,405.00",-,-,-
TUBEINVEST,EQ,1998-08-19,31.5,31.0,31.5,30.75,31.00,30.95,31.05,"3,950","1,22,637.50",-,-,-
TUBEINVEST,EQ,1998-08-20,30.95,31.3,31.3,30.0,30.85,30.65,30.49,"3,250","99,107.50",-,-,-
TUBEINVEST,EQ,1998-08-21,30.65,31.0,31.75,31.0,31.50,31.5,31.53,"5,300","1,67,125.00",-,-,-
TUBEINVEST,EQ,1998-08-24,31.5,31.65,32.75,31.6,32.45,32.45,32.29,"3,150","1,01,725.00",-,-,-
TUBEINVEST,EQ,1998-08-25,32.45,31.75,31.95,29.85,30.20,30.25,30.8,"4,700","1,44,772.50",-,-,-
TUBEINVEST,EQ,1998-08-27,30.25,30.75,31.5,30.75,31.50,31.5,31.19,800,"24,952.50",-,-,-
TUBEINVEST,EQ,1998-08-28,31.5,34.0,34.0,33.0,33.50,33.5,33.68,"3,300","1,11,137.50",-,-,-
TUBEINVEST,EQ,1998-08-31,33.5,32.25,33.0,31.5,31.50,31.5,32.04,"1,100","35,240.00",-,-,-
TUBEINVEST,EQ,1998-09-01,31.5,31.3,31.3,29.0,29.00,29.0,29.52,"10,300","3,04,042.50",-,-,-
TUBEINVEST,EQ,1998-09-02,29.0,30.0,30.0,29.0,29.00,29.05,29.36,"12,950","3,80,207.50",-,-,-
TUBEINVEST,EQ,1998-09-03,29.05,29.75,29.75,29.0,29.05,29.05,29.1,"6,400","1,86,270.00",-,-,-
TUBEINVEST,EQ,1998-09-04,29.05,29.25,29.6,29.0,29.05,29.1,29.2,"5,950","1,73,755.00",-,-,-
TUBEINVEST,EQ,1998-09-07,29.1,29.75,29.75,29.05,29.70,29.4,29.29,"10,950","3,20,775.00",-,-,-
TUBEINVEST,EQ,1998-09-08,29.4,29.85,29.9,28.75,28.75,29.0,29.08,"7,850","2,28,282.50",-,-,-
TUBEINVEST,EQ,1998-09-09,29.0,29.25,30.2,29.0,29.25,29.25,29.39,"33,550","9,86,082.50",-,-,-
TUBEINVEST,EQ,1998-09-10,29.25,29.5,29.75,29.2,29.30,29.3,29.35,"4,800","1,40,877.50",-,-,-
TUBEINVEST,EQ,1998-09-11,29.3,29.05,29.6,28.6,28.60,28.85,29.14,"27,050","7,88,192.50",-,-,-
TUBEINVEST,EQ,1998-09-14,28.85,28.25,29.2,28.25,29.10,29.1,28.96,"2,200","63,715.00",-,-,-
TUBEINVEST,BE,1998-09-14,40.3,29.0,29.0,29.0,29.00,29.0,29.0,1,29.00,-,-,-
TUBEINVEST,EQ,1998-09-15,29.1,29.8,30.0,28.55,28.55,28.55,29.34,"18,050","5,29,557.50",-,-,-
TUBEINVEST,EQ,1998-09-16,28.55,29.0,29.75,29.0,29.20,29.15,29.3,"7,950","2,32,920.00",-,-,-
TUBEINVEST,EQ,1998-09-17,29.15,29.5,29.5,29.0,29.05,29.05,29.09,"13,850","4,02,847.50",-,-,-
TUBEINVEST,BE,1998-09-17,29.0,30.0,30.0,30.0,30.00,30.0,30.0,2,60.00,-,-,-
TUBEINVEST,EQ,1998-09-18,29.05,29.25,29.5,29.0,29.00,29.1,29.24,"8,650","2,52,920.00",-,-,-
TUBEINVEST,EQ,1998-09-21,29.1,29.45,30.0,29.3,29.50,29.55,29.59,"5,200","1,53,857.50",-,-,-
TUBEINVEST,EQ,1998-09-22,29.55,29.45,29.75,28.85,28.85,29.0,29.06,"11,050","3,21,137.50",-,-,-
TUBEINVEST,BE,1998-09-22,30.0,30.0,30.0,30.0,30.00,30.0,30.0,2,60.00,-,-,-
TUBEINVEST,EQ,1998-09-23,29.0,29.6,29.75,28.85,29.00,29.0,29.23,"11,900","3,47,857.50",-,-,-
TUBEINVEST,EQ,1998-09-24,29.0,29.5,29.5,27.5,28.75,28.3,28.27,"17,400","4,91,905.00",-,-,-
TUBEINVEST,BE,1998-09-25,30.0,30.0,30.0,30.0,30.00,30.0,30.0,5,150.00,-,-,-
TUBEINVEST,EQ,1998-09-25,28.3,28.5,28.5,26.5,27.00,27.0,23.49,"2,85,750","67,12,497.50",-,-,-
TUBEINVEST,EQ,1998-09-28,27.0,26.8,27.25,25.55,26.60,26.05,26.22,"31,550","8,27,152.50",-,-,-
TUBEINVEST,EQ,1998-09-29,26.05,26.0,28.15,25.55,28.15,27.25,26.64,"44,800","11,93,522.50",-,-,-
TUBEINVEST,EQ,1998-09-30,27.25,29.3,29.45,26.25,29.20,29.05,27.51,"49,100","13,50,657.50",-,-,-
TUBEINVEST,BE,1998-09-30,30.0,26.0,26.0,26.0,26.00,26.0,26.0,1,26.00,-,-,-
TUBEINVEST,EQ,1998-10-05,29.05,27.0,31.4,27.0,29.70,29.7,29.05,"19,850","5,76,667.50",-,-,-
TUBEINVEST,EQ,1998-10-06,29.7,29.1,32.1,27.4,29.50,29.55,23.94,"3,61,750","86,61,272.50",-,-,-
TUBEINVEST,EQ,1998-10-07,29.55,30.0,31.95,29.6,31.95,31.95,25.78,"2,92,250","75,34,625.00",-,-,-
TUBEINVEST,EQ,1998-10-08,31.95,33.7,34.55,30.5,30.65,30.8,31.97,"75,650","24,18,727.50",-,-,-
TUBEINVEST,EQ,1998-10-09,30.8,30.9,32.0,29.8,31.85,31.45,24.92,"2,04,200","50,89,512.50",-,-,-
TUBEINVEST,EQ,1998-10-12,31.45,31.5,31.5,28.95,29.10,29.1,29.95,"34,100","10,21,377.50",-,-,-
TUBEINVEST,EQ,1998-10-13,29.1,29.0,29.0,26.8,26.80,26.95,27.57,"30,350","8,36,785.00",-,-,-
TUBEINVEST,EQ,1998-10-14,26.95,27.0,28.5,24.8,28.00,27.35,25.5,"92,500","23,58,752.50",-,-,-
TUBEINVEST,EQ,1998-10-15,27.35,26.6,29.55,26.6,29.00,28.95,28.76,"33,450","9,62,112.50",-,-,-
TUBEINVEST,EQ,1998-10-16,28.95,29.95,31.25,27.8,30.70,31.05,30.35,"52,850","16,03,947.50",-,-,-
TUBEINVEST,EQ,1998-10-19,31.05,30.45,31.2,29.5,30.70,30.1,30.45,"16,750","5,10,120.00",-,-,-
TUBEINVEST,EQ,1998-10-20,30.1,29.3,29.3,28.1,28.85,28.9,28.83,"9,350","2,69,572.50",-,-,-
TUBEINVEST,EQ,1998-10-22,28.9,30.0,30.95,29.85,30.20,29.95,30.23,"5,950","1,79,867.50",-,-,-
TUBEINVEST,EQ,1998-10-23,29.95,30.0,30.6,29.85,30.05,30.05,30.15,"7,650","2,30,652.50",-,-,-
TUBEINVEST,EQ,1998-10-26,30.05,31.45,32.45,31.1,32.45,32.45,32.08,"37,350","11,98,035.00",-,-,-
TUBEINVEST,BE,1998-10-27,26.0,35.0,35.0,35.0,35.00,35.0,35.0,1,35.00,-,-,-
TUBEINVEST,EQ,1998-10-27,32.45,31.6,32.5,31.25,31.50,31.85,31.7,"14,350","4,54,860.00",-,-,-
TUBEINVEST,EQ,1998-10-28,31.85,32.4,33.0,30.5,30.70,30.9,31.84,"9,900","3,15,247.50",-,-,-
TUBEINVEST,EQ,1998-10-29,30.9,30.95,33.4,30.95,31.75,31.9,37.14,"81,000","30,08,197.50",-,-,-
TUBEINVEST,EQ,1998-10-30,31.9,32.65,32.65,31.5,31.75,31.85,31.8,"7,500","2,38,510.00",-,-,-
TUBEINVEST,EQ,1998-10-31,31.85,31.7,33.75,31.7,33.40,33.2,32.83,"17,150","5,62,955.00",-,-,-
TUBEINVEST,EQ,1998-11-02,33.2,34.0,34.85,32.3,33.10,33.3,39.18,"98,650","38,65,530.00",-,-,-
TUBEINVEST,EQ,1998-11-03,33.3,33.05,33.4,32.1,32.60,32.45,32.65,"14,050","4,58,742.50",-,-,-
TUBEINVEST,EQ,1998-11-05,32.45,32.2,32.5,31.25,32.25,32.15,32.12,"12,100","3,88,677.50",-,-,-
TUBEINVEST,EQ,1998-11-06,32.15,33.9,34.0,32.5,33.30,33.4,33.18,"15,600","5,17,565.00",-,-,-
TUBEINVEST,EQ,1998-11-09,33.4,33.0,34.4,33.0,34.20,34.0,33.68,"20,100","6,76,967.50",-,-,-
TUBEINVEST,EQ,1998-11-10,34.0,33.0,34.25,33.0,34.10,33.95,33.68,"8,250","2,77,865.00",-,-,-
TUBEINVEST,EQ,1998-11-11,33.95,33.5,35.0,33.15,34.00,34.55,33.81,"20,950","7,08,285.00",-,-,-
TUBEINVEST,EQ,1998-11-12,34.55,34.05,36.4,33.9,35.00,35.45,35.57,"37,800","13,44,382.50",-,-,-
TUBEINVEST,EQ,1998-11-13,35.45,35.6,35.7,34.3,34.90,34.65,35.2,"17,750","6,24,720.00",-,-,-
TUBEINVEST,EQ,1998-11-16,34.65,34.3,34.3,32.65,32.75,32.8,33.27,"9,500","3,16,072.50",-,-,-
TUBEINVEST,EQ,1998-11-17,32.8,32.9,33.55,32.8,33.05,33.15,33.16,"15,650","5,18,990.00",-,-,-
TUBEINVEST,EQ,1998-11-18,33.15,33.5,35.0,33.5,34.50,34.5,34.56,"11,350","3,92,272.50",-,-,-
TUBEINVEST,EQ,1998-11-19,34.5,35.05,35.85,34.25,35.50,35.5,35.06,"13,250","4,64,542.50",-,-,-
TUBEINVEST,EQ,1998-11-20,35.5,35.5,35.95,34.5,35.50,35.5,35.18,"16,800","5,90,967.50",-,-,-
TUBEINVEST,EQ,1998-11-21,35.5,35.5,35.55,35.25,35.55,35.55,35.46,"6,200","2,19,875.00",-,-,-
TUBEINVEST,EQ,1998-11-23,35.55,34.75,35.7,34.7,35.00,35.0,35.05,"10,100","3,54,010.00",-,-,-
TUBEINVEST,EQ,1998-11-24,35.0,34.65,35.25,34.25,34.30,34.3,34.74,"26,950","9,36,335.00",-,-,-
TUBEINVEST,EQ,1998-11-26,34.3,34.1,35.0,32.75,32.75,32.75,33.96,"10,700","3,63,372.50",-,-,-
TUBEINVEST,EQ,1998-11-27,32.75,32.95,33.4,31.5,32.00,32.0,32.39,"15,750","5,10,065.00",-,-,-
TUBEINVEST,EQ,1998-11-28,32.0,32.35,32.9,32.1,32.70,32.7,32.54,"3,750","1,22,035.00",-,-,-
TUBEINVEST,EQ,1998-11-30,32.7,33.0,33.0,32.2,32.45,32.45,32.48,"3,000","97,450.00",-,-,-
TUBEINVEST,EQ,1998-12-01,32.45,32.75,32.9,31.5,32.25,32.25,32.15,"10,000","3,21,480.00",-,-,-
TUBEINVEST,EQ,1998-12-02,32.25,33.0,33.3,32.9,33.15,33.15,33.08,"5,250","1,73,655.00",-,-,-
TUBEINVEST,EQ,1998-12-03,33.15,33.5,33.5,32.75,32.85,32.85,33.04,"1,600","52,865.00",-,-,-
TUBEINVEST,EQ,1998-12-04,32.85,33.0,33.9,33.0,33.80,33.8,33.42,"4,550","1,52,047.50",-,-,-
TUBEINVEST,EQ,1998-12-07,33.8,34.0,36.5,33.5,33.80,33.8,34.22,"4,450","1,52,277.50",-,-,-
TUBEINVEST,EQ,1998-12-08,33.8,33.0,33.8,32.5,32.50,32.5,33.05,"8,650","2,85,867.50",-,-,-
TUBEINVEST,EQ,1998-12-09,32.5,33.9,33.9,32.75,33.00,33.0,33.09,"4,450","1,47,255.00",-,-,-
TUBEINVEST,EQ,1998-12-10,33.0,33.0,33.0,32.6,32.85,32.85,32.9,"2,100","69,090.00",-,-,-
TUBEINVEST,EQ,1998-12-11,32.85,32.85,33.25,32.85,33.25,33.25,33.03,950,"31,377.50",-,-,-
TUBEINVEST,EQ,1998-12-14,33.25,33.1,33.2,32.8,32.80,32.8,33.04,"2,200","72,680.00",-,-,-
TUBEINVEST,EQ,1998-12-15,32.8,32.55,32.7,31.5,32.00,32.0,32.11,"3,800","1,22,017.50",-,-,-
TUBEINVEST,EQ,1998-12-16,32.0,33.0,33.0,32.1,32.50,32.5,32.62,"2,000","65,230.00",-,-,-
TUBEINVEST,EQ,1998-12-17,32.5,32.0,32.0,31.1,31.50,31.5,31.41,"1,500","47,107.50",-,-,-
TUBEINVEST,EQ,1998-12-18,31.5,31.55,32.0,31.5,32.00,32.0,31.8,"1,650","52,477.50",-,-,-
TUBEINVEST,EQ,1998-12-21,32.0,32.65,32.9,32.25,32.35,32.35,32.58,"2,150","70,045.00",-,-,-
TUBEINVEST,EQ,1998-12-22,32.35,30.0,33.45,30.0,32.10,32.1,32.44,"3,400","1,10,307.50",-,-,-
TUBEINVEST,EQ,1998-12-23,32.1,33.0,33.75,33.0,33.05,33.05,33.4,"4,700","1,56,970.00",-,-,-
TUBEINVEST,EQ,1998-12-24,33.05,32.9,33.5,32.9,33.30,33.3,33.22,"1,400","46,502.50",-,-,-
TUBEINVEST,EQ,1998-12-28,33.3,32.65,34.5,32.6,34.50,34.5,33.69,"11,400","3,84,105.00",-,-,-
TUBEINVEST,EQ,1998-12-29,34.5,33.55,34.5,32.75,33.00,33.0,33.47,"7,950","2,66,120.00",-,-,-
TUBEINVEST,EQ,1998-12-30,33.0,33.0,34.35,33.0,34.35,34.35,33.66,"5,550","1,86,830.00",-,-,-
TUBEINVEST,EQ,1998-12-31,34.35,33.4,33.5,32.65,33.50,33.5,33.16,"3,300","1,09,420.00",-,-,-
TUBEINVEST,EQ,1999-01-01,33.5,32.95,33.60,32.95,33.15,33.15,33.1,"1,400","46,340.00",-,-,-
TUBEINVEST,EQ,1999-01-04,33.15,33.65,34.15,33.50,34.0,34.0,33.91,"6,900","2,34,000.00",-,-,-
TUBEINVEST,EQ,1999-01-05,34.0,33.95,36.50,33.95,36.0,36.0,35.35,"11,500","4,06,467.50",-,-,-
TUBEINVEST,EQ,1999-01-06,36.0,36.00,36.95,35.00,35.25,35.25,35.91,"30,300","10,88,200.00",-,-,-
TUBEINVEST,EQ,1999-01-07,35.25,35.25,36.50,35.25,36.4,36.4,36.11,"14,550","5,25,435.00",-,-,-
TUBEINVEST,EQ,1999-01-08,36.4,38.95,39.35,36.50,39.0,39.0,37.96,"11,950","4,53,640.00",-,-,-
TUBEINVEST,EQ,1999-01-11,39.0,39.90,42.00,36.00,37.25,37.25,38.4,"11,100","4,26,212.50",-,-,-
TUBEINVEST,EQ,1999-01-12,37.25,37.25,37.25,35.55,35.55,35.55,36.58,"6,200","2,26,802.50",-,-,-
TUBEINVEST,EQ,1999-01-13,35.55,35.85,36.90,35.85,36.25,36.25,36.16,"3,050","1,10,300.00",-,-,-
TUBEINVEST,EQ,1999-01-14,36.25,35.30,36.75,35.05,35.1,35.1,35.42,"3,350","1,18,645.00",-,-,-
TUBEINVEST,EQ,1999-01-15,35.1,35.00,35.05,34.05,34.7,34.7,34.8,"5,050","1,75,750.00",-,-,-
TUBEINVEST,EQ,1999-01-18,34.7,33.80,34.20,33.15,34.2,34.2,33.52,"1,650","55,302.50",-,-,-
TUBEINVEST,EQ,1999-01-19,34.2,34.00,34.90,34.00,34.45,34.45,34.37,"5,200","1,78,702.50",-,-,-
TUBEINVEST,EQ,1999-01-21,34.45,34.45,35.00,34.00,34.35,34.35,34.64,"2,350","81,397.50",-,-,-
TUBEINVEST,EQ,1999-01-22,34.35,35.50,35.50,32.70,34.0,34.0,33.69,"8,600","2,89,770.00",-,-,-
TUBEINVEST,EQ,1999-01-25,34.0,33.05,35.00,32.50,34.15,34.15,33.44,"10,600","3,54,432.50",-,-,-
TUBEINVEST,EQ,1999-01-27,34.15,34.00,36.50,33.80,36.4,36.4,35.35,"7,650","2,70,457.50",-,-,-
TUBEINVEST,EQ,1999-01-28,36.4,38.90,39.30,34.55,35.5,35.5,37.78,"6,200","2,34,242.50",-,-,-
TUBEINVEST,EQ,1999-01-29,35.5,35.50,36.00,34.60,36.0,36.0,35.26,"3,950","1,39,292.50",-,-,-
TUBEINVEST,EQ,1999-02-01,36.0,35.00,36.00,34.60,34.6,34.6,34.92,"1,750","61,110.00",-,-,-
TUBEINVEST,EQ,1999-02-02,34.6,35.00,35.30,33.20,33.25,33.25,34.03,"6,650","2,26,305.00",-,-,-
TUBEINVEST,EQ,1999-02-03,33.25,34.75,35.00,34.60,35.0,35.0,34.76,"8,450","2,93,720.00",-,-,-
TUBEINVEST,EQ,1999-02-04,35.0,34.40,34.95,34.10,34.15,34.15,34.48,"4,200","1,44,820.00",-,-,-
TUBEINVEST,EQ,1999-02-05,34.15,34.00,34.95,33.90,34.0,34.0,34.22,"3,850","1,31,745.00",-,-,-
TUBEINVEST,EQ,1999-02-08,34.0,34.00,34.00,32.05,34.0,34.0,33.52,"6,200","2,07,795.00",-,-,-
TUBEINVEST,EQ,1999-02-09,34.0,33.25,33.50,32.65,33.0,33.0,33.03,"6,650","2,19,617.50",-,-,-
TUBEINVEST,EQ,1999-02-10,33.0,34.00,34.75,33.25,34.75,34.75,33.84,"4,900","1,65,817.50",-,-,-
TUBEINVEST,EQ,1999-02-11,34.75,34.50,37.50,33.50,33.5,33.5,35.99,"20,700","7,45,042.50",-,-,-
TUBEINVEST,EQ,1999-02-12,33.5,34.00,34.45,33.25,34.35,34.35,33.59,"2,950","99,080.00",-,-,-
TUBEINVEST,EQ,1999-02-15,34.35,34.50,36.00,34.20,35.15,35.15,35.13,"10,800","3,79,415.00",-,-,-
TUBEINVEST,EQ,1999-02-16,35.15,35.50,36.00,34.90,36.0,36.0,35.39,"15,100","5,34,355.00",-,-,-
TUBEINVEST,EQ,1999-02-17,36.0,37.60,37.95,35.90,36.7,36.7,36.93,"24,000","8,86,220.00",-,-,-
TUBEINVEST,EQ,1999-02-18,36.7,36.10,39.65,36.10,38.0,38.0,37.79,"28,150","10,63,677.50",-,-,-
TUBEINVEST,EQ,1999-02-19,38.0,39.45,40.00,36.75,37.0,37.0,38.83,"42,800","16,61,907.50",-,-,-
TUBEINVEST,EQ,1999-02-22,37.0,36.50,37.90,35.00,35.0,35.0,36.12,"14,050","5,07,535.00",-,-,-
TUBEINVEST,EQ,1999-02-23,35.0,33.75,35.80,32.55,35.8,35.8,34.65,"8,300","2,87,590.00",-,-,-
TUBEINVEST,EQ,1999-02-24,35.8,34.90,35.00,34.75,34.8,34.8,34.96,"5,950","2,07,987.50",-,-,-
TUBEINVEST,EQ,1999-02-25,34.8,34.60,34.95,34.25,34.95,34.95,34.64,"3,300","1,14,322.50",-,-,-
TUBEINVEST,BE,1999-02-25,35.0,35.00,35.00,35.00,35.0,35.0,35.0,34,"1,190.00",-,-,-
TUBEINVEST,BE,1999-02-26,35.0,34.50,34.50,34.50,34.5,34.5,34.5,2,69.00,-,-,-
TUBEINVEST,EQ,1999-02-26,34.95,34.50,35.40,34.50,35.4,35.4,34.81,"2,000","69,612.50",-,-,-
TUBEINVEST,EQ,1999-02-27,35.4,35.00,37.50,34.40,35.6,35.6,36.15,"7,400","2,67,497.50",-,-,-
TUBEINVEST,BE,1999-03-01,34.5,35.00,35.00,35.00,35.0,35.0,35.0,2,70.00,-,-,-
TUBEINVEST,EQ,1999-03-01,35.6,37.00,37.00,34.55,36.0,36.0,35.87,"4,900","1,75,760.00",-,-,-
TUBEINVEST,EQ,1999-03-03,36.0,38.90,38.90,35.70,35.7,35.7,37.18,"4,150","1,54,297.50",-,-,-
TUBEINVEST,EQ,1999-03-04,35.7,35.50,35.50,34.90,35.0,35.0,35.13,"3,350","1,17,677.50",-,-,-
TUBEINVEST,EQ,1999-03-05,35.0,35.00,35.70,35.00,35.0,35.0,35.23,"5,050","1,77,930.00",-,-,-
TUBEINVEST,EQ,1999-03-08,35.0,35.80,37.35,35.00,35.0,35.0,35.42,"8,850","3,13,502.50",-,-,-
TUBEINVEST,EQ,1999-03-09,35.0,34.60,35.00,34.15,35.0,35.0,34.68,"3,600","1,24,862.50",-,-,-
TUBEINVEST,EQ,1999-03-10,35.0,36.75,36.75,34.00,34.75,34.75,35.63,"37,600","13,39,595.00",-,-,-
TUBEINVEST,EQ,1999-03-11,34.75,34.50,35.00,34.35,34.65,34.65,34.69,"4,050","1,40,485.00",-,-,-
TUBEINVEST,BE,1999-03-11,35.0,34.00,34.00,34.00,34.0,34.0,34.0,17,578.00,-,-,-
TUBEINVEST,EQ,1999-03-12,34.65,34.50,35.20,34.25,35.2,35.2,34.9,"4,500","1,57,052.50",-,-,-
TUBEINVEST,EQ,1999-03-15,35.2,35.80,35.80,33.50,34.05,34.05,34.15,"7,650","2,61,272.50",-,-,-
TUBEINVEST,EQ,1999-03-16,34.05,33.00,34.50,32.90,32.9,32.9,33.49,"20,200","6,76,440.00",-,-,-
TUBEINVEST,EQ,1999-03-17,32.9,33.00,33.90,32.45,32.45,32.45,33.38,"2,300","76,780.00",-,-,-
TUBEINVEST,BE,1999-03-18,34.0,32.00,33.00,32.00,33.0,33.0,32.46,61,"1,980.00",-,-,-
TUBEINVEST,EQ,1999-03-18,32.45,32.15,33.15,32.10,33.0,33.0,32.69,"2,000","65,370.00",-,-,-
TUBEINVEST,EQ,1999-03-19,33.0,33.10,33.90,32.25,32.25,32.25,33.11,"4,850","1,60,597.50",-,-,-
TUBEINVEST,EQ,1999-03-22,32.25,31.75,33.85,31.75,33.4,33.4,33.25,"3,000","99,750.00",-,-,-
TUBEINVEST,EQ,1999-03-23,33.4,31.75,36.00,31.75,34.5,34.5,33.93,"7,250","2,46,025.00",-,-,-
TUBEINVEST,EQ,1999-03-24,34.5,35.80,36.80,33.50,34.3,34.3,35.06,"6,350","2,22,627.50",-,-,-
TUBEINVEST,EQ,1999-03-25,34.3,33.80,34.70,33.50,33.5,33.5,33.94,"2,300","78,072.50",-,-,-
TUBEINVEST,EQ,1999-03-26,33.5,33.50,35.40,33.50,34.7,34.7,34.42,"1,850","63,677.50",-,-,-
TUBEINVEST,EQ,1999-03-30,34.7,36.00,37.50,35.15,37.5,37.5,36.74,"8,750","3,21,495.00",-,-,-
TUBEINVEST,EQ,1999-03-31,37.5,40.50,40.50,39.50,40.5,40.5,40.47,"46,850","18,95,815.00",-,-,-
TUBEINVEST,EQ,1999-04-01,40.5,41.00,41.10,39.15,39.5,39.5,40.0,"22,450","8,98,000.00",-,-,-
TUBEINVEST,EQ,1999-04-05,39.5,38.05,40.00,37.00,38.25,38.25,39.12,"28,450","11,12,972.50",-,-,-
TUBEINVEST,EQ,1999-04-06,38.25,36.50,39.75,36.50,39.75,39.75,38.05,"18,000","6,84,825.00",-,-,-
TUBEINVEST,EQ,1999-04-07,39.75,40.00,41.50,39.10,40.0,40.0,39.99,"18,000","7,19,900.00",-,-,-
TUBEINVEST,EQ,1999-04-08,40.0,39.50,41.00,39.50,40.7,40.7,40.0,"22,100","8,84,062.50",-,-,-
TUBEINVEST,EQ,1999-04-09,40.7,39.25,39.25,38.55,38.6,38.6,38.75,"2,600","1,00,757.50",-,-,-
TUBEINVEST,EQ,1999-04-12,38.6,36.20,38.45,36.00,38.0,38.0,37.03,"6,050","2,24,002.50",-,-,-
TUBEINVEST,EQ,1999-04-13,38.0,37.55,38.50,37.50,38.2,38.2,37.85,"7,400","2,80,077.50",-,-,-
TUBEINVEST,EQ,1999-04-15,38.2,36.00,37.00,35.50,35.7,35.7,36.02,"2,700","97,262.50",-,-,-
TUBEINVEST,EQ,1999-04-16,35.7,36.00,38.50,34.50,38.5,38.5,36.84,"5,200","1,91,545.00",-,-,-
TUBEINVEST,EQ,1999-04-17,38.5,39.25,39.25,35.50,35.5,35.5,37.44,"4,050","1,51,632.50",-,-,-
TUBEINVEST,EQ,1999-04-19,35.5,32.85,37.25,32.85,36.1,36.1,36.12,"3,750","1,35,432.50",-,-,-
TUBEINVEST,EQ,1999-04-20,36.1,36.25,36.25,35.00,36.0,36.0,35.97,"6,250","2,24,820.00",-,-,-
TUBEINVEST,EQ,1999-04-21,36.0,36.00,38.80,35.05,38.75,38.75,37.83,"7,650","2,89,382.50",-,-,-
TUBEINVEST,EQ,1999-04-22,38.75,37.65,38.50,37.00,37.0,37.0,37.61,"1,050","39,487.50",-,-,-
TUBEINVEST,EQ,1999-04-23,37.0,38.40,38.50,37.00,37.0,37.0,37.61,500,"18,805.00",-,-,-
TUBEINVEST,EQ,1999-04-26,37.0,34.20,34.55,34.05,34.1,34.1,34.17,"4,750","1,62,310.00",-,-,-
TUBEINVEST,EQ,1999-04-28,34.1,34.00,34.50,33.10,34.0,34.0,34.15,"2,100","71,710.00",-,-,-
TUBEINVEST,EQ,1999-04-29,34.0,34.00,34.90,33.30,34.9,34.9,34.42,"2,150","73,995.00",-,-,-
TUBEINVEST,EQ,1999-04-30,34.9,35.85,35.85,35.85,35.85,35.85,35.85,400,"14,340.00",-,-,-
TUBEINVEST,EQ,1999-05-03,35.85,33.00,35.00,33.00,35.0,35.0,34.46,"1,100","37,902.50",-,-,-
TUBEINVEST,EQ,1999-05-04,35.0,34.15,36.00,33.30,36.0,36.0,35.06,"4,750","1,66,530.00",-,-,-
TUBEINVEST,EQ,1999-05-05,36.0,35.10,36.90,34.50,36.9,36.9,36.22,"1,950","70,622.50",-,-,-
TUBEINVEST,EQ,1999-05-06,36.9,36.75,39.75,36.25,39.75,39.75,37.99,"5,950","2,26,012.50",-,-,-
TUBEINVEST,EQ,1999-05-07,39.75,40.00,42.60,38.10,42.6,42.6,41.11,"19,150","7,87,185.00",-,-,-
TUBEINVEST,EQ,1999-05-10,42.6,42.00,43.50,41.10,43.5,43.5,42.76,"16,650","7,11,907.50",-,-,-
TUBEINVEST,EQ,1999-05-11,43.5,43.40,44.25,41.60,44.25,44.25,43.44,"20,250","8,79,580.00",-,-,-
TUBEINVEST,EQ,1999-05-12,44.25,42.05,45.00,42.05,43.0,43.0,44.31,"1,04,200","46,17,425.00",-,-,-
TUBEINVEST,EQ,1999-05-13,43.0,44.00,45.00,42.40,44.95,44.95,44.88,"45,700","20,51,177.50",-,-,-
TUBEINVEST,EQ,1999-05-14,44.95,47.00,47.00,44.00,45.65,45.65,45.46,"16,900","7,68,337.50",-,-,-
TUBEINVEST,EQ,1999-05-17,45.65,44.10,44.10,42.00,42.0,42.0,42.97,"7,150","3,07,232.50",-,-,-
TUBEINVEST,EQ,1999-05-18,42.0,42.00,43.40,41.25,42.05,42.05,42.08,"7,850","3,30,310.00",-,-,-
TUBEINVEST,EQ,1999-05-19,42.05,42.95,43.10,41.25,42.75,42.75,42.6,"5,700","2,42,792.50",-,-,-
TUBEINVEST,EQ,1999-05-20,42.75,42.50,43.80,41.70,43.8,43.8,42.67,"4,850","2,06,932.50",-,-,-
TUBEINVEST,EQ,1999-05-21,43.8,42.00,42.50,41.50,42.5,42.5,41.83,"3,950","1,65,235.00",-,-,-
TUBEINVEST,EQ,1999-05-24,42.5,42.15,42.90,41.00,41.0,41.0,45.68,"1,01,850","46,52,525.00",-,-,-
TUBEINVEST,EQ,1999-05-25,41.0,41.50,42.00,41.00,42.0,42.0,41.45,"4,900","2,03,110.00",-,-,-
TUBEINVEST,EQ,1999-05-26,42.0,41.05,41.05,40.25,40.25,40.25,40.6,"2,100","85,265.00",-,-,-
TUBEINVEST,EQ,1999-05-27,40.25,39.90,41.45,39.90,40.25,40.25,40.54,"5,450","2,20,927.50",-,-,-
TUBEINVEST,EQ,1999-05-28,40.25,41.00,41.00,38.50,40.0,40.0,39.42,"4,850","1,91,182.50",-,-,-
TUBEINVEST,EQ,1999-05-31,40.0,40.05,40.90,40.00,40.9,40.9,40.31,"2,450","98,762.50",-,-,-
TUBEINVEST,EQ,1999-06-01,40.9,40.50,41.00,40.25,40.5,40.5,40.67,"4,500","1,82,997.50",-,-,-
TUBEINVEST,EQ,1999-06-02,40.5,40.50,41.05,40.50,40.5,40.5,40.69,"2,050","83,412.50",-,-,-
TUBEINVEST,EQ,1999-06-03,40.5,41.00,42.50,41.00,42.5,42.5,41.82,"3,500","1,46,365.00",-,-,-
TUBEINVEST,EQ,1999-06-04,42.5,42.50,43.75,42.00,43.5,43.5,42.93,"3,450","1,48,107.50",-,-,-
TUBEINVEST,EQ,1999-06-07,43.5,43.50,43.50,42.05,42.8,42.8,42.5,"3,100","1,31,740.00",-,-,-
TUBEINVEST,EQ,1999-06-08,42.8,40.25,42.00,40.25,41.0,41.0,41.1,"6,400","2,63,052.50",-,-,-
TUBEINVEST,EQ,1999-06-09,41.0,42.70,42.70,42.70,42.7,42.7,42.7,"2,600","1,11,020.00",-,-,-
TUBEINVEST,EQ,1999-06-10,42.7,45.00,45.00,43.15,43.5,43.5,43.91,"7,300","3,20,575.00",-,-,-
TUBEINVEST,EQ,1999-06-11,43.5,43.05,43.50,42.25,43.0,42.55,42.96,"5,850","2,51,340.00",-,-,-
TUBEINVEST,EQ,1999-06-14,42.55,42.05,42.95,41.20,41.8,41.8,41.92,"3,500","1,46,712.50",-,-,-
TUBEINVEST,EQ,1999-06-15,41.8,41.05,41.75,39.60,40.5,40.5,40.58,"5,150","2,08,975.00",-,-,-
TUBEINVEST,EQ,1999-06-16,40.5,40.25,40.25,39.05,40.25,40.25,39.77,"4,250","1,69,030.00",-,-,-
TUBEINVEST,EQ,1999-06-17,40.25,40.60,40.60,39.75,40.5,40.5,40.18,"1,150","46,212.50",-,-,-
TUBEINVEST,EQ,1999-06-18,40.5,40.00,40.20,37.50,37.5,38.05,38.78,"9,350","3,62,595.00",-,-,-
TUBEINVEST,EQ,1999-06-21,38.05,39.75,39.75,38.50,39.4,39.4,39.38,"2,250","88,600.00",-,-,-
TUBEINVEST,EQ,1999-06-22,39.4,39.30,41.00,39.30,39.55,39.7,39.71,"3,300","1,31,032.50",-,-,-
TUBEINVEST,BE,1999-06-22,33.0,39.75,39.75,39.75,39.75,39.75,39.75,1,39.75,-,-,-
TUBEINVEST,EQ,1999-06-23,39.7,39.50,42.90,38.55,39.7,39.7,40.31,"9,100","3,66,802.50",-,-,-
TUBEINVEST,EQ,1999-06-24,39.7,39.55,39.95,38.55,39.2,39.2,39.48,"2,250","88,825.00",-,-,-
TUBEINVEST,EQ,1999-06-25,39.2,39.00,39.00,38.85,39.0,39.0,38.93,950,"36,980.00",-,-,-
TUBEINVEST,EQ,1999-06-28,39.0,39.50,41.00,39.50,40.25,39.7,40.17,"7,400","2,97,225.00",-,-,-
TUBEINVEST,EQ,1999-06-29,39.7,39.40,40.50,39.40,40.5,40.5,39.8,"5,950","2,36,800.00",-,-,-
TUBEINVEST,EQ,1999-06-30,40.5,40.40,40.50,39.90,40.35,40.35,40.41,"2,100","84,855.00",-,-,-
TUBEINVEST,EQ,1999-07-01,40.35,41.25,42.00,41.00,42.0,41.95,41.42,"10,150","4,20,457.50",-,-,-
TUBEINVEST,EQ,1999-07-02,41.95,41.65,42.40,41.25,41.75,41.55,41.81,"5,200","2,17,430.00",-,-,-
TUBEINVEST,EQ,1999-07-05,41.55,42.00,44.90,41.00,44.9,44.9,43.09,"15,650","6,74,375.00",-,-,-
TUBEINVEST,EQ,1999-07-06,44.9,44.75,47.50,44.70,46.05,46.55,46.45,"28,800","13,37,775.00",-,-,-
TUBEINVEST,EQ,1999-07-07,46.55,47.00,48.00,46.25,46.25,46.25,47.36,"20,450","9,68,475.00",-,-,-
TUBEINVEST,EQ,1999-07-08,46.25,46.00,47.00,45.55,46.1,45.85,46.19,"29,550","13,64,957.50",-,-,-
TUBEINVEST,EQ,1999-07-09,45.85,46.00,49.50,46.00,49.5,48.55,47.84,"25,700","12,29,540.00",-,-,-
TUBEINVEST,EQ,1999-07-12,48.55,51.50,52.45,49.00,52.45,52.45,52.06,"16,700","8,69,407.50",-,-,-
TUBEINVEST,EQ,1999-07-13,52.45,54.50,56.65,53.00,53.0,54.25,55.61,"60,300","33,53,095.00",-,-,-
TUBEINVEST,EQ,1999-07-14,54.25,55.25,56.00,54.00,55.0,54.95,54.59,"37,100","20,25,405.00",-,-,-
TUBEINVEST,EQ,1999-07-15,54.95,54.50,59.35,51.05,52.5,52.2,55.3,"56,550","31,27,305.00",-,-,-
TUBEINVEST,EQ,1999-07-16,52.2,55.00,56.40,52.65,56.4,56.4,54.41,"1,53,650","83,60,717.50",-,-,-
TUBEINVEST,EQ,1999-07-19,56.4,58.00,60.95,58.00,60.95,60.95,60.42,"1,43,500","86,70,967.50",-,-,-
TUBEINVEST,EQ,1999-07-20,60.95,61.00,62.50,58.00,60.9,60.05,60.62,"71,150","43,12,822.50",-,-,-
TUBEINVEST,BE,1999-07-21,39.75,58.00,58.00,58.00,58.0,58.0,58.0,1,58.00,-,-,-
TUBEINVEST,EQ,1999-07-21,60.05,63.00,64.85,63.00,64.85,64.85,64.77,"16,100","10,42,857.50",-,-,-
TUBEINVEST,EQ,1999-07-22,64.85,68.00,70.00,66.00,67.0,67.05,67.99,"60,700","41,27,045.00",-,-,-
TUBEINVEST,EQ,1999-07-23,67.05,66.90,66.90,61.70,63.95,63.5,63.28,"33,000","20,88,182.50",-,-,-
TUBEINVEST,EQ,1999-07-26,63.5,68.60,68.60,68.60,68.6,68.6,68.6,"8,250","5,65,950.00",-,-,-
TUBEINVEST,BE,1999-07-26,58.0,68.60,68.60,68.60,68.6,68.6,68.6,59,"4,047.40",-,-,-
TUBEINVEST,EQ,1999-07-27,68.6,72.00,74.10,72.00,74.1,74.1,74.1,"31,400","23,26,635.00",-,-,-
TUBEINVEST,EQ,1999-07-28,74.1,79.90,80.05,76.00,79.05,78.1,79.25,"1,42,200","1,12,69,822.50",-,-,-
TUBEINVEST,EQ,1999-07-29,78.1,77.25,79.00,73.10,74.0,74.15,75.15,"43,300","32,53,867.50",-,-,-
TUBEINVEST,EQ,1999-07-30,74.15,73.00,75.50,71.25,74.7,74.25,73.96,"33,300","24,62,965.00",-,-,-
TUBEINVEST,EQ,1999-08-02,74.25,70.75,73.00,69.00,69.5,69.8,70.91,"31,500","22,33,802.50",-,-,-
TUBEINVEST,EQ,1999-08-03,69.8,66.50,69.00,65.35,67.35,67.3,67.48,"42,650","28,78,037.50",-,-,-
TUBEINVEST,EQ,1999-08-04,67.3,69.90,72.00,69.90,71.0,70.95,70.88,"33,300","23,60,287.50",-,-,-
TUBEINVEST,EQ,1999-08-05,70.95,72.85,76.65,72.00,76.65,76.65,75.97,"46,650","35,43,825.00",-,-,-
TUBEINVEST,BE,1999-08-05,68.6,76.00,76.00,76.00,76.0,76.0,76.0,23,"1,748.00",-,-,-
TUBEINVEST,EQ,1999-08-06,76.65,79.75,82.80,79.75,82.8,82.8,82.7,"38,350","31,71,700.00",-,-,-
TUBEINVEST,BE,1999-08-06,76.0,82.80,82.80,82.80,82.8,82.8,82.8,66,"5,464.80",-,-,-
TUBEINVEST,EQ,1999-08-09,82.8,89.40,89.45,89.40,89.45,89.45,89.45,"1,06,800","95,53,117.50",-,-,-
TUBEINVEST,EQ,1999-08-10,89.45,96.60,96.65,96.60,96.65,96.65,96.64,"37,050","35,80,640.00",-,-,-
TUBEINVEST,BE,1999-08-11,82.8,102.00,104.40,102.00,104.4,104.4,103.26,19,"1,962.00",-,-,-
TUBEINVEST,EQ,1999-08-11,96.65,104.40,104.40,94.00,104.4,104.4,103.78,"2,26,650","2,35,20,987.50",-,-,-
TUBEINVEST,EQ,1999-08-12,104.4,112.50,112.75,107.00,110.0,110.35,110.93,"1,10,200","1,22,24,022.50",-,-,-
TUBEINVEST,EQ,1999-08-13,110.35,108.00,109.00,101.55,105.0,105.45,104.05,"79,100","82,30,590.00",-,-,-
TUBEINVEST,EQ,1999-08-16,105.45,106.00,112.50,101.00,107.5,109.1,107.83,"87,200","94,03,042.50",-,-,-
TUBEINVEST,EQ,1999-08-17,109.1,108.50,117.85,104.70,117.85,117.85,109.62,"6,35,500","6,96,62,097.50",-,-,-
TUBEINVEST,EQ,1999-08-18,117.85,127.00,127.30,127.00,127.3,127.3,127.28,"9,250","11,77,360.00",-,-,-
TUBEINVEST,EQ,1999-08-19,127.3,137.50,137.50,118.00,118.25,118.95,129.57,"59,550","77,15,767.50",-,-,-
TUBEINVEST,EQ,1999-08-20,118.95,123.50,127.90,114.10,127.9,125.7,122.6,"1,98,300","2,43,12,432.50",-,-,-
TUBEINVEST,EQ,1999-08-23,125.7,127.50,135.50,126.50,132.0,131.85,131.15,"72,300","94,81,832.50",-,-,-
TUBEINVEST,EQ,1999-08-24,131.85,130.00,135.00,126.00,131.0,128.05,128.47,"23,450","30,12,510.00",-,-,-
TUBEINVEST,BE,1999-08-24,104.4,124.00,124.00,124.00,124.0,124.0,124.0,66,"8,184.00",-,-,-
TUBEINVEST,EQ,1999-08-25,128.05,137.00,137.00,118.00,120.0,119.75,124.55,"24,600","30,63,850.00",-,-,-
TUBEINVEST,EQ,1999-08-26,119.75,119.00,125.90,119.00,125.0,124.8,123.81,"37,850","46,86,147.50",-,-,-
TUBEINVEST,BE,1999-08-27,124.0,125.00,125.00,125.00,125.0,125.0,125.0,10,"1,250.00",-,-,-
TUBEINVEST,EQ,1999-08-27,124.8,123.00,125.00,116.00,116.55,118.0,121.18,"15,050","18,23,782.50",-,-,-
TUBEINVEST,EQ,1999-08-30,118.0,118.50,127.45,118.00,126.25,127.3,126.61,"1,49,950","1,89,84,547.50",-,-,-
TUBEINVEST,EQ,1999-08-31,127.3,128.00,130.50,123.50,129.0,129.4,128.78,"47,250","60,84,707.50",-,-,-
TUBEINVEST,EQ,1999-09-01,129.4,133.00,133.00,122.50,123.7,123.8,125.6,"19,750","24,80,522.50",-,-,-
TUBEINVEST,EQ,1999-09-02,123.8,121.05,122.00,115.25,117.0,116.8,118.85,"12,650","15,03,425.00",-,-,-
TUBEINVEST,EQ,1999-09-03,116.8,108.00,117.40,108.00,113.5,113.85,114.24,"14,050","16,05,097.50",-,-,-
TUBEINVEST,BE,1999-09-03,125.0,108.00,108.00,108.00,108.0,108.0,108.0,66,"7,128.00",-,-,-
TUBEINVEST,EQ,1999-09-06,113.85,115.00,123.00,115.00,123.0,123.0,122.85,"62,500","76,77,897.50",-,-,-
TUBEINVEST,EQ,1999-09-07,123.0,126.00,128.00,122.20,125.6,126.05,125.48,"73,150","91,79,105.00",-,-,-
TUBEINVEST,EQ,1999-09-08,126.05,133.45,133.45,123.25,126.0,125.3,125.2,"29,900","37,43,567.50",-,-,-
TUBEINVEST,EQ,1999-09-09,125.3,124.25,125.75,122.05,123.5,124.15,124.52,"28,600","35,61,247.50",-,-,-
TUBEINVEST,BE,1999-09-10,108.0,115.00,115.00,115.00,115.0,115.0,115.0,30,"3,450.00",-,-,-
TUBEINVEST,EQ,1999-09-10,124.15,123.50,125.00,120.60,123.5,124.55,123.2,"19,400","23,90,025.00",-,-,-
TUBEINVEST,EQ,1999-09-14,124.55,125.00,127.40,118.00,119.0,119.65,120.99,"26,250","31,76,032.50",-,-,-
TUBEINVEST,EQ,1999-09-15,119.65,121.50,124.55,118.50,119.4,119.8,120.82,"7,050","8,51,797.50",-,-,-
TUBEINVEST,EQ,1999-09-16,119.8,121.00,121.00,114.00,115.0,115.25,116.16,"4,400","5,11,097.50",-,-,-
TUBEINVEST,EQ,1999-09-17,115.25,112.50,118.90,111.00,118.9,117.3,115.86,"8,850","10,25,357.50",-,-,-
TUBEINVEST,BE,1999-09-20,115.0,120.00,120.00,120.00,120.0,120.0,120.0,33,"3,960.00",-,-,-
TUBEINVEST,EQ,1999-09-20,117.3,120.00,123.00,119.05,120.0,120.0,120.68,"15,200","18,34,357.50",-,-,-
TUBEINVEST,EQ,1999-09-21,120.0,117.55,122.00,116.40,120.05,120.5,119.84,"18,950","22,70,935.00",-,-,-
TUBEINVEST,EQ,1999-09-22,120.5,121.00,130.15,120.10,130.15,130.15,129.31,"2,29,700","2,97,02,835.00",-,-,-
TUBEINVEST,BE,1999-09-22,120.0,130.15,130.15,130.15,130.15,130.15,130.15,"5,000","6,50,750.00",-,-,-
TUBEINVEST,EQ,1999-09-23,130.15,140.55,140.55,137.50,140.4,140.2,140.49,"1,70,250","2,39,18,260.00",-,-,-
TUBEINVEST,EQ,1999-09-24,140.2,140.75,151.45,137.00,151.45,151.45,148.94,"1,41,400","2,10,60,015.00",-,-,-
TUBEINVEST,EQ,1999-09-27,151.45,152.00,160.00,142.50,144.9,143.65,150.73,"1,47,500","2,22,31,972.50",-,-,-
TUBEINVEST,BE,1999-09-27,130.15,147.00,147.00,147.00,147.0,147.0,147.0,2,294.00,-,-,-
TUBEINVEST,EQ,1999-09-28,143.65,140.05,146.00,136.60,140.7,139.55,140.8,"54,250","76,38,615.00",-,-,-
TUBEINVEST,EQ,1999-09-29,139.55,143.00,147.00,139.05,146.0,143.8,143.73,"58,850","84,58,665.00",-,-,-
TUBEINVEST,BE,1999-09-30,147.0,-,-,-,147.0,155.3,155.3,100,"15,530.00",-,-,-
TUBEINVEST,EQ,1999-09-30,143.8,148.00,155.30,146.00,153.0,152.95,153.27,"89,500","1,37,18,007.50",-,-,-
TUBEINVEST,EQ,1999-10-01,152.95,150.00,155.00,143.00,151.5,151.7,147.67,"43,000","63,49,875.00",-,-,-
TUBEINVEST,BE,1999-10-01,155.3,160.00,160.00,160.00,160.0,160.0,160.0,3,480.00,-,-,-
TUBEINVEST,EQ,1999-10-04,151.7,150.50,150.50,139.60,139.65,139.7,143.91,"26,000","37,41,670.00",-,-,-
TUBEINVEST,BE,1999-10-04,160.0,160.00,160.00,160.00,160.0,160.0,160.0,15,"2,400.00",-,-,-
TUBEINVEST,EQ,1999-10-05,139.7,135.00,143.00,132.00,142.0,140.85,137.5,"1,14,400","1,57,30,465.00",-,-,-
TUBEINVEST,BE,1999-10-06,160.0,152.00,152.00,152.00,152.0,152.0,152.0,5,760.00,-,-,-
TUBEINVEST,EQ,1999-10-06,140.85,143.00,150.00,143.00,150.0,148.25,147.43,"23,950","35,30,835.00",-,-,-
TUBEINVEST,BE,1999-10-07,152.0,159.95,160.00,159.95,160.0,160.0,160.0,66,"10,559.95",-,-,-
TUBEINVEST,EQ,1999-10-07,148.25,152.00,160.15,151.90,160.15,160.15,159.38,"1,32,750","2,11,57,095.00",-,-,-
TUBEINVEST,EQ,1999-10-08,160.15,169.95,173.00,165.50,173.0,173.0,172.33,"82,450","1,42,08,775.00",-,-,-
TUBEINVEST,EQ,1999-10-11,173.0,170.10,182.25,170.00,177.0,176.5,178.26,"1,33,700","2,38,33,087.50",-,-,-
TUBEINVEST,EQ,1999-10-12,176.5,180.00,180.00,171.00,177.5,176.7,175.64,"52,950","93,00,357.50",-,-,-
TUBEINVEST,EQ,1999-10-13,176.7,176.00,178.00,168.20,174.9,174.2,173.75,"15,250","26,49,720.00",-,-,-
TUBEINVEST,EQ,1999-10-14,174.2,170.00,175.00,160.30,166.85,166.15,162.06,"60,850","98,61,145.00",-,-,-
TUBEINVEST,EQ,1999-10-15,166.15,163.55,163.55,154.00,154.0,154.75,154.26,"1,10,500","1,70,45,540.00",-,-,-
TUBEINVEST,EQ,1999-10-18,154.75,150.00,167.00,150.00,167.0,165.1,161.15,"29,050","46,81,455.00",-,-,-
TUBEINVEST,EQ,1999-10-20,165.1,175.00,176.00,164.60,169.5,168.25,169.75,"16,500","28,00,937.50",-,-,-
TUBEINVEST,BE,1999-10-21,160.0,160.00,160.00,160.00,160.0,160.0,160.0,1,160.00,-,-,-
TUBEINVEST,EQ,1999-10-21,168.25,177.00,177.00,155.50,159.1,161.2,163.63,"13,050","21,35,342.50",-,-,-
TUBEINVEST,EQ,1999-10-22,161.2,160.00,160.00,151.50,154.4,153.05,153.39,"8,150","12,50,147.50",-,-,-
TUBEINVEST,BE,1999-10-23,160.0,161.00,161.00,161.00,161.0,161.0,161.0,44,"7,084.00",-,-,-
TUBEINVEST,EQ,1999-10-23,153.05,155.00,165.00,155.00,165.0,161.8,159.95,"3,650","5,83,817.50",-,-,-
TUBEINVEST,EQ,1999-10-25,161.8,171.75,171.75,149.00,150.5,152.25,158.69,"17,250","27,37,447.50",-,-,-
TUBEINVEST,BE,1999-10-25,161.0,170.00,170.00,169.90,169.9,169.9,169.99,47,"7,989.50",-,-,-
TUBEINVEST,EQ,1999-10-26,152.25,154.00,155.00,146.00,150.0,148.65,150.73,"16,100","24,26,675.00",-,-,-
TUBEINVEST,BE,1999-10-26,169.9,155.00,155.00,155.00,155.0,155.0,155.0,30,"4,650.00",-,-,-
TUBEINVEST,EQ,1999-10-27,148.65,156.25,157.50,150.00,152.8,151.55,153.75,"14,250","21,90,962.50",-,-,-
TUBEINVEST,BE,1999-10-27,155.0,139.00,139.00,139.00,139.0,139.0,139.0,33,"4,587.00",-,-,-
TUBEINVEST,EQ,1999-10-28,151.55,153.80,153.90,146.75,147.5,148.7,149.27,"8,800","13,13,587.50",-,-,-
TUBEINVEST,EQ,1999-10-29,148.7,140.30,145.40,136.95,145.4,140.9,139.46,"46,050","64,22,327.50",-,-,-
TUBEINVEST,EQ,1999-11-01,140.9,150.00,151.35,129.65,129.65,129.65,142.66,"33,500","47,79,040.00",-,-,-
TUBEINVEST,BE,1999-11-01,139.0,151.35,151.35,151.35,151.35,151.35,151.35,5,756.75,-,-,-
TUBEINVEST,EQ,1999-11-02,129.65,122.25,140.05,122.25,140.05,140.0,137.6,"37,050","50,98,122.50",-,-,-
TUBEINVEST,BE,1999-11-03,151.35,149.70,149.70,149.70,149.7,149.7,149.7,1,149.70,-,-,-
TUBEINVEST,EQ,1999-11-03,140.0,147.00,149.70,132.20,135.5,136.05,140.33,"28,500","39,99,282.50",-,-,-
TUBEINVEST,EQ,1999-11-04,136.05,135.00,138.00,131.00,136.0,137.3,135.23,"6,750","9,12,812.50",-,-,-
TUBEINVEST,EQ,1999-11-05,137.3,142.10,142.50,130.00,132.0,132.85,133.47,"22,250","29,69,707.50",-,-,-
TUBEINVEST,BE,1999-11-05,149.7,130.00,130.00,130.00,130.0,130.0,130.0,45,"5,850.00",-,-,-
TUBEINVEST,EQ,1999-11-07,132.85,135.00,142.50,130.00,134.0,136.9,137.76,"22,800","31,40,905.00",-,-,-
TUBEINVEST,EQ,1999-11-09,136.9,137.00,140.95,136.00,137.2,138.55,138.58,"23,200","32,15,132.50",-,-,-
TUBEINVEST,BE,1999-11-09,130.0,135.00,135.00,135.00,135.0,135.0,135.0,25,"3,375.00",-,-,-
TUBEINVEST,BE,1999-11-10,135.0,147.00,147.00,147.00,147.0,147.0,147.0,1,147.00,-,-,-
TUBEINVEST,EQ,1999-11-10,138.55,140.00,142.50,135.25,141.5,141.25,139.93,"15,250","21,33,867.50",-,-,-
TUBEINVEST,EQ,1999-11-11,141.25,140.05,142.90,136.00,136.0,136.6,140.93,"1,03,200","1,45,43,597.50",-,-,-
TUBEINVEST,EQ,1999-11-12,136.6,139.00,140.00,136.25,139.0,137.9,138.16,"9,650","13,33,220.00",-,-,-
TUBEINVEST,EQ,1999-11-15,137.9,148.90,148.90,142.00,142.0,142.2,145.51,"30,400","44,23,525.00",-,-,-
TUBEINVEST,EQ,1999-11-16,142.2,140.00,140.90,135.00,135.75,135.8,137.23,"13,750","18,86,857.50",-,-,-
TUBEINVEST,EQ,1999-11-17,135.8,139.90,141.00,132.00,135.0,135.0,137.08,"15,750","21,59,055.00",-,-,-
TUBEINVEST,EQ,1999-11-18,135.0,135.00,135.00,132.05,134.25,133.7,133.57,"4,100","5,47,627.50",-,-,-
TUBEINVEST,EQ,1999-11-19,133.7,138.50,139.00,130.00,133.0,133.35,134.28,"14,200","19,06,740.00",-,-,-
TUBEINVEST,EQ,1999-11-22,133.35,132.00,132.00,125.00,127.7,125.8,127.49,"47,800","60,93,842.50",-,-,-
TUBEINVEST,EQ,1999-11-24,125.8,127.00,134.75,127.00,133.0,133.55,132.77,"11,050","14,67,112.50",-,-,-
TUBEINVEST,BE,1999-11-24,147.0,135.75,135.75,135.75,135.75,135.75,135.75,10,"1,357.50",-,-,-
TUBEINVEST,BE,1999-11-25,135.75,135.00,135.00,130.00,130.0,130.0,131.72,186,"24,500.50",-,-,-
TUBEINVEST,EQ,1999-11-25,133.55,133.90,135.00,130.50,131.25,131.35,132.19,"8,450","11,16,970.00",-,-,-
TUBEINVEST,EQ,1999-11-26,131.35,130.00,131.00,127.00,128.0,128.0,128.35,"4,050","5,19,815.00",-,-,-
TUBEINVEST,BE,1999-11-29,130.0,130.00,130.00,130.00,130.0,130.0,130.0,13,"1,690.00",-,-,-
TUBEINVEST,EQ,1999-11-29,128.0,130.00,132.00,121.15,127.0,127.35,128.48,"43,300","55,63,367.50",-,-,-
TUBEINVEST,EQ,1999-11-30,127.35,125.05,137.55,125.05,137.55,137.55,134.37,"1,07,950","1,45,05,602.50",-,-,-
TUBEINVEST,BE,1999-11-30,130.0,137.00,137.00,137.00,137.0,137.0,137.0,50,"6,850.00",-,-,-
TUBEINVEST,EQ,1999-12-01,137.55,142.50,145.90,140.50,142.0,141.85,143.55,"72,250","1,03,71,830.00",-,-,-
TUBEINVEST,EQ,1999-12-02,141.85,143.70,143.70,133.50,133.5,134.65,138.21,"31,150","43,05,120.00",-,-,-
TUBEINVEST,EQ,1999-12-03,134.65,135.05,141.00,134.35,136.0,136.05,135.68,"24,850","33,71,725.00",-,-,-
TUBEINVEST,EQ,1999-12-06,136.05,131.05,140.00,131.05,137.45,136.25,136.43,"22,200","30,28,710.00",-,-,-
TUBEINVEST,BE,1999-12-06,137.0,137.00,137.00,137.00,137.0,137.0,137.0,33,"4,521.00",-,-,-
TUBEINVEST,EQ,1999-12-07,136.25,135.05,140.00,135.05,137.0,137.0,137.88,"42,650","58,80,667.50",-,-,-
TUBEINVEST,EQ,1999-12-08,137.0,140.00,140.00,131.00,131.0,131.8,134.77,"42,700","57,54,865.00",-,-,-
TUBEINVEST,EQ,1999-12-09,131.8,132.10,132.10,125.00,128.5,126.35,127.78,"70,450","90,02,110.00",-,-,-
TUBEINVEST,EQ,1999-12-10,126.35,130.20,131.90,128.00,129.0,129.45,129.57,"37,700","48,84,940.00",-,-,-
TUBEINVEST,EQ,1999-12-13,129.45,129.00,130.90,123.25,126.3,126.1,127.79,"61,150","78,14,077.50",-,-,-
TUBEINVEST,EQ,1999-12-14,126.1,123.60,132.00,123.60,129.5,128.8,128.17,"52,850","67,73,742.50",-,-,-
TUBEINVEST,BE,1999-12-14,137.0,136.00,136.00,136.00,136.0,136.0,136.0,10,"1,360.00",-,-,-
TUBEINVEST,EQ,1999-12-15,128.8,127.90,128.00,123.50,125.95,125.6,125.08,"26,700","33,39,647.50",-,-,-
TUBEINVEST,EQ,1999-12-16,125.6,121.00,127.70,121.00,125.8,125.15,125.96,"1,09,950","1,38,48,757.50",-,-,-
TUBEINVEST,EQ,1999-12-17,125.15,126.00,126.70,122.50,124.5,124.5,124.03,"9,800","12,15,447.50",-,-,-
TUBEINVEST,EQ,1999-12-20,124.5,128.50,128.50,122.00,123.2,122.85,124.0,"14,700","18,22,850.00",-,-,-
TUBEINVEST,EQ,1999-12-21,122.85,123.40,123.40,115.00,115.0,115.15,119.18,"20,850","24,84,847.50",-,-,-
TUBEINVEST,EQ,1999-12-22,115.15,120.00,124.40,115.25,124.4,124.4,121.12,"37,150","44,99,582.50",-,-,-
TUBEINVEST,EQ,1999-12-23,124.4,134.35,134.35,134.35,134.35,134.35,134.35,"3,000","4,03,050.00",-,-,-
TUBEINVEST,EQ,1999-12-24,134.35,138.00,145.10,127.00,130.5,130.1,135.59,"41,650","56,47,147.50",-,-,-
TUBEINVEST,EQ,1999-12-27,130.1,127.00,130.00,121.00,122.1,123.1,124.85,"13,400","16,72,932.50",-,-,-
TUBEINVEST,EQ,1999-12-28,123.1,120.20,129.00,119.95,126.0,126.6,124.28,"16,800","20,87,822.50",-,-,-
TUBEINVEST,EQ,1999-12-29,126.6,130.00,130.00,125.00,127.25,126.9,127.77,"7,250","9,26,307.50",-,-,-
TUBEINVEST,EQ,1999-12-30,126.9,123.10,130.00,122.75,124.25,124.45,124.76,"14,000","17,46,657.50",-,-,-
TUBEINVEST,BE,2000-01-03,136.0,130.0,130.0,130.0,130.0,130.0,130.0,6,780.00,-,-,-
TUBEINVEST,EQ,2000-01-03,124.45,132.0,134.4,130.0,130.5,131.4,132.48,"24,900","32,98,875.00",-,-,-
TUBEINVEST,EQ,2000-01-04,131.4,135.9,136.0,123.0,127.5,124.35,125.75,"14,650","18,42,310.00",-,-,-
TUBEINVEST,BE,2000-01-04,130.0,130.0,141.9,130.0,141.9,141.9,132.54,55,"7,289.50",-,-,-
TUBEINVEST,EQ,2000-01-05,124.35,129.95,129.95,122.0,122.5,123.15,125.31,"13,950","17,48,097.50",-,-,-
TUBEINVEST,BE,2000-01-06,141.9,125.0,125.0,125.0,125.0,125.0,125.0,16,"2,000.00",-,-,-
TUBEINVEST,EQ,2000-01-06,123.15,123.5,130.9,121.0,126.35,126.3,126.66,"23,800","30,14,585.00",-,-,-
TUBEINVEST,EQ,2000-01-07,126.3,123.0,125.8,119.0,121.4,121.2,122.04,"10,350","12,63,160.00",-,-,-
TUBEINVEST,BE,2000-01-07,125.0,133.0,134.0,133.0,134.0,134.0,133.14,70,"9,320.00",-,-,-
TUBEINVEST,EQ,2000-01-10,121.2,119.0,124.0,117.0,117.05,117.25,120.98,"8,700","10,52,560.00",-,-,-
TUBEINVEST,BE,2000-01-11,134.0,115.1,115.1,115.1,115.1,115.1,115.1,40,"4,604.00",-,-,-
TUBEINVEST,EQ,2000-01-11,117.25,118.0,120.0,110.0,112.0,111.45,114.02,"17,150","19,55,500.00",-,-,-
TUBEINVEST,EQ,2000-01-12,111.45,115.4,117.0,113.5,116.0,116.25,115.39,"14,950","17,25,130.00",-,-,-
TUBEINVEST,EQ,2000-01-13,116.25,116.5,116.9,107.0,115.0,108.95,110.99,"15,350","17,03,625.00",-,-,-
TUBEINVEST,BE,2000-01-13,115.1,125.0,125.0,125.0,125.0,125.0,125.0,10,"1,250.00",-,-,-
TUBEINVEST,EQ,2000-01-14,108.95,108.0,117.55,103.25,116.0,116.7,109.95,"14,550","15,99,720.00",-,-,-
TUBEINVEST,BE,2000-01-14,125.0,117.0,117.0,117.0,117.0,117.0,117.0,450,"52,650.00",-,-,-
TUBEINVEST,EQ,2000-01-17,116.7,116.0,122.0,113.0,122.0,118.6,116.94,"35,500","41,51,532.50",-,-,-
TUBEINVEST,EQ,2000-01-18,118.6,118.0,125.35,115.0,124.75,122.45,120.34,"25,550","30,74,685.00",-,-,-
TUBEINVEST,BE,2000-01-18,117.0,120.0,120.0,120.0,120.0,120.0,120.0,50,"6,000.00",-,-,-
TUBEINVEST,EQ,2000-01-19,122.45,125.0,132.25,122.0,132.25,127.15,126.5,"1,30,900","1,65,58,602.50",-,-,-
TUBEINVEST,EQ,2000-01-20,127.15,137.0,137.35,131.0,137.25,135.45,136.03,"88,350","1,20,18,670.00",-,-,-
TUBEINVEST,BE,2000-01-20,120.0,135.0,135.0,132.0,135.0,135.0,134.74,35,"4,716.00",-,-,-
TUBEINVEST,EQ,2000-01-21,135.45,142.0,145.0,132.0,142.0,139.05,138.23,"1,34,300","1,85,63,897.50",-,-,-
TUBEINVEST,EQ,2000-01-24,139.05,139.9,142.0,134.0,136.4,138.55,138.14,"61,100","84,40,270.00",-,-,-
TUBEINVEST,BE,2000-01-24,135.0,128.0,128.0,128.0,128.0,128.0,128.0,20,"2,560.00",-,-,-
TUBEINVEST,EQ,2000-01-25,138.55,134.1,136.0,128.0,128.5,132.6,132.45,"67,300","89,13,655.00",-,-,-
TUBEINVEST,BE,2000-01-27,128.0,139.0,139.0,139.0,139.0,139.0,139.0,3,417.00,-,-,-
TUBEINVEST,EQ,2000-01-27,132.6,140.0,143.0,135.0,135.9,135.55,139.34,"1,42,900","1,99,11,510.00",-,-,-
TUBEINVEST,EQ,2000-01-28,135.55,139.0,140.0,133.6,134.5,135.1,135.51,"25,450","34,48,622.50",-,-,-
TUBEINVEST,EQ,2000-01-31,135.1,134.0,138.0,130.0,132.0,133.5,135.98,"1,19,300","1,62,22,590.00",-,-,-
TUBEINVEST,BE,2000-01-31,139.0,135.0,135.0,135.0,135.0,135.0,135.0,18,"2,430.00",-,-,-
TUBEINVEST,EQ,2000-02-01,133.5,132.0,134.5,128.0,128.0,129.5,130.74,"40,150","52,49,095.00",-,-,-
TUBEINVEST,BE,2000-02-01,135.0,133.0,133.0,133.0,133.0,133.0,133.0,32,"4,256.00",-,-,-
TUBEINVEST,BE,2000-02-02,133.0,133.0,133.0,133.0,133.0,133.0,133.0,8,"1,064.00",-,-,-
TUBEINVEST,EQ,2000-02-02,129.5,132.0,137.0,127.1,129.25,128.2,131.01,"21,550","28,23,307.50",-,-,-
TUBEINVEST,EQ,2000-02-03,128.2,129.0,129.9,123.0,127.0,125.3,125.61,"13,900","17,46,005.00",-,-,-
TUBEINVEST,BE,2000-02-04,133.0,130.0,130.0,128.0,128.0,128.0,129.0,200,"25,800.00",-,-,-
TUBEINVEST,EQ,2000-02-04,125.3,124.1,125.7,120.5,121.5,122.15,122.37,"9,950","12,17,547.50",-,-,-
TUBEINVEST,BE,2000-02-07,128.0,120.0,120.0,120.0,120.0,120.0,120.0,89,"10,680.00",-,-,-
TUBEINVEST,EQ,2000-02-07,122.15,120.0,121.0,116.1,118.0,118.45,118.76,"16,600","19,71,442.50",-,-,-
TUBEINVEST,EQ,2000-02-08,118.45,120.0,120.0,109.0,109.0,109.25,111.43,"54,100","60,28,445.00",-,-,-
TUBEINVEST,BE,2000-02-08,120.0,123.0,123.0,121.05,121.05,121.05,121.48,600,"72,887.50",-,-,-
TUBEINVEST,EQ,2000-02-09,109.25,113.8,117.9,106.15,111.0,111.6,113.5,"53,300","60,49,447.50",-,-,-
TUBEINVEST,BE,2000-02-09,121.05,118.0,118.0,117.9,117.9,117.9,117.99,555,"65,485.50",-,-,-
TUBEINVEST,EQ,2000-02-10,111.6,111.9,111.9,108.0,110.5,110.5,109.62,"9,850","10,79,750.00",-,-,-
TUBEINVEST,BE,2000-02-10,117.9,120.0,120.0,120.0,120.0,120.0,120.0,50,"6,000.00",-,-,-
TUBEINVEST,EQ,2000-02-11,110.5,109.0,110.0,107.0,109.45,109.2,108.55,"17,950","19,48,487.50",-,-,-
TUBEINVEST,BE,2000-02-11,120.0,109.15,117.0,109.15,117.0,117.0,112.65,266,"29,965.20",-,-,-
TUBEINVEST,BE,2000-02-14,117.0,115.0,115.5,115.0,115.5,115.5,115.16,66,"7,600.50",-,-,-
TUBEINVEST,EQ,2000-02-14,109.2,111.9,111.9,101.0,102.5,101.95,103.89,"25,000","25,97,227.50",-,-,-
TUBEINVEST,BE,2000-02-15,115.5,109.0,110.15,109.0,110.15,110.15,109.13,27,"2,946.45",-,-,-
TUBEINVEST,EQ,2000-02-15,101.95,101.0,110.15,98.0,110.15,110.1,107.63,"56,100","60,37,950.00",-,-,-
TUBEINVEST,EQ,2000-02-16,110.1,117.3,117.3,111.2,117.3,117.3,115.79,"2,05,150","2,37,53,455.00",-,-,-
TUBEINVEST,EQ,2000-02-17,117.3,120.0,120.0,114.0,114.95,115.1,116.37,"73,250","85,23,977.50",-,-,-
TUBEINVEST,EQ,2000-02-18,115.1,114.5,121.6,114.0,119.4,118.95,117.61,"49,550","58,27,792.50",-,-,-
TUBEINVEST,EQ,2000-02-21,118.95,121.5,127.0,109.45,126.0,121.95,119.54,"1,61,850","1,93,47,082.50",-,-,-
TUBEINVEST,BE,2000-02-21,110.15,112.5,112.5,112.5,112.5,112.5,112.5,3,337.50,-,-,-
TUBEINVEST,BE,2000-02-22,112.5,120.0,120.0,120.0,120.0,120.0,120.0,10,"1,200.00",-,-,-
TUBEINVEST,EQ,2000-02-22,121.95,130.0,131.65,124.05,125.0,125.55,127.63,"3,31,550","4,23,14,890.00",-,-,-
TUBEINVEST,EQ,2000-02-23,125.55,124.5,126.0,117.7,118.55,119.8,121.81,"99,650","1,21,38,827.50",-,-,-
TUBEINVEST,EQ,2000-02-24,119.8,118.0,122.0,112.0,115.5,115.2,117.93,"1,23,300","1,45,41,195.00",-,-,-
TUBEINVEST,BE,2000-02-24,120.0,116.0,116.0,115.0,115.0,115.0,115.76,66,"7,640.00",-,-,-
TUBEINVEST,EQ,2000-02-25,115.2,112.6,116.8,110.0,110.0,110.75,113.87,"1,11,450","1,26,90,340.00",-,-,-
TUBEINVEST,BE,2000-02-25,115.0,119.0,119.0,119.0,119.0,119.0,119.0,5,595.00,-,-,-
TUBEINVEST,EQ,2000-02-28,110.75,114.0,114.9,110.0,111.7,112.0,112.26,"76,550","85,93,317.50",-,-,-
TUBEINVEST,EQ,2000-02-29,112.0,115.0,115.0,109.1,110.45,109.95,112.13,"69,850","78,32,467.50",-,-,-
TUBEINVEST,BE,2000-03-01,119.0,103.0,103.0,102.0,102.0,102.0,102.94,53,"5,456.00",-,-,-
TUBEINVEST,EQ,2000-03-01,109.95,110.0,118.0,106.2,116.5,114.35,112.84,"97,600","1,10,13,592.50",-,-,-
TUBEINVEST,EQ,2000-03-02,114.35,117.0,118.75,111.55,112.55,112.2,114.62,"76,000","87,10,767.50",-,-,-
TUBEINVEST,BE,2000-03-02,102.0,114.0,114.0,114.0,114.0,114.0,114.0,1,114.00,-,-,-
TUBEINVEST,EQ,2000-03-03,112.2,110.3,111.9,106.0,108.4,107.6,107.84,"35,100","37,85,227.50",-,-,-
TUBEINVEST,EQ,2000-03-06,107.6,110.3,110.3,104.0,105.0,104.8,105.69,"36,350","38,41,922.50",-,-,-
TUBEINVEST,EQ,2000-03-07,104.8,102.3,103.75,96.45,96.45,96.9,97.81,"69,850","68,32,160.00",-,-,-
TUBEINVEST,EQ,2000-03-08,96.9,92.1,92.2,89.15,89.15,89.15,89.75,"18,750","16,82,777.50",-,-,-
TUBEINVEST,EQ,2000-03-09,89.15,84.55,84.55,82.05,82.05,82.05,82.41,"5,850","4,82,077.50",-,-,-
TUBEINVEST,EQ,2000-03-10,82.05,78.0,78.45,75.5,75.5,75.5,75.95,"41,500","31,52,047.50",-,-,-
TUBEINVEST,BE,2000-03-13,114.0,77.9,77.9,77.9,77.9,77.9,77.9,10,779.00,-,-,-
TUBEINVEST,EQ,2000-03-13,75.5,70.2,70.3,69.5,69.5,69.5,69.57,"10,400","7,23,565.00",-,-,-
TUBEINVEST,BE,2000-03-14,77.9,64.25,64.25,64.25,64.25,64.25,64.25,"1,800","1,15,650.00",-,-,-
TUBEINVEST,EQ,2000-03-14,69.5,63.95,64.05,63.95,63.95,63.95,63.95,"44,550","28,49,012.50",-,-,-
TUBEINVEST,EQ,2000-03-15,63.95,63.95,69.1,63.9,69.1,69.1,67.3,"7,150","4,81,217.50",-,-,-
TUBEINVEST,EQ,2000-03-16,69.1,70.0,74.05,67.0,68.0,68.65,71.31,"45,450","32,40,960.00",-,-,-
TUBEINVEST,EQ,2000-03-21,68.65,67.0,68.9,63.2,63.55,63.6,64.15,"64,000","41,05,555.00",-,-,-
TUBEINVEST,BE,2000-03-21,64.25,63.2,68.0,63.2,68.0,68.0,64.8,30,"1,944.00",-,-,-
TUBEINVEST,EQ,2000-03-22,63.6,67.85,68.7,65.5,68.7,68.7,67.12,"6,800","4,56,387.50",-,-,-
TUBEINVEST,EQ,2000-03-23,68.7,74.2,74.2,67.0,68.55,68.75,69.74,"24,800","17,29,535.00",-,-,-
TUBEINVEST,EQ,2000-03-24,68.75,66.1,71.5,64.1,69.0,69.9,67.18,"13,050","8,76,660.00",-,-,-
TUBEINVEST,EQ,2000-03-27,69.9,68.1,69.0,64.35,64.35,64.35,66.76,"23,400","15,62,177.50",-,-,-
TUBEINVEST,EQ,2000-03-28,64.35,64.0,66.85,59.2,61.9,60.5,60.87,"55,600","33,84,597.50",-,-,-
TUBEINVEST,BE,2000-03-28,68.0,66.0,67.0,66.0,67.0,66.65,66.67,300,"20,000.00",-,-,-
TUBEINVEST,EQ,2000-03-29,60.5,64.85,65.35,63.0,65.35,65.35,65.07,"5,400","3,51,390.00",-,-,-
TUBEINVEST,EQ,2000-03-30,65.35,70.6,70.6,67.05,70.6,70.6,69.57,"35,550","24,73,245.00",-,-,-
TUBEINVEST,EQ,2000-03-31,70.6,75.8,76.25,66.0,76.25,76.25,74.37,"46,550","34,61,882.50",-,-,-
TUBEINVEST,EQ,2000-04-03,76.25,78.0,82.35,70.3,82.35,79.4,77.98,"60,150","46,90,367.50",-,-,-
TUBEINVEST,BE,2000-04-03,66.65,82.0,82.0,82.0,82.0,82.0,82.0,50,"4,100.00",-,-,-
TUBEINVEST,EQ,2000-04-04,79.4,77.1,77.1,73.05,73.05,73.05,73.73,"32,250","23,77,725.00",-,-,-
TUBEINVEST,BE,2000-04-05,82.0,75.0,75.0,75.0,75.0,75.0,75.0,333,"24,975.00",-,-,-
TUBEINVEST,EQ,2000-04-05,73.05,73.0,75.85,67.5,73.9,73.4,73.08,"23,400","17,10,177.50",-,-,-
TUBEINVEST,EQ,2000-04-06,73.4,73.5,74.85,68.25,70.0,70.0,70.97,"15,550","11,03,575.00",-,-,-
TUBEINVEST,EQ,2000-04-07,70.0,72.0,74.7,71.25,73.85,73.6,73.46,"28,950","21,26,565.00",-,-,-
TUBEINVEST,BE,2000-04-07,75.0,75.0,75.0,75.0,75.0,75.0,75.0,50,"3,750.00",-,-,-
TUBEINVEST,EQ,2000-04-10,73.6,76.0,76.4,71.5,72.0,72.3,73.08,"24,100","17,61,240.00",-,-,-
TUBEINVEST,BE,2000-04-10,75.0,75.05,75.05,75.05,75.05,75.05,75.05,100,"7,505.00",-,-,-
TUBEINVEST,EQ,2000-04-11,72.3,71.1,78.0,67.05,78.0,75.8,73.5,"70,550","51,85,490.00",-,-,-
TUBEINVEST,BE,2000-04-11,75.05,74.0,74.0,74.0,74.0,74.0,74.0,30,"2,220.00",-,-,-
TUBEINVEST,BE,2000-04-12,74.0,81.9,81.9,81.9,81.9,81.9,81.9,10,819.00,-,-,-
TUBEINVEST,EQ,2000-04-12,75.8,79.0,81.9,76.0,81.9,81.8,79.94,"36,750","29,37,662.50",-,-,-
TUBEINVEST,EQ,2000-04-13,81.8,76.3,88.35,76.25,88.35,88.25,86.31,"53,450","46,13,197.50",-,-,-
TUBEINVEST,EQ,2000-04-17,88.25,82.0,90.5,81.2,87.0,86.6,85.52,"40,200","34,37,865.00",-,-,-
TUBEINVEST,BE,2000-04-17,81.9,90.0,94.5,87.0,87.0,87.0,88.66,150,"13,299.00",-,-,-
TUBEINVEST,EQ,2000-04-18,86.6,89.9,92.7,85.0,92.45,91.65,90.17,"87,000","78,45,205.00",-,-,-
TUBEINVEST,BE,2000-04-18,87.0,87.0,90.0,87.0,90.0,88.35,88.37,81,"7,158.00",-,-,-
TUBEINVEST,EQ,2000-04-19,91.65,98.0,98.0,84.4,84.4,85.65,90.59,"41,050","37,18,847.50",-,-,-
TUBEINVEST,BE,2000-04-20,88.35,80.0,80.0,80.0,80.0,80.0,80.0,25,"2,000.00",-,-,-
TUBEINVEST,EQ,2000-04-20,85.65,82.15,82.2,78.8,78.8,79.65,79.43,"16,650","13,22,462.50",-,-,-
TUBEINVEST,EQ,2000-04-24,79.65,79.0,83.75,75.1,78.6,79.9,78.61,"19,400","15,25,000.00",-,-,-
TUBEINVEST,EQ,2000-04-25,79.9,75.35,76.9,73.55,74.25,74.15,74.28,"31,550","23,43,395.00",-,-,-
TUBEINVEST,BE,2000-04-25,80.0,73.6,73.6,73.6,73.6,73.6,73.6,33,"2,428.80",-,-,-
TUBEINVEST,EQ,2000-04-26,74.15,77.4,77.4,76.05,77.4,77.4,77.1,"5,150","3,97,065.00",-,-,-
TUBEINVEST,EQ,2000-04-27,77.4,80.0,83.6,77.4,83.0,81.85,81.74,"61,650","50,39,090.00",-,-,-
TUBEINVEST,EQ,2000-04-28,81.85,78.05,88.25,78.05,88.25,87.1,85.5,"76,900","65,75,150.00",-,-,-
TUBEINVEST,EQ,2000-05-02,87.1,83.5,89.5,83.5,86.0,85.55,85.84,"41,100","35,27,990.00",-,-,-
TUBEINVEST,EQ,2000-05-03,85.55,83.25,92.4,80.0,92.4,91.15,88.96,"1,15,350","1,02,61,417.50",-,-,-
TUBEINVEST,EQ,2000-05-04,91.15,94.0,98.45,89.0,98.45,98.45,95.02,"1,13,500","1,07,84,422.50",-,-,-
TUBEINVEST,EQ,2000-05-05,98.45,100.0,106.35,100.0,106.35,106.35,105.56,"41,400","43,70,167.50",-,-,-
TUBEINVEST,EQ,2000-05-08,106.35,111.0,113.9,102.0,112.0,112.65,110.3,"2,18,750","2,41,28,997.50",-,-,-
TUBEINVEST,EQ,2000-05-09,112.65,108.0,116.9,104.5,111.0,108.2,112.14,"3,91,050","4,38,54,010.00",-,-,-
TUBEINVEST,BE,2000-05-09,73.6,105.1,110.0,105.1,110.0,110.0,107.78,73,"7,868.30",-,-,-
TUBEINVEST,BE,2000-05-10,110.0,110.0,110.0,110.0,110.0,110.0,110.0,35,"3,850.00",-,-,-
TUBEINVEST,EQ,2000-05-10,108.2,107.4,111.4,99.55,99.55,101.4,105.68,"1,33,200","1,40,75,995.00",-,-,-
TUBEINVEST,EQ,2000-05-11,101.4,95.05,97.0,93.3,93.3,93.3,94.78,"60,000","56,87,085.00",-,-,-
TUBEINVEST,EQ,2000-05-12,93.3,90.5,93.0,88.2,91.5,90.3,90.14,"61,750","55,66,372.50",-,-,-
TUBEINVEST,EQ,2000-05-15,90.3,89.15,91.0,84.0,90.0,90.05,86.77,"48,200","41,82,485.00",-,-,-
TUBEINVEST,EQ,2000-05-16,90.05,90.0,91.0,87.05,90.2,90.45,89.09,"29,400","26,19,270.00",-,-,-
TUBEINVEST,BE,2000-05-16,110.0,90.0,90.0,90.0,90.0,90.0,90.0,48,"4,320.00",-,-,-
TUBEINVEST,BE,2000-05-17,90.0,94.4,94.5,94.4,94.5,94.5,94.43,150,"14,165.00",-,-,-
TUBEINVEST,EQ,2000-05-17,90.45,90.0,93.0,89.1,90.0,90.3,91.27,"25,900","23,64,000.00",-,-,-
TUBEINVEST,BE,2000-05-18,94.5,95.0,95.0,95.0,95.0,95.0,95.0,100,"9,500.00",-,-,-
TUBEINVEST,EQ,2000-05-18,90.3,91.0,91.75,90.0,90.2,90.45,90.68,"11,200","10,15,600.00",-,-,-
TUBEINVEST,EQ,2000-05-19,90.45,90.05,91.45,88.5,90.0,90.0,90.07,"28,150","25,35,497.50",-,-,-
TUBEINVEST,BE,2000-05-22,95.0,88.0,88.0,88.0,88.0,88.0,88.0,33,"2,904.00",-,-,-
TUBEINVEST,EQ,2000-05-22,90.0,89.9,92.5,86.2,87.25,88.0,88.06,"1,89,950","1,67,27,502.50",-,-,-
TUBEINVEST,EQ,2000-05-23,88.0,87.8,92.0,86.25,89.0,90.0,87.94,"1,98,200","1,74,30,627.50",-,-,-
TUBEINVEST,EQ,2000-05-24,90.0,88.5,88.5,84.55,86.0,85.45,85.7,"9,600","8,22,720.00",-,-,-
TUBEINVEST,EQ,2000-05-25,85.45,85.9,85.9,80.05,85.35,83.75,83.12,"17,500","14,54,620.00",-,-,-
TUBEINVEST,BE,2000-05-25,88.0,86.0,86.0,86.0,86.0,86.0,86.0,67,"5,762.00",-,-,-
TUBEINVEST,BE,2000-05-26,86.0,84.0,84.0,84.0,84.0,84.0,84.0,33,"2,772.00",-,-,-
TUBEINVEST,EQ,2000-05-26,83.75,83.9,84.75,77.25,84.25,81.75,81.79,"69,200","56,59,760.00",-,-,-
TUBEINVEST,EQ,2000-05-29,81.75,83.95,88.25,80.0,88.25,87.9,86.12,"41,050","35,35,305.00",-,-,-
TUBEINVEST,EQ,2000-05-30,87.9,88.1,94.0,87.0,94.0,92.85,92.11,"61,200","56,37,145.00",-,-,-
TUBEINVEST,EQ,2000-05-31,92.85,98.6,99.8,92.0,99.7,98.85,97.68,"24,750","24,17,610.00",-,-,-
TUBEINVEST,EQ,2000-06-01,98.85,104.65,104.7,96.0,103.9,103.85,102.54,"60,200","61,72,927.50",-,-,-
TUBEINVEST,BE,2000-06-02,84.0,104.0,105.0,104.0,105.0,105.0,104.21,77,"8,024.00",-,-,-
TUBEINVEST,EQ,2000-06-02,103.85,103.5,108.5,101.05,102.75,103.6,106.34,"3,90,100","4,14,81,825.00",-,-,-
TUBEINVEST,BE,2000-06-05,105.0,105.0,109.0,105.0,109.0,107.0,105.04,101,"10,609.00",-,-,-
TUBEINVEST,EQ,2000-06-05,103.6,105.0,111.1,101.9,103.5,102.6,109.07,"3,48,350","3,79,94,620.00",-,-,-
TUBEINVEST,EQ,2000-06-06,102.6,101.1,109.5,101.1,109.0,104.4,104.14,"1,16,850","1,21,68,760.00",-,-,-
TUBEINVEST,BE,2000-06-07,107.0,103.0,103.0,103.0,103.0,103.0,103.0,32,"3,296.00",-,-,-
TUBEINVEST,EQ,2000-06-07,104.4,103.0,105.9,100.55,101.35,101.85,103.21,"7,100","7,32,820.00",-,-,-
TUBEINVEST,EQ,2000-06-08,101.85,103.45,103.5,99.2,100.3,99.45,100.92,"11,900","12,00,902.50",-,-,-
TUBEINVEST,BE,2000-06-08,103.0,105.0,106.9,103.0,106.9,106.9,104.49,183,"19,122.20",-,-,-
TUBEINVEST,EQ,2000-06-09,99.45,97.5,98.7,95.0,95.0,96.15,96.55,"7,950","7,67,537.50",-,-,-
TUBEINVEST,BE,2000-06-09,106.9,100.5,100.5,100.5,100.5,100.5,100.5,200,"20,100.00",-,-,-
TUBEINVEST,EQ,2000-06-12,96.15,93.05,93.4,90.0,90.25,90.3,90.88,"5,100","4,63,492.50",-,-,-
TUBEINVEST,BE,2000-06-12,100.5,90.5,90.5,90.5,90.5,90.5,90.5,10,905.00,-,-,-
TUBEINVEST,EQ,2000-06-13,90.3,85.1,96.0,85.1,94.1,94.25,91.58,"9,700","8,88,352.50",-,-,-
TUBEINVEST,EQ,2000-06-14,94.25,100.0,100.0,89.0,91.1,91.05,92.09,"16,300","15,01,020.00",-,-,-
TUBEINVEST,EQ,2000-06-15,91.05,93.0,93.5,89.5,90.0,90.35,90.44,"4,150","3,75,340.00",-,-,-
TUBEINVEST,EQ,2000-06-16,90.35,88.3,91.0,88.3,89.05,89.15,89.35,"2,950","2,63,570.00",-,-,-
TUBEINVEST,EQ,2000-06-19,89.15,90.0,93.95,88.0,89.0,88.55,90.51,"10,450","9,45,840.00",-,-,-
TUBEINVEST,BE,2000-06-19,90.5,93.0,93.0,92.0,92.0,92.0,92.12,66,"6,080.00",-,-,-
TUBEINVEST,EQ,2000-06-20,88.55,90.9,90.9,83.05,83.1,85.4,86.92,"16,050","13,95,057.50",-,-,-
TUBEINVEST,BE,2000-06-20,92.0,95.25,95.4,95.25,95.4,95.4,95.3,150,"14,295.00",-,-,-
TUBEINVEST,EQ,2000-06-21,85.4,91.0,92.25,90.0,91.2,90.55,91.86,"13,243","12,16,527.30",-,-,-
TUBEINVEST,EQ,2000-06-22,90.55,92.4,92.45,87.6,90.0,89.2,89.68,"9,388","8,41,955.00",-,-,-
TUBEINVEST,EQ,2000-06-23,89.2,90.5,90.5,82.2,85.45,83.25,85.38,"13,785","11,76,977.40",-,-,-
TUBEINVEST,EQ,2000-06-26,83.25,81.0,84.5,81.0,83.35,82.9,83.09,"7,192","5,97,582.00",-,-,-
TUBEINVEST,EQ,2000-06-27,82.9,86.25,86.25,80.6,82.5,81.2,82.03,"9,478","7,77,478.40",-,-,-
TUBEINVEST,EQ,2000-06-28,81.2,83.7,85.5,83.05,84.6,84.2,84.22,"2,093","1,76,275.20",-,-,-
TUBEINVEST,EQ,2000-06-29,84.2,84.9,85.85,84.0,84.0,84.0,84.74,"3,360","2,84,739.35",-,-,-
TUBEINVEST,EQ,2000-06-30,84.0,84.0,84.0,82.1,82.1,82.3,82.85,"2,197","1,82,016.60",-,-,-
TUBEINVEST,EQ,2000-07-03,82.3,82.0,84.25,82.0,83.25,83.25,82.93,"2,010","1,66,692.60",-,-,-
TUBEINVEST,EQ,2000-07-04,83.25,84.5,84.5,78.15,79.0,79.0,80.38,"5,947","4,78,012.50",-,-,-
TUBEINVEST,EQ,2000-07-05,79.0,81.0,83.25,81.0,81.2,81.2,81.9,"3,277","2,68,397.85",-,-,-
TUBEINVEST,EQ,2000-07-06,81.2,81.5,81.5,78.0,78.75,79.3,79.17,"5,761","4,56,116.00",-,-,-
TUBEINVEST,EQ,2000-07-07,79.3,80.0,80.0,78.55,80.0,79.75,79.47,"3,722","2,95,800.10",-,-,-
TUBEINVEST,EQ,2000-07-10,79.75,80.1,81.0,78.0,79.25,78.65,79.25,"4,413","3,49,727.70",-,-,-
TUBEINVEST,EQ,2000-07-11,78.65,78.6,79.9,78.0,78.0,78.1,78.61,"4,473","3,51,616.10",-,-,-
TUBEINVEST,EQ,2000-07-12,78.1,78.7,80.85,78.7,80.75,80.1,79.94,"3,320","2,65,406.55",-,-,-
TUBEINVEST,EQ,2000-07-13,80.1,81.0,84.75,80.1,80.3,80.3,81.56,"3,185","2,59,773.45",-,-,-
TUBEINVEST,EQ,2000-07-14,80.3,80.05,82.8,80.0,80.0,80.15,80.89,"2,460","1,98,999.30",-,-,-
TUBEINVEST,EQ,2000-07-17,80.15,78.25,80.0,77.1,80.0,79.6,78.72,"1,341","1,05,561.55",-,-,-
TUBEINVEST,EQ,2000-07-18,79.6,78.75,80.0,77.55,77.6,78.1,78.45,"4,920","3,85,986.20",-,-,-
TUBEINVEST,EQ,2000-07-19,78.1,78.4,79.8,78.1,79.0,79.0,78.45,"2,750","2,15,725.00",-,-,-
TUBEINVEST,EQ,2000-07-20,79.0,78.0,78.95,76.95,78.75,78.4,77.62,"1,960","1,52,136.75",-,-,-
TUBEINVEST,EQ,2000-07-21,78.4,77.0,77.0,73.9,75.0,74.35,74.61,"4,954","3,69,607.35",-,-,-
TUBEINVEST,EQ,2000-07-24,74.35,71.0,72.0,68.4,68.75,68.75,69.66,"4,381","3,05,173.10",-,-,-
TUBEINVEST,EQ,2000-07-25,68.75,64.0,72.75,64.0,71.15,71.7,69.68,"4,406","3,06,992.20",-,-,-
TUBEINVEST,EQ,2000-07-26,71.7,73.9,76.5,72.05,73.15,73.25,74.64,"6,073","4,53,281.95",-,-,-
TUBEINVEST,EQ,2000-07-27,73.25,71.05,73.85,71.05,73.85,73.85,73.45,"1,235","90,705.50",-,-,-
TUBEINVEST,EQ,2000-07-28,73.85,73.95,73.95,72.1,73.0,72.95,72.86,"2,500","1,82,155.00",-,-,-
TUBEINVEST,EQ,2000-07-31,72.95,70.55,70.75,67.2,67.5,67.5,68.04,"6,448","4,38,703.10",-,-,-
TUBEINVEST,EQ,2000-08-01,67.5,68.0,69.8,66.1,68.5,67.15,67.71,"6,158","4,16,971.45",-,-,-
TUBEINVEST,EQ,2000-08-02,67.15,68.0,69.7,66.4,67.0,67.0,67.32,"4,350","2,92,835.00",-,-,-
TUBEINVEST,EQ,2000-08-03,67.0,69.25,69.25,66.0,67.0,66.45,66.76,"2,746","1,83,320.50",-,-,-
TUBEINVEST,EQ,2000-08-04,66.45,66.5,66.9,64.0,65.75,64.45,65.34,"2,654","1,73,402.55",-,-,-
TUBEINVEST,EQ,2000-08-07,64.45,65.0,65.0,61.0,63.0,62.95,62.68,"3,610","2,26,259.85",-,-,-
TUBEINVEST,EQ,2000-08-08,62.95,60.1,62.7,60.1,62.4,60.9,61.42,"5,793","3,55,807.45",-,-,-
TUBEINVEST,EQ,2000-08-09,60.9,63.0,64.3,63.0,64.3,64.3,63.7,"3,354","2,13,656.25",-,-,-
TUBEINVEST,EQ,2000-08-10,64.3,64.8,66.5,64.8,66.0,65.85,65.5,"2,213","1,44,948.00",-,-,-
TUBEINVEST,EQ,2000-08-11,65.85,65.5,65.5,63.0,63.85,63.85,63.72,"2,280","1,45,292.00",-,-,-
TUBEINVEST,EQ,2000-08-14,63.85,62.3,65.0,62.25,63.0,64.25,63.52,"4,747","3,01,514.35",-,-,-
TUBEINVEST,EQ,2000-08-16,64.25,64.3,67.2,64.25,67.1,66.75,66.44,"2,925","1,94,323.75",-,-,-
TUBEINVEST,EQ,2000-08-17,66.75,67.0,67.0,65.5,66.75,66.75,66.34,"1,971","1,30,762.85",-,-,-
TUBEINVEST,EQ,2000-08-18,66.75,65.1,72.0,65.1,69.7,70.2,68.82,"5,572","3,83,442.85",-,-,-
TUBEINVEST,EQ,2000-08-21,70.2,71.95,74.0,71.0,74.0,73.15,72.52,"5,937","4,30,554.30",-,-,-
TUBEINVEST,EQ,2000-08-22,73.15,75.0,75.95,73.0,74.15,74.45,74.5,"8,731","6,50,484.70",-,-,-
TUBEINVEST,EQ,2000-08-23,74.45,78.45,79.9,76.15,77.4,77.1,78.15,"12,159","9,50,232.25",-,-,-
TUBEINVEST,EQ,2000-08-24,77.1,75.1,77.05,74.15,74.6,74.9,75.4,"5,519","4,16,156.90",-,-,-
TUBEINVEST,EQ,2000-08-25,74.9,75.0,76.7,75.0,75.8,75.8,76.05,"4,050","3,08,001.20",-,-,-
TUBEINVEST,EQ,2000-08-28,75.8,75.0,76.5,73.7,75.0,74.9,74.85,"2,485","1,86,012.30",-,-,-
TUBEINVEST,EQ,2000-08-29,74.9,75.5,75.5,71.05,73.25,73.65,73.32,"4,505","3,30,318.85",-,-,-
TUBEINVEST,EQ,2000-08-30,73.65,71.25,72.95,71.05,72.45,72.45,71.7,"2,300","1,64,915.75",-,-,-
TUBEINVEST,EQ,2000-08-31,72.45,70.1,71.4,69.1,69.5,69.5,70.1,"4,633","3,24,778.50",-,-,-
TUBEINVEST,EQ,2000-09-04,69.5,70.9,70.9,68.1,69.7,68.8,69.53,"5,062","3,51,935.80",-,-,-
TUBEINVEST,EQ,2000-09-05,68.8,67.95,68.85,67.0,67.5,68.05,67.88,"6,275","4,25,977.55",-,-,-
TUBEINVEST,EQ,2000-09-06,68.05,72.0,72.0,68.45,69.5,69.5,70.0,"2,629","1,84,032.10",-,-,-
TUBEINVEST,EQ,2000-09-07,69.5,68.75,70.8,68.75,69.55,69.55,69.87,"3,322","2,32,107.10",-,-,-
TUBEINVEST,EQ,2000-09-08,69.55,67.3,69.9,67.25,68.0,68.25,68.33,"5,908","4,03,682.50",-,-,-
TUBEINVEST,EQ,2000-09-11,68.25,67.0,69.5,67.0,69.0,68.95,68.95,"4,708","3,24,613.45",-,-,-
TUBEINVEST,EQ,2000-09-12,68.95,68.05,68.5,67.05,67.05,67.4,67.79,"7,342","4,97,746.30",-,-,-
TUBEINVEST,EQ,2000-09-13,67.4,70.0,71.4,65.0,65.75,65.3,66.19,"17,693","11,71,173.75",-,-,-
TUBEINVEST,EQ,2000-09-14,65.3,67.6,67.6,60.25,62.0,62.75,63.87,"17,185","10,97,596.25",-,-,-
TUBEINVEST,EQ,2000-09-15,62.75,64.0,64.8,61.1,62.6,62.45,62.29,"16,825","10,47,968.65",-,-,-
TUBEINVEST,EQ,2000-09-18,62.45,63.5,63.95,61.0,62.05,62.15,62.55,"4,687","2,93,166.00",-,-,-
TUBEINVEST,EQ,2000-09-19,62.15,60.5,62.5,57.9,57.9,58.65,59.87,"19,806","11,85,854.50",-,-,-
TUBEINVEST,EQ,2000-09-20,58.65,59.25,62.7,59.25,62.7,62.3,61.58,"4,175","2,57,105.00",-,-,-
TUBEINVEST,EQ,2000-09-21,62.3,63.0,63.0,60.0,60.9,60.9,61.58,"1,855","1,14,237.50",-,-,-
TUBEINVEST,EQ,2000-09-22,60.9,57.5,60.0,57.0,58.5,59.1,58.94,"4,650","2,74,089.50",-,-,-
TUBEINVEST,EQ,2000-09-25,59.1,58.5,61.5,58.5,61.4,61.2,59.95,"3,970","2,38,014.75",-,-,-
TUBEINVEST,EQ,2000-09-26,61.2,60.4,60.5,58.0,58.8,58.75,59.1,"9,839","5,81,463.30",-,-,-
TUBEINVEST,EQ,2000-09-27,58.75,60.0,60.0,58.75,60.0,59.7,59.47,"1,731","1,02,935.60",-,-,-
TUBEINVEST,EQ,2000-09-28,59.7,58.05,59.7,56.75,59.5,59.5,58.18,"2,496","1,45,229.00",-,-,-
TUBEINVEST,EQ,2000-09-29,59.5,59.0,59.45,57.5,58.0,57.95,57.98,"1,170","67,834.00",-,-,-
TUBEINVEST,EQ,2000-10-03,57.95,56.3,58.2,56.3,57.1,57.45,57.29,"3,695","2,11,678.10",-,-,-
TUBEINVEST,EQ,2000-10-04,57.45,59.0,59.75,58.0,58.8,59.35,58.86,"1,999","1,17,661.80",-,-,-
TUBEINVEST,EQ,2000-10-05,59.35,58.3,59.8,58.25,58.25,58.25,58.54,935,"54,735.75",-,-,-
TUBEINVEST,EQ,2000-10-06,58.25,57.0,59.75,56.0,57.1,57.5,58.1,"2,585","1,50,180.30",-,-,-
TUBEINVEST,EQ,2000-10-09,57.5,58.85,59.0,56.5,56.65,57.0,57.16,"1,773","1,01,344.00",-,-,-
TUBEINVEST,EQ,2000-10-10,57.0,57.1,57.9,55.5,56.0,56.1,56.23,"3,265","1,83,595.10",-,-,-
TUBEINVEST,EQ,2000-10-11,56.1,54.0,55.3,53.5,54.5,53.9,54.09,"2,112","1,14,244.50",-,-,-
TUBEINVEST,EQ,2000-10-12,53.9,55.0,55.0,50.15,54.0,54.05,53.84,"2,571","1,38,426.90",-,-,-
TUBEINVEST,EQ,2000-10-13,54.05,55.95,56.7,54.0,54.0,56.0,55.18,"6,206","3,42,458.50",-,-,-
TUBEINVEST,EQ,2000-10-16,56.0,56.8,57.45,56.8,57.25,57.05,57.15,"7,235","4,13,495.50",-,-,-
TUBEINVEST,EQ,2000-10-17,57.05,57.5,58.2,53.6,56.85,57.55,56.24,"9,227","5,18,955.50",-,-,-
TUBEINVEST,EQ,2000-10-18,57.55,57.05,62.15,55.7,60.3,61.75,60.13,"9,009","5,41,697.05",-,-,-
TUBEINVEST,EQ,2000-10-19,61.75,61.5,66.7,60.1,66.7,64.8,63.73,"9,606","6,12,175.50",-,-,-
TUBEINVEST,EQ,2000-10-20,64.8,70.0,70.0,62.5,66.0,65.0,66.2,"9,794","6,48,349.95",-,-,-
TUBEINVEST,EQ,2000-10-23,65.0,62.1,70.2,62.1,70.2,67.15,65.76,"6,038","3,97,042.80",-,-,-
TUBEINVEST,EQ,2000-10-24,67.15,69.0,71.95,65.0,70.0,69.1,68.09,"20,534","13,98,071.55",-,-,-
TUBEINVEST,EQ,2000-10-25,69.1,71.0,73.0,68.0,68.1,68.25,69.89,"4,437","3,10,082.90",-,-,-
TUBEINVEST,EQ,2000-10-26,68.25,69.9,70.5,65.95,70.5,69.75,69.7,"2,319","1,61,644.05",-,-,-
TUBEINVEST,EQ,2000-10-27,69.75,72.5,72.5,68.7,69.0,69.25,70.3,"3,634","2,55,467.70",-,-,-
TUBEINVEST,EQ,2000-10-30,69.25,71.0,74.8,67.0,74.8,71.9,71.01,"17,487","12,41,724.00",-,-,-
TUBEINVEST,EQ,2000-10-31,71.9,73.0,73.9,70.55,71.95,71.8,71.9,"13,670","9,82,873.80",-,-,-
TUBEINVEST,EQ,2000-11-01,71.8,70.7,72.95,70.3,72.95,71.95,71.46,"5,026","3,59,165.50",-,-,-
TUBEINVEST,EQ,2000-11-02,71.95,70.55,70.65,69.25,70.0,70.1,69.89,"2,974","2,07,842.65",-,-,-
TUBEINVEST,EQ,2000-11-03,70.1,69.95,74.0,69.65,70.25,70.6,71.53,"9,230","6,60,235.00",-,-,-
TUBEINVEST,EQ,2000-11-06,70.6,70.0,73.0,69.15,70.9,70.5,70.53,"8,769","6,18,456.75",-,-,-
TUBEINVEST,EQ,2000-11-07,70.5,70.3,71.25,68.7,68.8,69.85,69.65,"5,377","3,74,504.90",-,-,-
TUBEINVEST,EQ,2000-11-08,69.85,73.0,74.0,71.5,72.0,72.0,72.77,"8,111","5,90,245.70",-,-,-
TUBEINVEST,EQ,2000-11-09,72.0,72.5,72.5,70.5,72.5,71.8,71.54,"2,922","2,09,035.45",-,-,-
TUBEINVEST,EQ,2000-11-10,71.8,69.55,72.95,69.55,72.5,71.85,71.51,"3,807","2,72,228.80",-,-,-
TUBEINVEST,EQ,2000-11-13,71.85,70.75,70.75,67.4,70.4,70.05,69.09,"3,068","2,11,979.30",-,-,-
TUBEINVEST,EQ,2000-11-14,70.05,68.65,69.5,67.75,69.5,68.85,68.67,"4,911","3,37,245.80",-,-,-
TUBEINVEST,EQ,2000-11-15,68.85,68.55,71.0,68.55,71.0,70.0,69.76,"3,488","2,43,334.60",-,-,-
TUBEINVEST,EQ,2000-11-16,70.0,68.6,71.0,68.6,71.0,69.7,69.31,"5,525","3,82,964.00",-,-,-
TUBEINVEST,EQ,2000-11-17,69.7,70.0,70.2,68.15,69.0,69.0,69.11,"2,105","1,45,480.50",-,-,-
TUBEINVEST,EQ,2000-11-20,69.0,68.3,68.9,68.15,68.9,68.9,68.42,794,"54,322.50",-,-,-
TUBEINVEST,EQ,2000-11-21,68.9,68.0,70.0,68.0,69.5,69.7,69.51,"7,824","5,43,835.50",-,-,-
TUBEINVEST,EQ,2000-11-22,69.7,69.25,69.75,68.6,69.75,69.75,69.09,"1,904","1,31,551.25",-,-,-
TUBEINVEST,EQ,2000-11-23,69.75,69.0,70.75,69.0,70.75,70.75,69.77,"3,520","2,45,588.45",-,-,-
TUBEINVEST,EQ,2000-11-24,70.75,70.0,70.4,70.0,70.0,70.0,70.0,"1,910","1,33,709.35",-,-,-
TUBEINVEST,EQ,2000-11-27,70.0,70.0,71.5,70.0,71.5,70.9,70.36,"3,068","2,15,871.90",-,-,-
TUBEINVEST,EQ,2000-11-28,70.9,72.0,72.5,71.0,71.5,72.0,71.47,"5,710","4,08,076.25",-,-,-
TUBEINVEST,EQ,2000-11-29,72.0,72.95,72.95,71.6,72.0,71.95,72.22,"3,529","2,54,858.10",-,-,-
TUBEINVEST,EQ,2000-11-30,71.95,70.5,71.2,70.2,71.05,71.05,70.91,"1,844","1,30,764.30",-,-,-
TUBEINVEST,EQ,2000-12-01,71.05,71.55,71.55,70.0,70.1,70.1,70.75,"2,250","1,59,180.00",-,-,-
TUBEINVEST,EQ,2000-12-04,70.1,70.1,70.1,69.0,69.6,69.6,69.71,"2,805","1,95,537.20",-,-,-
TUBEINVEST,EQ,2000-12-05,69.6,70.15,70.15,68.8,69.55,69.55,69.62,"3,119","2,17,151.30",-,-,-
TUBEINVEST,EQ,2000-12-06,69.55,70.0,70.6,69.9,70.0,70.0,70.12,"6,243","4,37,731.25",-,-,-
TUBEINVEST,EQ,2000-12-07,70.0,69.1,70.45,69.1,69.9,69.5,69.5,963,"66,928.30",-,-,-
TUBEINVEST,EQ,2000-12-08,69.5,69.95,71.0,69.7,70.7,70.4,70.46,"7,090","4,99,566.55",-,-,-
TUBEINVEST,EQ,2000-12-11,70.4,71.0,73.5,71.0,73.1,73.0,72.47,"7,155","5,18,487.50",-,-,-
TUBEINVEST,EQ,2000-12-12,73.0,72.5,73.4,70.5,70.6,70.9,71.83,"6,276","4,50,835.50",-,-,-
TUBEINVEST,EQ,2000-12-13,70.9,71.9,74.5,71.9,72.5,72.5,72.86,"12,848","9,36,136.80",-,-,-
TUBEINVEST,EQ,2000-12-14,72.5,73.85,73.9,71.0,71.85,71.3,72.04,"4,567","3,29,004.50",-,-,-
TUBEINVEST,EQ,2000-12-15,71.3,70.35,71.4,69.0,69.6,69.15,69.74,"9,769","6,81,277.80",-,-,-
TUBEINVEST,EQ,2000-12-18,69.15,67.5,69.9,67.5,69.9,68.75,68.37,"3,600","2,46,123.10",-,-,-
TUBEINVEST,EQ,2000-12-19,68.75,67.55,68.5,67.0,68.0,67.2,67.45,"5,665","3,82,089.40",-,-,-
TUBEINVEST,EQ,2000-12-20,67.2,71.0,71.25,67.35,70.0,69.05,68.83,"6,704","4,61,467.80",-,-,-
TUBEINVEST,EQ,2000-12-21,69.05,66.5,68.0,66.5,67.5,67.7,67.77,"2,315","1,56,877.00",-,-,-
TUBEINVEST,EQ,2000-12-22,67.7,67.0,67.5,66.0,67.5,67.05,67.0,"10,975","7,35,348.75",-,-,-
TUBEINVEST,EQ,2000-12-26,67.05,66.6,68.9,63.55,64.25,67.25,66.07,"17,825","11,77,704.25",-,-,-
TUBEINVEST,EQ,2000-12-27,67.25,65.0,72.3,64.1,67.05,67.05,67.96,"8,627","5,86,297.60",-,-,-
TUBEINVEST,EQ,2000-12-28,67.05,67.0,69.5,66.5,67.0,67.0,68.4,"10,064","6,88,334.00",-,-,-
TUBEINVEST,EQ,2000-12-29,67.0,68.0,68.25,67.5,68.0,67.9,67.82,"4,256","2,88,644.95",-,-,-
TUBEINVEST,EQ,2001-01-01,67.9,68.9,69.0,67.85,68.0,68.15,68.24,"1,000","68,240.40",-,-,-
TUBEINVEST,EQ,2001-01-02,68.15,67.0,68.0,67.0,67.0,67.3,67.5,"4,108","2,77,271.50",-,-,-
TUBEINVEST,EQ,2001-01-03,67.3,68.0,68.5,67.05,67.7,67.75,67.89,"4,750","3,22,484.95",-,-,-
TUBEINVEST,EQ,2001-01-04,67.75,67.85,68.7,67.5,67.95,67.9,67.88,"1,349","91,564.15",-,-,-
TUBEINVEST,EQ,2001-01-05,67.9,66.3,68.0,66.25,67.1,67.1,67.76,"4,550","3,08,303.60",-,-,-
TUBEINVEST,EQ,2001-01-08,67.1,67.7,68.0,66.0,66.15,66.15,66.51,"5,013","3,33,394.55",-,-,-
TUBEINVEST,EQ,2001-01-09,66.15,67.45,67.45,63.15,65.5,65.25,65.33,"5,414","3,53,681.80",-,-,-
TUBEINVEST,EQ,2001-01-10,65.25,67.0,68.0,66.75,67.75,67.75,67.34,"2,100","1,41,417.50",-,-,-
TUBEINVEST,EQ,2001-01-11,67.75,67.0,67.6,67.0,67.6,67.55,67.19,672,"45,150.15",-,-,-
TUBEINVEST,EQ,2001-01-12,67.55,66.05,67.0,66.0,66.5,66.5,66.46,"1,559","1,03,607.20",-,-,-
TUBEINVEST,EQ,2001-01-15,66.5,66.9,66.9,65.05,65.1,65.25,66.03,"2,408","1,58,993.75",-,-,-
TUBEINVEST,EQ,2001-01-16,65.25,64.5,65.1,64.0,64.0,64.2,64.34,"4,804","3,09,073.00",-,-,-
TUBEINVEST,EQ,2001-01-17,64.2,63.25,65.1,63.25,64.55,64.2,64.28,"2,374","1,52,596.65",-,-,-
TUBEINVEST,EQ,2001-01-18,64.2,63.65,65.0,63.65,64.0,64.0,64.29,"4,236","2,72,313.00",-,-,-
TUBEINVEST,EQ,2001-01-19,64.0,63.5,65.65,63.5,64.05,64.15,64.41,"5,095","3,28,161.95",-,-,-
TUBEINVEST,EQ,2001-01-22,64.15,64.25,65.35,63.55,64.5,64.5,64.39,"1,551","99,866.60",-,-,-
TUBEINVEST,EQ,2001-01-23,64.5,64.0,64.8,64.0,64.75,64.05,64.15,"4,793","3,07,477.95",-,-,-
TUBEINVEST,EQ,2001-01-24,64.05,64.5,65.0,64.0,64.0,64.25,64.5,"13,150","8,48,232.50",-,-,-
TUBEINVEST,EQ,2001-01-25,64.25,64.0,64.1,62.6,62.6,62.95,63.64,"9,222","5,86,911.30",-,-,-
TUBEINVEST,EQ,2001-01-29,62.95,59.0,62.5,59.0,61.8,60.9,60.99,"1,925","1,17,404.55",-,-,-
TUBEINVEST,EQ,2001-01-30,60.9,62.0,62.0,60.05,61.95,61.7,61.42,"6,148","3,77,613.00",-,-,-
TUBEINVEST,EQ,2001-01-31,61.7,65.75,65.75,62.05,63.0,63.1,63.13,"5,997","3,78,612.95",-,-,-
TUBEINVEST,EQ,2001-02-01,63.1,64.75,64.75,62.0,62.65,62.25,62.69,"5,507","3,45,215.75",-,-,-
TUBEINVEST,EQ,2001-02-02,62.25,62.1,62.95,61.65,62.0,61.95,62.44,"3,946","2,46,407.90",-,-,-
TUBEINVEST,EQ,2001-02-05,61.95,62.8,65.0,61.55,65.0,64.7,63.42,"13,681","8,67,612.00",-,-,-
TUBEINVEST,EQ,2001-02-06,64.7,65.0,67.0,64.1,65.5,65.4,65.06,"13,393","8,71,389.70",-,-,-
TUBEINVEST,EQ,2001-02-07,65.4,70.4,70.4,66.25,66.95,66.85,67.75,"3,583","2,42,731.95",-,-,-
TUBEINVEST,EQ,2001-02-08,66.85,67.0,67.0,66.0,66.2,66.4,66.52,"10,957","7,28,857.35",-,-,-
TUBEINVEST,EQ,2001-02-09,66.4,65.9,67.2,65.9,66.4,66.65,66.76,"6,675","4,45,646.95",-,-,-
TUBEINVEST,EQ,2001-02-12,66.65,67.95,67.95,65.0,66.6,66.65,66.95,"9,045","6,05,594.95",-,-,-
TUBEINVEST,BE,2001-02-13,95.4,61.35,61.35,61.35,61.35,61.35,61.35,1,61.35,-,-,-
TUBEINVEST,EQ,2001-02-13,66.65,66.3,66.7,64.1,64.5,64.8,65.1,"9,599","6,24,899.55",-,-,-
TUBEINVEST,EQ,2001-02-14,64.8,65.45,65.5,64.6,64.95,64.7,64.86,"1,227","79,588.40",-,-,-
TUBEINVEST,EQ,2001-02-15,64.7,65.45,65.45,63.2,64.0,64.0,63.9,"12,368","7,90,300.75",-,-,-
TUBEINVEST,EQ,2001-02-16,64.0,63.35,64.0,63.0,63.0,63.2,63.3,"4,620","2,92,423.50",-,-,-
TUBEINVEST,EQ,2001-02-19,63.2,63.0,63.0,62.2,63.0,62.8,62.43,"3,633","2,26,820.75",-,-,-
TUBEINVEST,EQ,2001-02-20,62.8,62.8,62.8,61.05,61.65,61.85,61.86,"7,939","4,91,120.90",-,-,-
TUBEINVEST,EQ,2001-02-21,61.85,63.6,63.6,62.0,62.1,62.15,62.34,"4,250","2,64,945.00",-,-,-
TUBEINVEST,EQ,2001-02-22,62.15,62.05,62.95,61.15,62.5,62.1,62.0,"2,925","1,81,355.00",-,-,-
TUBEINVEST,EQ,2001-02-23,62.1,62.0,62.0,60.0,60.0,60.1,60.58,"6,153","3,72,774.50",-,-,-
TUBEINVEST,EQ,2001-02-26,60.1,61.5,61.5,56.0,59.0,60.15,59.55,"4,980","2,96,579.65",-,-,-
TUBEINVEST,EQ,2001-02-27,60.15,58.0,59.5,58.0,59.5,58.7,58.68,"10,181","5,97,374.70",-,-,-
TUBEINVEST,EQ,2001-02-28,58.7,58.5,63.0,57.5,60.1,60.1,61.13,"5,968","3,64,838.70",-,-,-
TUBEINVEST,EQ,2001-03-01,60.1,60.0,62.0,58.65,60.5,60.5,61.18,"4,320","2,64,311.95",-,-,-
TUBEINVEST,EQ,2001-03-02,60.5,60.5,60.5,60.0,60.0,60.0,60.01,"9,541","5,72,578.90",-,-,-
TUBEINVEST,EQ,2001-03-05,60.0,57.0,58.3,55.25,55.25,55.95,56.6,"15,328","8,67,499.60",-,-,-
TUBEINVEST,EQ,2001-03-07,55.95,58.0,58.0,55.3,57.0,56.5,56.88,"4,775","2,71,620.00",-,-,-
TUBEINVEST,EQ,2001-03-08,56.5,57.5,57.5,56.1,56.5,56.8,56.6,"4,905","2,77,633.35",-,-,-
TUBEINVEST,EQ,2001-03-09,56.8,54.9,61.0,53.55,54.5,54.5,55.02,"4,941","2,71,877.00",-,-,-
TUBEINVEST,EQ,2001-03-12,54.5,54.1,54.1,52.1,54.0,53.8,53.45,"4,082","2,18,199.25",-,-,-
TUBEINVEST,EQ,2001-03-13,53.8,51.1,53.9,49.5,51.7,51.7,50.47,"9,306","4,69,666.65",-,-,-
TUBEINVEST,EQ,2001-03-14,51.7,50.1,52.0,49.5,51.9,51.9,50.31,"2,884","1,45,082.50",-,-,-
TUBEINVEST,EQ,2001-03-15,51.9,51.9,52.0,50.7,51.0,51.55,51.64,"1,960","1,01,222.25",-,-,-
TUBEINVEST,EQ,2001-03-16,51.55,49.0,53.8,48.25,53.0,53.15,52.2,"3,185","1,66,253.25",-,-,-
TUBEINVEST,EQ,2001-03-19,53.15,51.5,53.0,51.1,51.1,51.1,51.53,"1,570","80,903.50",-,-,-
TUBEINVEST,EQ,2001-03-20,51.1,51.5,51.5,49.05,49.75,49.55,49.87,"3,723","1,85,678.75",-,-,-
TUBEINVEST,EQ,2001-03-21,49.55,50.0,51.25,48.7,51.25,51.25,49.66,"3,370","1,67,369.35",-,-,-
TUBEINVEST,EQ,2001-03-22,51.25,51.0,51.0,50.0,50.15,50.15,50.3,"2,755","1,38,590.00",-,-,-
TUBEINVEST,EQ,2001-03-23,50.15,50.0,52.0,48.1,50.0,49.95,50.06,"2,262","1,13,243.00",-,-,-
TUBEINVEST,EQ,2001-03-26,49.95,49.95,49.95,47.1,48.05,48.15,47.87,"1,976","94,585.55",-,-,-
TUBEINVEST,EQ,2001-03-27,48.15,48.0,50.9,46.0,49.0,49.0,48.68,"3,990","1,94,217.05",-,-,-
TUBEINVEST,EQ,2001-03-28,49.0,48.15,51.75,48.15,51.75,51.75,50.24,"5,753","2,89,054.15",-,-,-
TUBEINVEST,EQ,2001-03-29,51.75,51.95,51.95,50.0,50.3,50.3,50.26,"1,762","88,552.20",-,-,-
TUBEINVEST,EQ,2001-03-30,50.3,49.2,50.55,49.2,50.0,49.35,49.57,"1,606","79,601.85",-,-,-
TUBEINVEST,EQ,2001-04-02,49.35,49.2,49.9,48.25,48.65,48.65,48.86,"2,226","1,08,762.20",-,-,-
TUBEINVEST,EQ,2001-04-03,48.65,47.6,48.9,46.3,48.5,48.15,47.7,"3,623","1,72,831.00",-,-,-
TUBEINVEST,EQ,2001-04-04,48.15,49.8,49.8,47.0,48.0,48.45,47.83,"6,986","3,34,115.85",-,-,-
TUBEINVEST,EQ,2001-04-06,48.45,47.6,49.95,47.6,47.95,47.95,48.53,"1,487","72,163.75",-,-,-
TUBEINVEST,EQ,2001-04-09,47.95,47.95,48.5,47.0,48.0,47.9,47.73,"3,577","1,70,723.90",-,-,-
TUBEINVEST,EQ,2001-04-10,47.9,45.0,48.1,45.0,47.0,47.0,47.39,"2,723","1,29,041.05",-,-,-
TUBEINVEST,EQ,2001-04-11,47.0,46.05,47.7,46.05,47.0,47.0,47.0,681,"32,004.25",-,-,-
TUBEINVEST,EQ,2001-04-12,47.0,44.8,46.9,44.8,45.25,45.25,45.34,956,"43,341.85",-,-,-
TUBEINVEST,EQ,2001-04-16,45.25,46.0,46.9,46.0,46.9,46.9,46.36,"1,097","50,855.50",-,-,-
TUBEINVEST,EQ,2001-04-17,46.9,47.55,48.9,47.0,47.0,47.15,47.41,"2,346","1,11,232.10",-,-,-
TUBEINVEST,EQ,2001-04-18,47.15,49.0,49.2,48.2,49.0,49.05,48.97,"1,342","65,719.95",-,-,-
TUBEINVEST,EQ,2001-04-19,49.05,49.9,50.85,48.6,48.8,48.8,49.8,"4,265","2,12,406.50",-,-,-
TUBEINVEST,EQ,2001-04-20,48.8,49.0,49.0,47.0,48.9,48.9,48.17,702,"33,818.70",-,-,-
TUBEINVEST,EQ,2001-04-23,48.9,48.9,49.5,48.9,49.4,49.4,49.12,860,"42,239.00",-,-,-
TUBEINVEST,EQ,2001-04-24,49.4,48.5,49.8,47.25,48.0,48.2,48.3,"2,840","1,37,177.35",-,-,-
TUBEINVEST,EQ,2001-04-25,48.2,49.5,51.75,49.0,51.75,51.75,50.18,"3,191","1,60,118.00",-,-,-
TUBEINVEST,EQ,2001-04-26,51.75,51.7,52.0,51.0,51.0,51.7,51.51,"1,990","1,02,498.00",-,-,-
TUBEINVEST,EQ,2001-04-27,51.7,48.5,49.5,48.1,48.1,48.25,48.63,"1,543","75,030.25",-,-,-
TUBEINVEST,EQ,2001-04-30,48.25,49.95,50.0,48.0,48.7,48.7,48.82,444,"21,675.55",-,-,-
TUBEINVEST,EQ,2001-05-02,48.7,51.8,51.8,48.35,49.1,49.1,49.87,754,"37,601.00",-,-,-
TUBEINVEST,EQ,2001-05-03,49.1,49.1,49.1,48.5,48.5,48.5,48.6,310,"15,065.00",-,-,-
TUBEINVEST,EQ,2001-05-04,48.5,47.5,49.0,47.5,48.0,48.05,48.24,662,"31,931.60",-,-,-
TUBEINVEST,EQ,2001-05-07,48.05,47.8,48.0,47.5,48.0,48.0,47.82,"1,447","69,191.75",-,-,-
TUBEINVEST,EQ,2001-05-08,48.0,46.25,48.6,46.25,47.8,47.25,47.52,"2,859","1,35,858.50",-,-,-
TUBEINVEST,EQ,2001-05-09,47.25,49.5,49.5,46.5,46.5,46.5,47.41,"3,375","1,60,011.25",-,-,-
TUBEINVEST,EQ,2001-05-10,46.5,46.5,47.5,46.5,47.0,47.0,47.18,774,"36,519.50",-,-,-
TUBEINVEST,EQ,2001-05-11,47.0,46.5,47.75,46.5,46.9,47.0,47.04,"1,828","85,985.00",-,-,-
TUBEINVEST,EQ,2001-05-14,47.0,46.0,48.0,46.0,48.0,48.0,47.78,"3,398","1,62,370.35",-,-,-
TUBEINVEST,EQ,2001-05-15,48.0,46.35,47.0,45.55,47.0,46.7,46.4,"4,420","2,05,077.70",-,-,-
TUBEINVEST,EQ,2001-05-16,46.7,46.75,48.5,46.75,48.0,48.15,48.22,"1,871","90,215.70",-,-,-
TUBEINVEST,EQ,2001-05-17,48.15,48.0,49.15,48.0,48.8,48.6,48.39,"1,745","84,438.80",-,-,-
TUBEINVEST,EQ,2001-05-18,48.6,48.2,49.25,47.7,49.25,49.0,48.17,"8,889","4,28,158.55",-,-,-
TUBEINVEST,EQ,2001-05-21,49.0,48.95,49.5,47.25,49.25,49.05,48.77,"6,880","3,35,570.65",-,-,-
TUBEINVEST,EQ,2001-05-22,49.05,48.75,49.55,48.75,49.0,49.05,49.1,"6,055","2,97,286.80",-,-,-
TUBEINVEST,EQ,2001-05-23,49.05,50.85,53.0,50.85,53.0,53.0,52.16,"12,379","6,45,745.55",-,-,-
TUBEINVEST,EQ,2001-05-24,53.0,56.8,56.8,52.5,54.5,54.45,54.1,"5,795","3,13,488.85",-,-,-
TUBEINVEST,EQ,2001-05-25,54.45,54.5,54.75,52.2,53.5,53.3,53.55,"3,320","1,77,773.35",-,-,-
TUBEINVEST,EQ,2001-05-28,53.3,53.35,57.6,53.35,57.6,57.6,56.67,"3,676","2,08,302.10",-,-,-
TUBEINVEST,EQ,2001-05-29,57.6,62.2,62.25,60.0,62.25,62.25,61.84,"26,791","16,56,641.15",-,-,-
TUBEINVEST,EQ,2001-05-30,62.25,65.0,65.0,60.1,60.25,60.3,61.68,"13,673","8,43,344.45",-,-,-
TUBEINVEST,EQ,2001-05-31,60.3,60.15,60.15,58.3,60.0,59.75,59.44,"4,160","2,47,266.25",-,-,-
TUBEINVEST,EQ,2001-06-01,59.75,59.2,59.2,57.15,57.95,57.45,57.99,"7,012","4,06,607.30",-,-,-
TUBEINVEST,EQ,2001-06-04,57.45,58.0,58.4,56.0,56.0,57.0,57.21,"5,903","3,37,712.55",-,-,-
TUBEINVEST,EQ,2001-06-05,57.0,54.6,56.9,54.6,56.9,56.15,55.79,"5,540","3,09,083.30",-,-,-
TUBEINVEST,EQ,2001-06-06,56.15,55.6,56.3,55.6,56.0,56.0,55.97,"1,642","91,902.00",-,-,-
TUBEINVEST,EQ,2001-06-07,56.0,55.55,56.85,55.55,56.5,56.45,56.17,"2,978","1,67,280.15",-,-,-
TUBEINVEST,EQ,2001-06-08,56.45,56.15,56.5,56.1,56.5,56.35,56.26,"2,550","1,43,451.25",-,-,-
TUBEINVEST,EQ,2001-06-11,56.35,57.0,58.0,55.5,57.0,57.0,57.04,"4,061","2,31,636.50",-,-,-
TUBEINVEST,EQ,2001-06-12,57.0,56.75,57.5,55.65,57.5,57.45,56.82,"3,405","1,93,465.30",-,-,-
TUBEINVEST,EQ,2001-06-13,57.45,58.5,59.0,57.3,58.0,58.15,58.37,"1,150","67,122.35",-,-,-
TUBEINVEST,EQ,2001-06-14,58.15,58.95,59.55,58.1,59.2,58.85,59.02,"1,943","1,14,679.45",-,-,-
TUBEINVEST,EQ,2001-06-15,58.85,57.65,58.5,57.4,58.5,58.4,58.06,"2,652","1,53,980.85",-,-,-
TUBEINVEST,EQ,2001-06-18,58.4,55.6,57.0,55.5,57.0,56.95,56.34,"1,816","1,02,321.20",-,-,-
TUBEINVEST,EQ,2001-06-19,56.95,57.1,58.0,56.0,57.0,56.9,56.93,"2,491","1,41,806.10",-,-,-
TUBEINVEST,EQ,2001-06-20,56.9,57.4,57.5,56.75,57.5,57.5,57.46,"1,761","1,01,181.00",-,-,-
TUBEINVEST,EQ,2001-06-21,57.5,57.25,57.4,56.55,56.55,56.9,56.99,"3,485","1,98,609.60",-,-,-
TUBEINVEST,EQ,2001-06-22,56.9,56.7,57.8,56.55,57.5,57.5,57.33,"1,476","84,617.10",-,-,-
TUBEINVEST,EQ,2001-06-25,57.5,57.05,57.05,56.0,57.0,56.95,56.71,"4,559","2,58,542.90",-,-,-
TUBEINVEST,EQ,2001-06-26,56.95,55.55,58.0,55.5,57.55,57.85,56.96,"2,515","1,43,254.40",-,-,-
TUBEINVEST,EQ,2001-06-27,57.85,56.3,57.25,56.25,56.55,56.7,56.71,"3,760","2,13,226.70",-,-,-
TUBEINVEST,EQ,2001-06-28,56.7,56.5,58.1,56.5,58.0,58.0,57.63,"4,516","2,60,268.40",-,-,-
TUBEINVEST,EQ,2001-06-29,58.0,58.0,58.0,57.8,58.0,57.9,57.95,200,"11,590.00",-,-,-
TUBEINVEST,EQ,2001-07-02,57.9,60.0,60.45,59.95,60.0,60.3,60.1,"3,426","2,05,891.90",-,-,-
TUBEINVEST,EQ,2001-07-03,60.3,59.0,59.35,58.5,58.5,58.5,58.51,"6,811","3,98,543.50",-,-,-
TUBEINVEST,EQ,2001-07-04,58.5,58.0,60.7,58.0,60.7,60.7,60.27,"1,145","69,004.30",-,-,-
TUBEINVEST,EQ,2001-07-05,60.7,58.5,60.75,58.5,60.75,60.65,60.31,"2,306","1,39,079.75",-,-,-
TUBEINVEST,EQ,2001-07-06,60.65,61.0,61.0,60.0,60.0,60.25,60.26,"3,465","2,08,815.90",-,-,-
TUBEINVEST,EQ,2001-07-09,60.25,55.9,56.0,55.0,55.0,55.6,55.79,"3,350","1,86,910.00",-,-,-
TUBEINVEST,EQ,2001-07-10,55.6,56.0,56.15,55.15,55.5,55.5,55.83,"1,050","58,617.50",-,-,-
TUBEINVEST,EQ,2001-07-11,55.5,55.85,56.65,55.5,55.8,55.9,55.95,"1,475","82,530.10",-,-,-
TUBEINVEST,EQ,2001-07-12,55.9,56.5,56.75,56.0,56.05,56.05,56.18,414,"23,259.65",-,-,-
TUBEINVEST,EQ,2001-07-13,56.05,56.0,57.4,55.95,56.25,56.25,56.57,901,"50,971.50",-,-,-
TUBEINVEST,EQ,2001-07-16,56.25,58.0,58.15,56.1,57.1,57.3,57.45,"2,255","1,29,559.75",-,-,-
TUBEINVEST,EQ,2001-07-17,57.3,59.0,59.5,56.75,57.8,57.7,57.84,850,"49,162.50",-,-,-
TUBEINVEST,EQ,2001-07-18,57.7,57.0,58.0,57.0,57.5,57.4,57.44,"1,033","59,340.30",-,-,-
TUBEINVEST,EQ,2001-07-19,57.4,58.7,59.0,57.65,58.2,58.2,58.5,"2,100","1,22,844.50",-,-,-
TUBEINVEST,EQ,2001-07-20,58.2,58.0,58.2,57.0,57.25,57.25,57.35,"2,630","1,50,826.95",-,-,-
TUBEINVEST,EQ,2001-07-24,57.25,55.0,56.0,55.0,55.2,55.55,55.29,849,"46,940.20",-,-,-
TUBEINVEST,EQ,2001-07-25,55.55,56.0,56.5,56.0,56.1,56.1,56.09,"2,437","1,36,692.30",-,-,-
TUBEINVEST,EQ,2001-07-26,56.1,55.2,56.5,55.2,56.5,56.45,56.05,"1,566","87,776.00",-,-,-
TUBEINVEST,EQ,2001-07-27,56.45,55.5,55.5,55.5,55.5,55.5,55.5,489,"27,139.50",-,-,-
TUBEINVEST,EQ,2001-07-30,55.5,55.0,55.0,47.2,53.85,53.4,52.59,"4,937","2,59,613.95",-,-,-
TUBEINVEST,EQ,2001-07-31,53.4,54.0,54.0,52.5,54.0,54.0,53.82,"2,159","1,16,201.80",-,-,-
TUBEINVEST,EQ,2001-08-01,54.0,54.0,55.1,54.0,55.1,55.05,54.89,"4,275","2,34,645.80",-,-,-
TUBEINVEST,EQ,2001-08-02,55.05,55.0,55.8,54.95,55.5,55.5,55.15,"1,300","71,690.00",-,-,-
TUBEINVEST,EQ,2001-08-03,55.5,55.5,58.0,55.5,58.0,57.8,56.95,"2,730","1,55,468.75",-,-,-
TUBEINVEST,EQ,2001-08-06,57.8,58.0,60.2,58.0,60.0,60.0,59.56,"5,449","3,24,551.50",-,-,-
TUBEINVEST,EQ,2001-08-07,60.0,59.0,60.9,59.0,60.1,60.1,60.12,"4,667","2,80,583.50",-,-,-
TUBEINVEST,EQ,2001-08-08,60.1,59.95,60.05,57.0,57.0,57.0,59.62,"10,910","6,50,472.50",-,-,-
TUBEINVEST,EQ,2001-08-09,57.0,58.25,59.0,58.0,58.0,58.0,58.04,"11,196","6,49,844.75",-,-,-
TUBEINVEST,EQ,2001-08-10,58.0,57.0,57.0,57.0,57.0,57.0,57.0,200,"11,400.00",-,-,-
TUBEINVEST,EQ,2001-08-13,57.0,56.0,56.0,55.0,55.0,55.0,55.1,"10,749","5,92,282.50",-,-,-
TUBEINVEST,EQ,2001-08-14,55.0,55.0,55.0,54.95,55.0,55.0,55.0,"7,210","3,96,549.50",-,-,-
TUBEINVEST,EQ,2001-08-16,55.0,55.0,55.0,53.5,54.05,54.05,54.21,477,"25,860.25",-,-,-
TUBEINVEST,EQ,2001-08-17,54.05,56.0,56.0,54.1,55.0,55.0,54.96,"5,510","3,02,854.40",-,-,-
TUBEINVEST,EQ,2001-08-20,55.0,54.7,55.0,52.65,52.75,52.7,54.12,"3,409","1,84,503.25",-,-,-
TUBEINVEST,EQ,2001-08-21,52.7,52.5,56.45,52.5,54.0,54.15,54.93,"15,727","8,63,858.05",-,-,-
TUBEINVEST,EQ,2001-08-23,54.15,53.1,54.5,53.1,53.5,53.5,53.46,764,"40,845.80",-,-,-
TUBEINVEST,EQ,2001-08-24,53.5,53.75,56.0,53.7,54.5,54.5,55.7,"8,565","4,77,058.40",-,-,-
TUBEINVEST,EQ,2001-08-27,54.5,55.5,55.5,54.0,54.0,54.75,54.9,950,"52,155.00",-,-,-
TUBEINVEST,EQ,2001-08-28,54.75,55.0,56.0,52.6,56.0,55.9,55.62,"2,898","1,61,200.90",-,-,-
TUBEINVEST,EQ,2001-08-29,55.9,56.75,56.75,54.05,56.0,56.0,55.7,"4,266","2,37,598.00",-,-,-
TUBEINVEST,EQ,2001-08-30,56.0,55.0,56.5,54.0,56.4,56.4,55.76,"2,866","1,59,801.10",-,-,-
TUBEINVEST,EQ,2001-08-31,56.4,55.8,56.2,55.8,56.0,56.0,56.0,"7,370","4,12,750.00",-,-,-
TUBEINVEST,EQ,2001-09-03,56.0,54.55,55.3,54.1,55.0,54.75,55.01,"2,620","1,44,128.65",-,-,-
TUBEINVEST,EQ,2001-09-04,54.75,53.5,53.5,53.5,53.5,53.5,53.5,35,"1,872.50",-,-,-
TUBEINVEST,EQ,2001-09-05,53.5,54.5,55.1,54.5,55.0,55.0,55.0,"3,142","1,72,795.00",-,-,-
TUBEINVEST,EQ,2001-09-06,55.0,53.1,54.25,53.1,54.25,54.2,53.74,"1,000","53,737.00",-,-,-
TUBEINVEST,EQ,2001-09-07,54.2,52.15,53.9,51.75,51.75,51.9,52.42,273,"14,311.90",-,-,-
TUBEINVEST,EQ,2001-09-10,51.9,51.5,61.0,51.5,61.0,55.45,54.41,"2,396","1,30,371.40",-,-,-
TUBEINVEST,EQ,2001-09-11,55.45,60.1,60.1,55.05,55.05,55.55,58.41,819,"47,838.20",-,-,-
TUBEINVEST,EQ,2001-09-12,55.55,51.75,54.9,51.6,52.25,52.3,52.4,"3,828","2,00,584.50",-,-,-
TUBEINVEST,EQ,2001-09-13,52.3,53.0,55.0,52.05,54.8,53.9,53.45,"1,498","80,070.65",-,-,-
TUBEINVEST,EQ,2001-09-14,53.9,50.9,55.0,49.5,50.7,54.85,51.89,"2,946","1,52,882.00",-,-,-
TUBEINVEST,EQ,2001-09-17,54.85,47.2,50.8,47.2,50.8,49.65,49.53,"3,674","1,81,981.10",-,-,-
TUBEINVEST,EQ,2001-09-18,49.65,46.55,52.75,46.55,51.95,51.95,50.66,947,"47,970.70",-,-,-
TUBEINVEST,EQ,2001-09-19,51.95,53.9,55.5,53.9,55.0,54.85,54.72,"3,754","2,05,430.25",-,-,-
TUBEINVEST,EQ,2001-09-20,54.85,52.1,52.1,51.0,51.75,51.75,51.43,"3,050","1,56,872.20",-,-,-
TUBEINVEST,EQ,2001-09-21,51.75,52.25,52.5,51.5,51.9,51.65,51.82,700,"36,275.00",-,-,-
TUBEINVEST,EQ,2001-09-24,51.65,50.7,51.45,50.05,51.0,50.9,50.51,"9,033","4,56,215.15",-,-,-
TUBEINVEST,EQ,2001-09-25,50.9,51.9,55.0,50.75,54.0,53.05,52.4,"1,142","59,842.60",-,-,-
TUBEINVEST,EQ,2001-09-26,53.05,52.0,54.35,52.0,54.35,52.9,52.17,"8,850","4,61,739.75",-,-,-
TUBEINVEST,EQ,2001-09-27,52.9,53.95,56.85,52.2,56.85,56.85,54.45,"1,037","56,466.80",-,-,-
TUBEINVEST,EQ,2001-09-28,56.85,52.4,56.0,52.4,56.0,55.25,54.46,"1,819","99,062.00",-,-,-
TUBEINVEST,EQ,2001-10-01,55.25,56.25,56.25,54.1,56.0,56.0,56.01,"16,427","9,20,116.20",-,-,-
TUBEINVEST,EQ,2001-10-03,56.0,55.0,56.1,52.1,55.05,55.15,55.01,"3,112","1,71,198.00",-,-,-
TUBEINVEST,EQ,2001-10-04,55.15,55.0,55.0,54.8,55.0,55.0,54.96,135,"7,420.00",-,-,-
TUBEINVEST,EQ,2001-10-05,55.0,55.0,56.9,55.0,56.9,56.55,55.16,"6,486","3,57,784.75",-,-,-
TUBEINVEST,EQ,2001-10-08,56.55,53.05,55.7,53.05,53.75,53.75,54.35,94,"5,109.35",-,-,-
TUBEINVEST,EQ,2001-10-09,53.75,63.95,63.95,54.0,56.05,56.05,56.57,621,"35,128.00",-,-,-
TUBEINVEST,EQ,2001-10-10,56.05,55.0,55.2,55.0,55.2,55.2,55.11,91,"5,015.20",-,-,-
TUBEINVEST,EQ,2001-10-11,55.2,55.1,56.25,55.1,56.25,55.35,55.34,399,"22,082.25",-,-,-
TUBEINVEST,EQ,2001-10-12,55.35,53.25,55.5,53.25,54.1,54.35,54.67,640,"34,987.50",-,-,-
TUBEINVEST,EQ,2001-10-15,54.35,54.7,58.15,54.7,57.0,57.75,56.59,"6,778","3,83,534.60",-,-,-
TUBEINVEST,EQ,2001-10-16,57.75,57.2,58.15,57.0,58.15,57.75,57.7,"5,084","2,93,323.10",-,-,-
TUBEINVEST,EQ,2001-10-17,57.75,57.0,60.0,56.0,57.0,57.0,57.34,"9,900","5,67,702.50",-,-,-
TUBEINVEST,EQ,2001-10-18,57.0,58.9,60.0,57.75,59.95,59.45,59.63,"6,505","3,87,869.95",-,-,-
TUBEINVEST,EQ,2001-10-19,59.45,57.5,61.25,57.0,61.25,60.35,59.74,"41,764","24,94,949.40",-,-,-
TUBEINVEST,EQ,2001-10-22,60.35,62.0,63.0,59.4,59.5,59.5,61.29,"2,070","1,26,863.30",-,-,-
TUBEINVEST,EQ,2001-10-23,59.5,60.0,60.0,57.85,60.0,59.7,59.36,"3,626","2,15,230.80",-,-,-
TUBEINVEST,EQ,2001-10-24,59.7,57.9,61.2,57.9,61.0,61.0,60.34,"6,510","3,92,809.25",-,-,-
TUBEINVEST,EQ,2001-10-25,61.0,60.0,60.0,58.7,58.7,58.7,59.01,225,"13,276.50",-,-,-
TUBEINVEST,EQ,2001-10-29,58.7,61.4,61.4,57.65,58.05,58.05,57.87,276,"15,973.20",-,-,-
TUBEINVEST,EQ,2001-10-30,58.05,58.05,58.25,57.0,58.0,58.0,57.14,494,"28,227.85",-,-,-
TUBEINVEST,EQ,2001-10-31,58.0,58.6,62.0,58.6,61.0,61.0,60.72,"23,824","14,46,521.75",-,-,-
TUBEINVEST,EQ,2001-11-01,61.0,61.0,62.5,60.45,60.55,60.6,60.73,"2,992","1,81,714.30",-,-,-
TUBEINVEST,EQ,2001-11-02,60.6,60.0,64.75,60.0,64.0,63.9,63.14,"7,511","4,74,278.20",-,-,-
TUBEINVEST,EQ,2001-11-05,63.9,61.5,65.0,61.5,65.0,64.95,64.8,"8,345","5,40,770.50",-,-,-
TUBEINVEST,EQ,2001-11-06,64.95,63.7,64.85,63.35,64.2,64.2,64.21,"1,300","83,477.05",-,-,-
TUBEINVEST,EQ,2001-11-07,64.2,64.45,65.0,63.1,63.1,63.1,64.76,"4,583","2,96,790.80",-,-,-
TUBEINVEST,EQ,2001-11-08,63.1,61.5,65.5,61.5,65.5,65.2,64.87,"5,879","3,81,396.05",-,-,-
TUBEINVEST,EQ,2001-11-09,65.2,64.65,67.35,62.95,65.9,66.65,65.25,"2,379","1,55,238.90",-,-,-
TUBEINVEST,EQ,2001-11-12,66.65,65.0,69.75,65.0,69.75,68.8,67.39,"10,414","7,01,791.00",-,-,-
TUBEINVEST,EQ,2001-11-13,68.8,67.25,68.45,65.05,68.45,68.0,67.69,997,"67,482.20",-,-,-
TUBEINVEST,EQ,2001-11-14,68.0,67.0,67.0,65.0,65.25,65.25,65.59,300,"19,676.75",-,-,-
TUBEINVEST,EQ,2001-11-15,65.25,65.5,68.0,64.8,68.0,68.0,67.6,"3,840","2,59,585.00",-,-,-
TUBEINVEST,EQ,2001-11-19,68.0,66.3,67.0,65.1,65.1,65.25,65.7,"2,195","1,44,220.35",-,-,-
TUBEINVEST,EQ,2001-11-20,65.25,67.0,68.0,67.0,68.0,68.0,67.71,"9,484","6,42,114.50",-,-,-
TUBEINVEST,EQ,2001-11-21,68.0,66.1,66.1,65.2,66.0,66.0,65.99,"2,142","1,41,352.60",-,-,-
TUBEINVEST,EQ,2001-11-22,66.0,62.25,67.0,62.25,65.0,65.2,64.53,"2,016","1,30,099.60",-,-,-
TUBEINVEST,EQ,2001-11-23,65.2,66.5,66.5,64.2,65.4,65.3,65.25,"10,789","7,03,949.40",-,-,-
TUBEINVEST,EQ,2001-11-26,65.3,65.0,66.4,65.0,66.4,66.0,65.61,"3,130","2,05,366.00",-,-,-
TUBEINVEST,EQ,2001-11-27,66.0,63.0,66.5,62.25,66.5,65.85,65.75,"14,501","9,53,456.10",-,-,-
TUBEINVEST,EQ,2001-11-28,65.85,62.65,67.0,62.65,67.0,67.0,64.73,"7,141","4,62,231.50",-,-,-
TUBEINVEST,EQ,2001-11-29,67.0,63.3,66.0,63.3,66.0,65.5,64.35,"14,482","9,31,914.15",-,-,-
TUBEINVEST,EQ,2001-12-03,65.5,63.65,67.0,63.55,67.0,66.65,65.67,"6,187","4,06,271.60",-,-,-
TUBEINVEST,EQ,2001-12-04,66.65,66.0,69.3,65.05,67.5,67.85,67.47,"7,146","4,82,107.55",-,-,-
TUBEINVEST,EQ,2001-12-05,67.85,71.0,71.0,66.2,66.5,66.55,67.12,"2,504","1,68,058.50",-,-,-
TUBEINVEST,EQ,2001-12-06,66.55,65.35,67.35,65.35,66.25,66.25,66.1,"10,125","6,69,290.00",-,-,-
TUBEINVEST,EQ,2001-12-07,66.25,66.0,67.0,65.2,67.0,67.0,66.0,"3,592","2,37,081.00",-,-,-
TUBEINVEST,EQ,2001-12-10,67.0,65.05,67.85,65.05,66.0,66.0,66.14,"2,484","1,64,282.90",-,-,-
TUBEINVEST,EQ,2001-12-11,66.0,64.35,66.9,64.35,66.05,66.35,65.69,"4,551","2,98,937.40",-,-,-
TUBEINVEST,EQ,2001-12-12,66.35,66.9,68.0,66.25,68.0,68.0,67.11,"4,904","3,29,104.30",-,-,-
TUBEINVEST,EQ,2001-12-13,68.0,68.6,68.6,63.85,68.0,68.0,66.99,"2,999","2,00,898.85",-,-,-
TUBEINVEST,EQ,2001-12-14,68.0,68.0,70.0,67.0,70.0,68.75,68.55,"1,809","1,23,998.00",-,-,-
TUBEINVEST,EQ,2001-12-18,68.75,66.9,70.0,65.5,66.0,66.0,68.65,"1,598","1,09,704.50",-,-,-
TUBEINVEST,EQ,2001-12-19,66.0,64.8,68.0,64.8,66.0,66.0,66.05,"1,690","1,11,617.90",-,-,-
TUBEINVEST,EQ,2001-12-20,66.0,62.6,67.0,61.1,66.9,65.8,63.79,"3,013","1,92,194.00",-,-,-
TUBEINVEST,EQ,2001-12-21,65.8,67.0,67.0,64.4,64.6,65.45,65.68,"3,061","2,01,049.50",-,-,-
TUBEINVEST,EQ,2001-12-24,65.45,63.5,67.5,63.5,67.5,66.0,65.38,"1,315","85,978.25",-,-,-
TUBEINVEST,EQ,2001-12-26,66.0,66.0,66.05,66.0,66.05,66.05,66.01,975,"64,361.25",-,-,-
TUBEINVEST,EQ,2001-12-27,66.05,65.0,67.0,64.0,66.0,66.0,65.85,"2,492","1,64,091.25",-,-,-
TUBEINVEST,EQ,2001-12-28,66.0,64.75,66.8,64.75,66.8,66.35,65.93,"1,805","1,19,005.55",-,-,-
TUBEINVEST,EQ,2001-12-31,66.35,66.05,69.5,66.05,69.5,69.4,68.72,"2,593","1,78,192.00",-,-,-
TUBEINVEST,EQ,2002-01-01,69.4,68.4,69.9,68.4,69.5,69.5,69.55,"1,300","90,415.00",-,"1,100",84.62
TUBEINVEST,EQ,2002-01-02,69.5,65.15,70.0,65.15,70.0,69.95,68.72,"2,056","1,41,288.70",-,"1,546",75.19
TUBEINVEST,EQ,2002-01-03,69.95,69.0,69.25,65.0,65.0,66.4,67.78,844,"57,205.00",-,412,48.82
TUBEINVEST,EQ,2002-01-04,66.4,66.05,68.25,66.05,68.25,68.25,67.83,"1,186","80,451.75",-,936,78.92
TUBEINVEST,EQ,2002-01-07,68.25,64.2,69.0,64.2,69.0,69.0,67.88,"1,147","77,862.90",-,925,80.65
TUBEINVEST,EQ,2002-01-08,69.0,68.0,70.0,67.3,68.15,69.3,68.54,"4,490","3,07,755.10",-,"3,658",81.47
TUBEINVEST,EQ,2002-01-09,69.3,67.05,70.0,67.05,70.0,69.9,69.71,"3,043","2,12,121.65",-,"2,668",87.68
TUBEINVEST,EQ,2002-01-10,69.9,69.7,69.7,66.65,69.5,69.5,69.14,"3,227","2,23,102.85",-,"2,830",87.70
TUBEINVEST,EQ,2002-01-11,69.5,69.25,71.0,68.0,71.0,71.0,70.64,"9,375","6,62,207.35",-,"8,628",92.03
TUBEINVEST,EQ,2002-01-14,71.0,70.65,70.7,70.0,70.5,70.5,70.3,385,"27,065.50",-,385,100.00
TUBEINVEST,EQ,2002-01-15,70.5,70.0,70.45,70.0,70.45,70.45,70.01,"2,377","1,66,418.05",-,"2,266",95.33
TUBEINVEST,EQ,2002-01-16,70.45,69.05,70.5,69.05,70.5,70.5,70.16,300,"21,046.50",-,300,100.00
TUBEINVEST,EQ,2002-01-17,70.5,69.0,70.5,69.0,70.0,70.0,69.8,"1,058","73,850.30",-,858,81.10
TUBEINVEST,EQ,2002-01-18,70.0,67.4,72.0,67.4,72.0,71.35,70.86,"3,444","2,44,057.15",-,"2,994",86.93
TUBEINVEST,EQ,2002-01-21,71.35,70.3,73.35,70.1,71.8,70.9,71.1,"1,454","1,03,384.60",-,830,57.08
TUBEINVEST,EQ,2002-01-22,70.9,71.5,72.5,70.65,72.5,72.35,71.84,"6,524","4,68,679.75",-,"6,093",93.39
TUBEINVEST,EQ,2002-01-23,72.35,71.0,72.5,70.05,72.0,71.55,71.39,"1,599","1,14,158.35",-,982,61.41
TUBEINVEST,EQ,2002-01-24,71.55,70.65,72.9,70.65,72.9,72.85,72.52,"16,930","12,27,720.95",-,"16,880",99.70
TUBEINVEST,EQ,2002-01-25,72.85,72.5,73.0,71.2,72.0,72.0,71.68,"1,306","93,609.40",-,796,60.95
TUBEINVEST,EQ,2002-01-28,72.0,71.5,73.0,71.25,73.0,72.95,72.34,"2,056","1,48,738.25",-,"1,846",89.79
TUBEINVEST,EQ,2002-01-29,72.95,71.05,74.0,71.05,74.0,73.4,72.92,"20,090","14,65,035.70",-,"19,047",94.81
TUBEINVEST,EQ,2002-01-30,73.4,71.65,74.2,71.65,73.0,74.1,73.83,"10,966","8,09,570.75",-,"10,321",94.12
TUBEINVEST,EQ,2002-01-31,74.1,72.55,73.75,72.55,73.0,73.4,73.37,"7,950","5,83,252.50",-,"7,650",96.23
TUBEINVEST,EQ,2002-02-01,73.4,73.0,73.65,72.6,73.05,73.15,73.03,"1,348","98,450.55",-,"1,048",77.74
TUBEINVEST,EQ,2002-02-04,73.15,71.0,73.0,70.75,70.75,70.9,71.15,849,"60,402.50",-,706,83.16
TUBEINVEST,EQ,2002-02-05,70.9,70.1,73.5,67.55,73.5,72.65,70.64,"1,675","1,18,329.70",-,"1,355",80.90
TUBEINVEST,EQ,2002-02-06,72.65,71.5,73.0,71.5,72.15,72.2,72.38,"1,625","1,17,621.25",-,"1,250",76.92
TUBEINVEST,EQ,2002-02-07,72.2,68.0,72.5,68.0,71.55,72.25,72.04,"1,422","1,02,439.60",-,"1,205",84.74
TUBEINVEST,EQ,2002-02-08,72.25,72.0,73.25,72.0,73.05,73.05,72.96,"9,792","7,14,468.45",-,"9,542",97.45
TUBEINVEST,EQ,2002-02-11,73.05,72.6,74.05,72.25,72.25,72.5,73.15,"20,631","15,09,069.15",-,"20,473",99.23
TUBEINVEST,EQ,2002-02-12,72.5,74.0,74.0,72.5,73.35,73.1,73.01,"22,185","16,19,698.70",-,"20,616",92.93
TUBEINVEST,EQ,2002-02-13,73.1,73.5,74.35,72.5,74.35,73.45,73.35,"17,113","12,55,277.95",-,"16,330",95.42
TUBEINVEST,EQ,2002-02-14,73.45,71.85,73.95,71.85,73.5,73.35,72.91,"3,611","2,63,292.75",-,"2,356",65.25
TUBEINVEST,EQ,2002-02-15,73.35,72.65,73.0,71.25,72.0,72.15,72.37,"6,062","4,38,680.75",-,"5,160",85.12
TUBEINVEST,EQ,2002-02-18,72.15,72.5,72.9,70.55,72.9,72.55,71.86,"3,275","2,35,340.25",-,"2,273",69.40
TUBEINVEST,EQ,2002-02-19,72.55,58.3,75.0,58.3,71.25,71.25,69.43,"5,832","4,04,944.20",-,"2,079",35.65
TUBEINVEST,EQ,2002-02-20,71.25,71.7,72.0,70.3,72.0,72.0,71.53,"3,605","2,57,882.85",-,-,-
TUBEINVEST,EQ,2002-02-21,72.0,70.65,72.0,70.65,72.0,71.9,71.91,581,"41,777.90",-,575,98.97
TUBEINVEST,EQ,2002-02-22,71.9,72.0,73.7,70.25,72.0,72.0,71.5,"2,284","1,63,303.25",-,"1,685",73.77
TUBEINVEST,EQ,2002-02-25,72.0,74.0,74.0,70.3,72.0,71.75,71.36,"1,845","1,31,659.90",-,"1,272",68.94
TUBEINVEST,EQ,2002-02-26,71.75,71.45,72.45,69.4,72.0,72.1,71.69,"2,987","2,14,132.65",-,"2,294",76.80
TUBEINVEST,EQ,2002-02-27,72.1,72.1,73.25,72.0,72.0,72.0,72.19,"3,567","2,57,505.85",-,"3,440",96.44
TUBEINVEST,EQ,2002-02-28,72.0,72.0,72.5,72.0,72.0,72.0,72.01,"3,466","2,49,569.50",-,"3,316",95.67
TUBEINVEST,EQ,2002-03-01,72.0,67.6,69.9,67.25,69.9,68.7,68.5,"2,713","1,85,833.75",-,"1,510",55.66
TUBEINVEST,EQ,2002-03-04,68.7,67.3,70.0,67.0,69.0,69.05,68.77,"2,876","1,97,796.50",-,"1,793",62.34
TUBEINVEST,EQ,2002-03-05,69.05,71.55,73.65,71.55,73.65,73.65,72.65,"5,267","3,82,662.60",-,"4,237",80.44
TUBEINVEST,EQ,2002-03-06,73.65,71.3,73.0,71.0,72.45,71.4,71.47,"2,177","1,55,583.90",-,"2,104",96.65
TUBEINVEST,EQ,2002-03-07,71.4,69.65,73.65,69.65,71.5,71.55,72.05,"3,125","2,25,168.00",-,"2,695",86.24
TUBEINVEST,EQ,2002-03-08,71.55,71.5,74.0,71.5,74.0,73.55,72.86,"4,084","2,97,579.15",-,"3,368",82.47
TUBEINVEST,EQ,2002-03-11,73.55,72.1,74.0,72.1,73.0,73.0,72.72,"3,069","2,23,177.70",-,-,-
TUBEINVEST,EQ,2002-03-12,73.0,72.05,73.0,72.05,72.5,72.5,72.55,"1,709","1,23,988.70",-,"4,503",94.24
TUBEINVEST,EQ,2002-03-13,72.5,72.5,73.0,72.05,72.05,72.1,72.67,804,"58,423.20",-,802,99.75
TUBEINVEST,EQ,2002-03-14,72.1,71.2,73.35,71.2,72.15,73.25,72.55,"2,358","1,71,082.65",-,"1,457",61.79
TUBEINVEST,EQ,2002-03-15,73.25,71.3,73.5,71.3,72.6,72.6,72.59,"1,927","1,39,883.40",-,"1,437",74.57
TUBEINVEST,EQ,2002-03-18,72.6,75.0,75.2,74.0,75.0,74.55,74.68,"5,425","4,05,119.35",-,"4,181",77.07
TUBEINVEST,EQ,2002-03-19,74.55,71.8,74.5,71.8,74.0,73.55,73.57,"3,516","2,58,671.50",-,"2,091",59.47
TUBEINVEST,EQ,2002-03-20,73.55,73.25,73.25,72.25,73.0,73.0,72.75,"3,456","2,51,414.30",-,"2,456",71.06
TUBEINVEST,EQ,2002-03-21,73.0,72.0,72.95,71.75,72.95,72.1,72.03,"2,795","2,01,337.25",-,"2,095",74.96
TUBEINVEST,EQ,2002-03-22,72.1,71.1,72.0,71.0,72.0,71.9,71.51,"1,068","76,374.80",-,670,62.73
TUBEINVEST,EQ,2002-03-26,71.9,71.05,72.0,70.0,71.0,70.75,70.93,"2,277","1,61,516.00",-,"1,551",68.12
TUBEINVEST,EQ,2002-03-27,70.75,70.5,70.6,68.5,70.0,70.0,70.01,"63,487","44,44,458.05",-,"63,386",99.84
TUBEINVEST,EQ,2002-03-28,70.0,69.2,71.5,69.2,70.0,70.0,70.0,"1,18,200","82,73,853.75",-,"1,18,090",99.91
TUBEINVEST,EQ,2002-04-01,70.0,70.05,70.05,69.0,69.0,69.0,69.95,160,"11,192.50",-,160,100.00
TUBEINVEST,EQ,2002-04-02,69.0,68.75,69.7,68.6,68.6,68.6,68.72,252,"17,318.30",-,251,99.60
TUBEINVEST,EQ,2002-04-03,68.6,71.7,71.75,68.25,70.0,70.0,70.06,535,"37,481.25",-,485,90.65
TUBEINVEST,EQ,2002-04-04,70.0,70.0,70.0,68.0,68.5,68.75,69.07,"33,515","23,14,781.40",-,"20,147",60.11
TUBEINVEST,EQ,2002-04-05,68.75,69.0,70.0,68.55,70.0,70.0,69.24,208,"14,402.15",-,208,100.00
TUBEINVEST,EQ,2002-04-08,70.0,68.0,69.0,67.0,68.0,68.0,67.94,"1,160","78,805.00",-,"1,135",97.84
TUBEINVEST,EQ,2002-04-09,68.0,68.0,68.0,65.5,67.5,67.5,67.28,500,"33,639.75",-,400,80.00
TUBEINVEST,EQ,2002-04-10,67.5,69.75,70.0,68.75,70.0,69.35,69.47,"1,106","76,837.20",-,"1,096",99.10
TUBEINVEST,EQ,2002-04-11,69.35,68.05,70.0,68.05,69.0,69.0,69.64,"2,890","2,01,270.00",-,"2,840",98.27
TUBEINVEST,EQ,2002-04-12,69.0,68.05,69.0,67.0,68.55,68.7,68.45,"3,764","2,57,643.65",-,"3,239",86.05
TUBEINVEST,EQ,2002-04-15,68.7,70.0,70.0,67.5,68.1,68.1,69.15,"1,554","1,07,455.00",-,"1,477",95.05
TUBEINVEST,EQ,2002-04-16,68.1,69.55,69.55,67.7,69.0,69.0,68.74,"1,776","1,22,075.65",-,-,-
TUBEINVEST,EQ,2002-04-17,69.0,69.0,69.0,68.0,68.85,68.1,68.47,"1,433","98,117.75",-,"1,258",87.79
TUBEINVEST,EQ,2002-04-18,68.1,68.5,69.0,68.1,68.25,68.25,68.42,802,"54,870.70",-,571,71.20
TUBEINVEST,EQ,2002-04-19,68.25,68.15,68.95,68.0,68.0,68.0,68.23,832,"56,766.35",-,452,54.33
TUBEINVEST,EQ,2002-04-22,68.0,68.5,69.0,67.55,67.55,67.55,68.6,500,"34,300.35",-,493,98.60
TUBEINVEST,EQ,2002-04-23,67.55,67.65,68.95,67.05,67.25,67.75,67.58,"1,221","82,512.65",-,"1,060",86.81
TUBEINVEST,EQ,2002-04-24,67.75,67.7,68.0,66.0,66.0,66.45,66.73,"3,136","2,09,273.65",-,-,-
TUBEINVEST,EQ,2002-04-25,66.45,66.5,67.0,65.0,66.6,66.6,66.36,"3,088","2,04,927.05",-,"5,344",85.86
TUBEINVEST,EQ,2002-04-26,66.6,66.2,69.0,66.2,68.45,68.3,68.26,"2,263","1,54,469.00",-,"1,813",80.11
TUBEINVEST,EQ,2002-04-29,68.3,68.5,72.75,68.5,70.5,70.2,69.68,"6,375","4,44,187.55",-,"5,569",87.36
TUBEINVEST,EQ,2002-04-30,70.2,72.45,80.0,70.0,76.5,77.2,75.43,"17,626","13,29,545.15",-,-,-
TUBEINVEST,EQ,2002-05-02,77.2,81.95,86.5,78.6,83.75,84.15,83.25,"28,003","23,31,178.95",-,"15,212",54.32
TUBEINVEST,EQ,2002-05-03,84.15,84.0,86.9,79.85,80.0,80.2,81.83,"7,398","6,05,407.10",-,"5,478",74.05
TUBEINVEST,EQ,2002-05-06,80.2,81.0,81.55,77.6,81.55,81.25,80.16,"4,609","3,69,445.95",-,"3,705",80.39
TUBEINVEST,EQ,2002-05-07,81.25,82.0,82.5,80.3,81.0,81.2,81.58,"6,691","5,45,876.30",-,"6,036",90.21
TUBEINVEST,EQ,2002-05-08,81.2,82.25,82.3,77.75,79.5,78.95,79.96,"3,485","2,78,669.50",-,"3,005",86.23
TUBEINVEST,EQ,2002-05-09,78.95,78.35,78.35,74.0,75.1,75.65,75.78,"8,068","6,11,412.20",-,"5,675",70.34
TUBEINVEST,EQ,2002-05-10,75.65,79.8,79.8,73.0,76.25,76.25,75.09,"3,941","2,95,934.35",-,"2,653",67.32
TUBEINVEST,EQ,2002-05-13,76.25,74.2,76.9,74.0,76.25,76.0,75.38,"5,914","4,45,800.60",-,"4,833",81.72
TUBEINVEST,EQ,2002-05-14,76.0,75.15,79.95,75.1,76.0,76.0,76.76,"2,520","1,93,428.75",-,"1,895",75.20
TUBEINVEST,EQ,2002-05-15,76.0,76.0,76.1,74.5,75.0,74.9,75.38,"2,433","1,83,392.50",-,"2,183",89.72
TUBEINVEST,EQ,2002-05-16,74.9,74.2,75.0,72.6,73.0,73.45,73.44,"2,583","1,89,688.85",-,"2,200",85.17
TUBEINVEST,EQ,2002-05-17,73.45,73.0,74.45,72.15,73.65,73.2,73.3,"2,314","1,69,612.85",-,"1,715",74.11
TUBEINVEST,EQ,2002-05-20,73.2,72.0,72.45,70.2,70.2,70.25,71.26,"1,859","1,32,479.60",-,"1,759",94.62
TUBEINVEST,EQ,2002-05-21,70.25,70.0,70.05,66.15,67.65,67.7,67.97,"6,761","4,59,548.15",-,"4,105",60.72
TUBEINVEST,EQ,2002-05-22,67.7,68.0,70.0,68.0,70.0,69.5,69.29,"2,130","1,47,592.50",-,"1,630",76.53
TUBEINVEST,EQ,2002-05-23,69.5,68.0,70.05,68.0,68.55,68.5,69.24,923,"63,906.90",-,787,85.27
TUBEINVEST,EQ,2002-05-24,68.5,72.0,72.0,70.05,72.0,72.0,71.72,"1,086","77,882.65",-,"1,073",98.80
TUBEINVEST,EQ,2002-05-27,72.0,74.0,74.0,72.0,72.0,72.0,72.54,"1,235","89,580.80",-,"1,103",89.31
TUBEINVEST,EQ,2002-05-28,72.0,72.5,72.5,70.0,70.1,70.25,71.32,"1,292","92,144.80",-,"1,092",84.52
TUBEINVEST,EQ,2002-05-29,70.25,70.0,70.25,70.0,70.1,70.1,70.1,183,"12,827.50",-,-,-
TUBEINVEST,EQ,2002-05-30,70.1,71.0,71.0,68.75,70.5,69.9,70.44,"1,515","1,06,717.40",-,-,-
TUBEINVEST,EQ,2002-05-31,69.9,70.95,70.95,68.55,69.0,69.0,68.96,388,"26,756.25",-,-,-
TUBEINVEST,EQ,2002-06-03,69.0,71.0,71.75,69.0,70.1,71.25,70.71,"3,331","2,35,521.50",-,"3,026",90.84
TUBEINVEST,EQ,2002-06-04,71.25,71.0,71.25,70.25,71.0,71.0,70.92,"3,300","2,34,041.00",-,"3,200",96.97
TUBEINVEST,EQ,2002-06-05,71.0,71.75,73.15,71.0,71.15,71.75,71.55,"11,097","7,93,993.05",-,"7,656",68.99
TUBEINVEST,EQ,2002-06-06,71.75,80.0,80.0,71.1,71.75,71.75,71.99,592,"42,617.40",-,589,99.49
TUBEINVEST,EQ,2002-06-07,71.75,73.0,73.35,72.15,72.5,72.5,72.9,"1,051","76,618.80",-,850,80.88
TUBEINVEST,EQ,2002-06-10,72.5,71.45,73.5,71.45,72.35,72.9,72.84,966,"70,361.75",-,762,78.88
TUBEINVEST,EQ,2002-06-11,72.9,73.0,77.9,73.0,76.3,76.55,75.72,"10,207","7,72,832.35",-,"6,275",61.48
TUBEINVEST,EQ,2002-06-12,76.55,74.2,79.0,74.2,79.0,78.45,77.04,"4,083","3,14,541.10",-,"3,683",90.20
TUBEINVEST,EQ,2002-06-13,78.45,79.4,79.5,76.0,76.0,76.45,78.45,"7,246","5,68,454.70",-,"4,736",65.36
TUBEINVEST,EQ,2002-06-14,76.45,79.75,80.0,76.2,78.5,78.1,78.24,"4,470","3,49,716.40",-,"3,520",78.75
TUBEINVEST,EQ,2002-06-17,78.1,76.3,79.55,76.3,78.9,78.85,78.37,"3,351","2,62,609.25",-,"2,305",68.79
TUBEINVEST,EQ,2002-06-18,78.85,79.0,79.0,76.05,76.05,76.35,77.07,968,"74,602.20",-,866,89.46
TUBEINVEST,EQ,2002-06-19,76.35,76.3,78.4,76.0,76.15,77.3,76.73,"1,534","1,17,710.00",-,968,63.10
TUBEINVEST,EQ,2002-06-20,77.3,77.0,77.8,76.0,76.0,76.35,76.65,"1,100","84,313.20",-,910,82.73
TUBEINVEST,EQ,2002-06-21,76.35,77.5,78.7,76.25,78.7,77.65,77.45,"2,685","2,07,958.40",-,"2,000",74.49
TUBEINVEST,EQ,2002-06-24,77.65,78.0,80.0,78.0,79.15,79.15,78.95,"3,381","2,66,932.85",-,"2,783",82.31
TUBEINVEST,EQ,2002-06-25,79.15,71.0,80.0,71.0,76.0,76.85,77.95,"4,486","3,49,698.20",-,"3,610",80.47
TUBEINVEST,EQ,2002-06-26,76.85,77.9,77.9,75.0,75.0,75.0,75.62,863,"65,262.85",-,802,92.93
TUBEINVEST,EQ,2002-06-27,75.0,74.0,77.7,74.0,77.5,77.45,77.28,"1,387","1,07,183.05",-,"1,312",94.59
TUBEINVEST,EQ,2002-06-28,77.45,76.0,78.85,75.2,76.9,76.2,76.81,"2,333","1,79,208.25",-,"2,033",87.14
TUBEINVEST,EQ,2002-07-01,76.2,76.5,78.5,76.5,77.5,78.05,77.87,"4,302","3,35,010.35",-,"3,519",81.80
TUBEINVEST,EQ,2002-07-02,78.05,79.0,81.0,78.25,79.0,79.6,79.54,"5,875","4,67,303.40",-,"4,594",78.20
TUBEINVEST,EQ,2002-07-03,79.6,79.3,83.5,79.3,82.5,82.4,82.29,"10,891","8,96,167.15",-,"8,508",78.12
TUBEINVEST,EQ,2002-07-04,82.4,72.0,85.0,72.0,83.0,82.55,81.94,"3,833","3,14,075.25",-,"3,417",89.15
TUBEINVEST,EQ,2002-07-05,82.55,82.8,83.45,81.1,81.2,82.25,82.26,"4,618","3,79,874.90",-,"3,583",77.59
TUBEINVEST,EQ,2002-07-08,82.25,83.5,91.5,83.45,90.0,90.5,87.6,"16,816","14,73,029.65",-,"12,780",76.00
TUBEINVEST,EQ,2002-07-09,90.5,94.0,94.0,88.0,88.0,88.6,90.22,"14,846","13,39,478.75",-,"11,874",79.98
TUBEINVEST,EQ,2002-07-10,88.6,89.75,89.75,87.5,88.0,88.0,88.61,"7,215","6,39,321.85",-,"6,236",86.43
TUBEINVEST,EQ,2002-07-11,88.0,84.0,86.0,81.2,81.3,82.1,83.22,"6,411","5,33,518.55",-,"4,761",74.26
TUBEINVEST,EQ,2002-07-12,82.1,83.7,83.7,81.0,82.8,82.0,81.54,"2,156","1,75,795.95",-,"1,991",92.35
TUBEINVEST,EQ,2002-07-15,82.0,80.5,82.75,80.0,80.6,80.85,80.76,"2,890","2,33,407.95",-,"2,465",85.29
TUBEINVEST,EQ,2002-07-16,80.85,80.0,81.0,78.55,78.95,79.15,80.14,"3,363","2,69,526.55",-,"2,944",87.54
TUBEINVEST,EQ,2002-07-17,79.15,78.9,78.9,74.5,74.5,75.15,76.9,"4,223","3,24,762.80",-,"3,233",76.56
TUBEINVEST,EQ,2002-07-18,75.15,77.0,78.0,76.0,78.0,77.9,77.16,"3,159","2,43,751.00",-,"3,059",96.83
TUBEINVEST,EQ,2002-07-19,77.9,78.9,80.95,78.0,79.3,79.3,79.86,"3,244","2,59,070.05",-,"2,494",76.88
TUBEINVEST,EQ,2002-07-22,79.3,79.4,79.4,76.0,76.0,76.0,77.31,"2,766","2,13,832.60",-,"2,296",83.01
TUBEINVEST,EQ,2002-07-23,76.0,76.0,76.8,75.5,76.7,76.4,76.0,"1,934","1,46,992.50",-,"1,878",97.10
TUBEINVEST,EQ,2002-07-24,76.4,77.25,77.25,75.0,75.0,75.0,75.26,"3,631","2,73,285.75",-,"3,230",88.96
TUBEINVEST,EQ,2002-07-25,75.0,83.0,83.0,75.0,75.0,75.0,75.76,"4,380","3,31,836.00",-,"3,630",82.88
TUBEINVEST,EQ,2002-07-26,75.0,76.9,76.9,75.0,75.0,75.0,75.15,"8,250","6,19,973.50",-,"7,270",88.12
TUBEINVEST,EQ,2002-07-29,75.0,74.5,74.5,70.65,71.5,72.1,73.04,"4,467","3,26,285.60",-,"4,034",90.31
TUBEINVEST,EQ,2002-07-30,72.1,72.0,73.8,72.0,72.95,72.9,72.55,"1,942","1,40,887.80",-,"1,842",94.85
TUBEINVEST,EQ,2002-07-31,72.9,72.0,72.0,70.0,70.15,70.35,70.33,"1,809","1,27,221.65",-,"1,680",92.87
TUBEINVEST,EQ,2002-08-01,70.35,70.55,72.0,70.0,70.0,70.15,70.37,"3,716","2,61,505.75",-,"3,494",94.03
TUBEINVEST,EQ,2002-08-02,70.15,70.0,70.0,68.5,70.0,69.8,69.05,"1,890","1,30,511.75",-,"1,475",78.04
TUBEINVEST,EQ,2002-08-05,69.8,68.55,69.95,68.55,69.05,69.1,69.68,792,"55,186.55",-,709,89.52
TUBEINVEST,EQ,2002-08-06,69.1,70.0,70.05,68.75,70.0,70.0,69.79,"2,705","1,88,788.60",-,"2,098",77.56
TUBEINVEST,EQ,2002-08-07,70.0,70.0,70.4,70.0,70.1,70.1,70.13,166,"11,641.60",-,166,100.00
TUBEINVEST,EQ,2002-08-08,70.1,70.0,70.9,69.3,69.3,69.65,69.74,"1,830","1,27,630.25",-,"1,730",94.54
TUBEINVEST,EQ,2002-08-09,69.65,68.0,71.0,68.0,69.4,69.4,69.69,"1,953","1,36,112.30",-,"1,001",51.25
TUBEINVEST,EQ,2002-08-12,69.4,70.1,71.0,70.1,71.0,71.0,70.84,897,"63,541.55",-,897,100.00
TUBEINVEST,EQ,2002-08-13,71.0,72.0,72.0,70.1,71.0,71.05,70.73,729,"51,563.35",-,594,81.48
TUBEINVEST,EQ,2002-08-14,71.05,71.25,71.25,70.3,70.35,70.4,70.41,253,"17,814.65",-,183,72.33
TUBEINVEST,EQ,2002-08-16,70.4,80.0,84.5,77.5,82.5,82.5,82.76,"45,527","37,67,757.10",-,"19,340",42.48
TUBEINVEST,EQ,2002-08-19,82.5,83.9,88.0,83.05,84.65,84.0,84.49,"44,728","37,79,096.60",-,"25,855",57.80
TUBEINVEST,EQ,2002-08-20,84.0,85.0,85.0,83.4,84.75,84.45,84.21,"6,510","5,48,214.70",-,"3,826",58.77
TUBEINVEST,EQ,2002-08-21,84.45,85.5,85.5,82.85,83.4,83.8,83.44,"6,845","5,71,132.75",-,"5,960",87.07
TUBEINVEST,EQ,2002-08-22,83.8,84.9,90.0,84.0,86.1,86.6,87.04,"36,430","31,71,007.70",-,"15,341",42.11
TUBEINVEST,EQ,2002-08-23,86.6,88.0,88.0,83.55,85.1,84.85,85.53,"27,970","23,92,301.65",-,"10,928",39.07
TUBEINVEST,EQ,2002-08-26,84.85,82.5,85.0,81.25,81.8,81.65,82.78,"7,991","6,61,522.40",-,"5,425",67.89
TUBEINVEST,EQ,2002-08-27,81.65,82.0,82.4,81.65,82.0,81.95,82.0,"2,277","1,86,703.30",-,"1,756",77.12
TUBEINVEST,EQ,2002-08-28,81.95,81.5,82.0,80.1,80.1,80.5,81.2,"6,493","5,27,248.00",-,"5,792",89.20
TUBEINVEST,EQ,2002-08-29,80.5,81.0,81.65,80.25,80.25,80.35,80.63,"1,661","1,33,932.85",-,"1,341",80.73
TUBEINVEST,EQ,2002-08-30,80.35,84.9,84.9,79.0,81.1,82.25,81.79,"4,273","3,49,478.65",-,"4,060",95.02
TUBEINVEST,EQ,2002-09-02,82.25,81.75,85.0,81.75,83.25,83.25,84.04,"6,128","5,14,978.90",-,"5,415",88.36
TUBEINVEST,EQ,2002-09-03,83.25,84.1,84.1,82.0,83.15,83.2,83.08,"3,151","2,61,786.95",-,"2,769",87.88
TUBEINVEST,EQ,2002-09-04,83.2,83.95,84.1,82.15,83.95,83.95,83.82,"5,288","4,43,249.20",-,"4,393",83.07
TUBEINVEST,EQ,2002-09-05,83.95,82.75,83.45,82.65,83.45,83.15,83.07,"1,747","1,45,120.45",-,"1,345",76.99
TUBEINVEST,EQ,2002-09-06,83.15,83.85,83.9,83.4,83.8,83.75,83.58,"2,052","1,71,505.50",-,"1,712",83.43
TUBEINVEST,EQ,2002-09-09,83.75,82.4,82.5,82.4,82.5,82.5,82.49,"2,418","1,99,453.20",-,"2,418",100.00
TUBEINVEST,EQ,2002-09-11,82.5,80.1,83.15,80.1,83.15,83.15,82.44,"1,795","1,47,982.35",-,"1,495",83.29
TUBEINVEST,EQ,2002-09-12,83.15,82.6,84.0,82.6,84.0,83.9,83.73,"3,495","2,92,643.75",-,"3,445",98.57
TUBEINVEST,EQ,2002-09-13,83.9,84.0,84.8,83.9,83.9,84.05,84.03,"11,742","9,86,648.70",-,"10,107",86.08
TUBEINVEST,EQ,2002-09-16,84.05,75.0,85.05,75.0,84.55,84.65,84.87,"3,601","3,05,618.10",-,"3,451",95.83
TUBEINVEST,EQ,2002-09-17,84.65,84.5,85.5,84.35,84.65,84.7,84.71,"5,489","4,64,978.85",-,"5,019",91.44
TUBEINVEST,EQ,2002-09-18,84.7,84.55,85.3,84.5,85.0,85.0,84.95,"9,316","7,91,367.95",-,"8,797",94.43
TUBEINVEST,EQ,2002-09-19,85.0,84.1,84.1,83.2,83.35,83.4,83.79,"2,481","2,07,879.80",-,"2,430",97.94
TUBEINVEST,EQ,2002-09-20,83.4,83.0,84.0,82.65,84.0,83.9,83.43,624,"52,061.50",-,439,70.35
TUBEINVEST,EQ,2002-09-23,83.9,82.1,84.3,82.1,84.05,84.05,83.9,"1,405","1,17,877.75",-,"1,405",100.00
TUBEINVEST,EQ,2002-09-24,84.05,82.65,84.05,82.65,83.7,83.25,83.2,"1,549","1,28,872.95",-,"1,549",100.00
TUBEINVEST,EQ,2002-09-25,83.25,82.65,83.9,82.6,83.9,83.85,83.34,"1,035","86,261.50",-,735,71.01
TUBEINVEST,EQ,2002-09-26,83.85,83.5,83.95,83.2,83.95,83.95,83.55,"1,157","96,665.30",-,"1,139",98.44
TUBEINVEST,EQ,2002-09-27,83.95,83.2,83.55,83.2,83.25,83.45,83.46,"1,370","1,14,339.00",-,-,-
TUBEINVEST,EQ,2002-09-30,83.45,83.3,83.55,83.0,83.0,83.05,83.2,"1,115","92,772.25",-,"2,435",97.99
TUBEINVEST,EQ,2002-10-01,83.05,82.7,83.1,82.5,82.7,82.7,82.63,"2,139","1,76,754.40",-,"2,110",98.64
TUBEINVEST,EQ,2002-10-03,82.7,82.35,89.95,82.35,85.5,85.7,86.97,"35,967","31,27,994.05",-,"15,100",41.98
TUBEINVEST,EQ,2002-10-04,85.7,88.0,88.0,85.25,85.95,85.8,86.31,"10,734","9,26,425.90",-,"8,346",77.75
TUBEINVEST,EQ,2002-10-07,85.8,85.95,85.95,84.55,85.5,85.15,85.15,"4,300","3,66,134.60",-,"3,750",87.21
TUBEINVEST,EQ,2002-10-08,85.15,85.1,85.9,85.0,85.1,85.1,85.14,"1,762","1,50,013.85",-,"1,587",90.07
TUBEINVEST,EQ,2002-10-09,85.1,86.15,87.0,85.8,87.0,86.85,86.33,"3,094","2,67,116.20",-,"2,669",86.26
TUBEINVEST,EQ,2002-10-10,86.85,89.0,89.0,86.3,86.3,86.85,87.02,"4,742","4,12,650.20",-,"4,184",88.23
TUBEINVEST,EQ,2002-10-11,86.85,86.5,86.9,86.25,86.3,86.3,86.36,"1,430","1,23,499.15",-,"1,353",94.62
TUBEINVEST,EQ,2002-10-14,86.3,86.05,86.8,86.05,86.5,86.5,86.5,"1,265","1,09,422.00",-,"1,265",100.00
TUBEINVEST,EQ,2002-10-16,86.5,86.3,86.75,86.3,86.5,86.55,86.44,"3,150","2,72,284.45",-,"2,850",90.48
TUBEINVEST,EQ,2002-10-17,86.55,89.1,90.0,86.5,86.9,86.9,86.87,"1,267","1,10,061.75",-,"1,117",88.16
TUBEINVEST,EQ,2002-10-18,86.9,88.5,88.5,86.7,86.85,86.9,87.2,"5,333","4,65,051.05",-,"5,183",97.19
TUBEINVEST,EQ,2002-10-21,86.9,86.1,87.1,86.1,87.0,87.0,86.94,"4,183","3,63,678.75",-,"4,083",97.61
TUBEINVEST,EQ,2002-10-22,87.0,87.0,87.1,86.95,86.95,86.95,87.0,"17,310","15,05,939.50",-,"14,810",85.56
TUBEINVEST,EQ,2002-10-23,86.95,87.0,87.25,86.8,86.85,86.85,87.0,"5,875","5,11,102.50",-,"5,875",100.00
TUBEINVEST,EQ,2002-10-24,86.85,87.3,87.3,86.7,87.0,87.0,87.0,"3,049","2,65,267.85",-,"2,750",90.19
TUBEINVEST,EQ,2002-10-25,87.0,87.0,87.25,86.75,87.0,86.95,86.99,"9,504","8,26,759.00",-,"9,004",94.74
TUBEINVEST,EQ,2002-10-28,86.95,86.9,87.4,86.9,87.0,86.9,86.92,"3,618","3,14,489.20",-,"3,618",100.00
TUBEINVEST,EQ,2002-10-29,86.9,86.5,87.1,86.5,87.0,87.0,86.91,"1,175","1,02,125.00",-,"1,075",91.49
TUBEINVEST,EQ,2002-10-30,87.0,89.9,89.9,87.0,87.0,87.05,87.23,"2,782","2,42,670.50",-,"2,531",90.98
TUBEINVEST,EQ,2002-10-31,87.05,88.2,88.2,87.0,87.0,87.0,87.07,"1,683","1,46,544.75",-,"1,483",88.12
TUBEINVEST,EQ,2002-11-01,87.0,87.05,87.8,87.05,87.15,87.15,87.18,"1,471","1,28,234.65",-,-,-
TUBEINVEST,EQ,2002-11-04,87.15,87.05,87.5,87.0,87.0,87.1,87.1,400,"34,840.00",-,"1,871",100.00
TUBEINVEST,EQ,2002-11-05,87.1,87.5,88.5,87.0,87.0,87.15,87.2,"2,485","2,16,695.50",-,"2,485",100.00
TUBEINVEST,EQ,2002-11-07,87.15,87.0,87.9,87.0,87.25,87.45,87.26,"1,853","1,61,688.35",-,"1,853",100.00
TUBEINVEST,EQ,2002-11-08,87.45,87.9,87.9,87.05,87.1,87.1,87.2,"2,300","2,00,555.50",-,"2,250",97.83
TUBEINVEST,EQ,2002-11-11,87.1,87.2,87.3,87.2,87.3,87.3,87.28,"1,435","1,25,241.90",-,"1,435",100.00
TUBEINVEST,EQ,2002-11-12,87.3,87.2,87.85,87.2,87.4,87.4,87.4,615,"53,748.50",-,525,85.37
TUBEINVEST,EQ,2002-11-13,87.4,87.25,87.9,87.25,87.35,87.35,87.54,"1,896","1,65,979.00",-,"1,896",100.00
TUBEINVEST,EQ,2002-11-14,87.35,87.35,87.8,87.1,87.75,87.75,87.35,"2,350","2,05,264.90",-,"2,050",87.23
TUBEINVEST,EQ,2002-11-15,87.75,86.6,87.75,86.6,87.5,87.35,87.45,"2,233","1,95,280.10",-,"2,233",100.00
TUBEINVEST,EQ,2002-11-18,87.35,86.55,87.5,86.55,87.35,87.35,87.35,"1,203","1,05,085.25",-,"1,203",100.00
TUBEINVEST,EQ,2002-11-20,87.35,87.5,87.5,87.3,87.45,87.45,87.45,"4,116","3,59,936.80",-,"4,116",100.00
TUBEINVEST,EQ,2002-11-21,87.45,87.2,87.9,87.1,87.9,87.45,87.46,"5,476","4,78,950.30",-,"5,376",98.17
TUBEINVEST,EQ,2002-11-22,87.45,87.2,87.75,87.2,87.75,87.75,87.45,639,"55,882.40",-,639,100.00
TUBEINVEST,EQ,2002-11-25,87.75,87.0,90.0,86.9,87.5,87.5,87.37,"6,191","5,40,889.30",-,"5,115",82.62
TUBEINVEST,EQ,2002-11-26,87.5,87.05,88.1,87.05,87.75,87.85,87.65,953,"83,530.80",-,753,79.01
TUBEINVEST,EQ,2002-11-27,87.85,87.5,89.9,87.5,88.7,88.75,88.32,"15,301","13,51,415.90",-,"15,232",99.55
TUBEINVEST,EQ,2002-11-28,88.75,87.7,89.8,87.6,89.3,88.85,88.72,"1,268","1,12,495.40",-,870,68.61
TUBEINVEST,EQ,2002-11-29,88.85,89.4,89.6,87.55,89.4,89.35,89.09,"1,188","1,05,836.20",-,"1,149",96.72
TUBEINVEST,EQ,2002-12-02,89.35,86.1,90.0,86.1,89.6,89.6,89.31,"2,859","2,55,341.65",-,"2,359",82.51
TUBEINVEST,EQ,2002-12-03,89.6,88.0,89.0,88.0,88.15,88.15,88.47,"2,070","1,83,141.50",-,"1,945",93.96
TUBEINVEST,EQ,2002-12-04,88.15,88.25,88.9,88.1,88.35,88.7,88.25,"1,258","1,11,021.55",-,"1,258",100.00
TUBEINVEST,EQ,2002-12-05,88.7,89.9,89.9,88.7,89.0,89.15,89.32,"3,351","2,99,307.85",-,"3,151",94.03
TUBEINVEST,EQ,2002-12-06,89.15,89.9,90.0,89.25,89.25,89.25,89.68,"2,866","2,57,014.90",-,"2,866",100.00
TUBEINVEST,EQ,2002-12-09,89.25,89.2,91.5,89.2,91.0,90.8,90.39,"4,420","3,99,512.80",-,"4,170",94.34
TUBEINVEST,EQ,2002-12-10,90.8,92.95,92.95,90.25,91.0,91.0,91.34,"2,198","2,00,758.70",-,"1,438",65.42
TUBEINVEST,EQ,2002-12-11,91.0,92.55,92.55,91.0,91.55,91.6,91.5,"3,667","3,35,531.10",-,"3,535",96.40
TUBEINVEST,EQ,2002-12-12,91.6,92.05,92.55,91.45,91.6,91.6,91.92,"2,696","2,47,819.05",-,"2,576",95.55
TUBEINVEST,EQ,2002-12-13,91.6,92.0,92.5,91.55,91.6,91.6,91.73,"3,080","2,82,542.00",-,"2,830",91.88
TUBEINVEST,EQ,2002-12-16,91.6,92.0,92.0,91.1,91.1,91.2,91.62,"2,775","2,54,231.95",-,"2,657",95.75
TUBEINVEST,EQ,2002-12-17,91.2,91.05,92.0,91.0,91.25,91.3,91.45,"2,001","1,82,992.95",-,"1,655",82.71
TUBEINVEST,EQ,2002-12-18,91.3,91.7,91.95,90.1,90.1,90.75,91.17,"1,150","1,04,841.20",-,"1,100",95.65
TUBEINVEST,EQ,2002-12-19,90.75,90.1,91.5,90.1,91.0,91.0,91.27,"5,225","4,76,897.50",-,"5,125",98.09
TUBEINVEST,EQ,2002-12-20,91.0,90.75,90.95,89.15,90.15,90.6,90.33,"9,153","8,26,746.75",-,"8,118",88.69
TUBEINVEST,EQ,2002-12-23,90.6,90.65,91.5,90.1,91.0,91.25,91.14,"2,782","2,53,548.00",-,"2,712",97.48
TUBEINVEST,EQ,2002-12-24,91.25,91.8,91.8,90.6,91.5,91.5,91.28,"1,069","97,573.05",-,819,76.61
TUBEINVEST,EQ,2002-12-26,91.5,91.2,91.75,90.7,91.35,91.05,91.09,"7,697","7,01,112.60",-,"7,047",91.56
TUBEINVEST,EQ,2002-12-27,91.05,90.75,91.5,90.75,91.5,91.35,91.14,"6,043","5,50,750.10",-,"5,543",91.73
TUBEINVEST,EQ,2002-12-30,91.35,92.0,92.0,91.1,91.5,91.5,91.57,"11,301","10,34,806.40",-,"10,800",95.57
TUBEINVEST,EQ,2002-12-31,91.5,92.0,92.45,90.4,91.9,91.05,91.35,"4,013","3,66,598.25",-,"3,667",91.38
TUBEINVEST,EQ,2003-01-01,91.05,91.5,92.0,91.05,91.65,91.8,91.71,"2,959","2,71,379.55",-,"2,925",98.85
TUBEINVEST,EQ,2003-01-02,91.8,92.0,92.0,89.5,89.5,89.55,90.55,"2,276","2,06,085.95",-,"2,251",98.90
TUBEINVEST,EQ,2003-01-03,89.55,90.0,90.0,85.0,85.0,85.5,87.85,"3,428","3,01,152.20",-,"3,358",97.96
TUBEINVEST,EQ,2003-01-06,85.5,87.55,89.0,86.0,88.0,87.95,87.16,"1,868","1,62,811.75",-,"1,610",86.19
TUBEINVEST,EQ,2003-01-07,87.95,86.0,86.95,83.15,86.0,86.0,85.39,567,"48,417.00",-,507,89.42
TUBEINVEST,EQ,2003-01-08,86.0,86.0,88.0,86.0,86.6,86.6,87.56,"1,014","88,784.50",-,974,96.06
TUBEINVEST,EQ,2003-01-09,86.6,88.0,88.0,86.0,86.0,86.0,87.46,305,"26,675.00",-,305,100.00
TUBEINVEST,EQ,2003-01-10,86.0,86.1,87.95,86.1,86.65,86.65,86.8,508,"44,093.20",-,408,80.31
TUBEINVEST,EQ,2003-01-13,86.65,88.0,89.65,86.9,87.75,87.95,87.59,506,"44,318.75",-,405,80.04
TUBEINVEST,EQ,2003-01-14,87.95,87.65,88.0,87.2,87.65,87.65,87.62,453,"39,691.90",-,353,77.92
TUBEINVEST,EQ,2003-01-15,87.65,87.2,94.5,87.2,92.45,92.0,91.35,"2,642","2,41,356.80",-,"2,040",77.21
TUBEINVEST,EQ,2003-01-16,92.0,90.0,90.0,89.0,89.9,89.9,89.3,750,"66,972.00",-,750,100.00
TUBEINVEST,EQ,2003-01-17,89.9,89.0,91.9,89.0,89.1,89.15,89.82,689,"61,888.90",-,495,71.84
TUBEINVEST,EQ,2003-01-20,89.15,89.8,90.8,89.0,89.0,89.0,89.74,420,"37,691.40",-,395,94.05
TUBEINVEST,EQ,2003-01-21,89.0,87.25,87.65,83.0,87.65,87.65,85.74,642,"55,043.65",-,641,99.84
TUBEINVEST,EQ,2003-01-22,87.65,86.9,86.9,85.0,85.0,85.05,86.06,439,"37,781.45",-,439,100.00
TUBEINVEST,EQ,2003-01-23,85.05,82.0,86.5,82.0,86.0,85.4,84.52,232,"19,609.20",-,232,100.00
TUBEINVEST,EQ,2003-01-24,85.4,86.95,87.0,85.0,85.0,85.0,85.93,165,"14,178.75",-,140,84.85
TUBEINVEST,EQ,2003-01-27,85.0,83.1,87.0,83.0,84.1,84.15,85.51,875,"74,824.75",-,625,71.43
TUBEINVEST,EQ,2003-01-28,84.15,84.05,89.75,84.0,85.0,85.0,84.91,"1,302","1,10,554.25",-,"1,277",98.08
TUBEINVEST,EQ,2003-01-29,85.0,87.0,89.5,86.0,89.05,88.95,87.73,"4,753","4,17,003.00",-,"3,333",70.12
TUBEINVEST,EQ,2003-01-30,88.95,88.75,91.95,88.7,91.5,91.5,90.67,"3,227","2,92,605.55",-,"3,112",96.44
TUBEINVEST,EQ,2003-01-31,91.5,90.5,93.9,90.5,92.0,91.85,92.03,"4,244","3,90,572.00",-,"3,353",79.01
TUBEINVEST,EQ,2003-02-03,91.85,93.5,93.5,92.05,92.1,92.5,92.75,482,"44,703.90",-,366,75.93
TUBEINVEST,EQ,2003-02-04,92.5,92.0,93.0,92.0,92.85,92.85,92.1,"2,207","2,03,274.85",-,"2,014",91.26
TUBEINVEST,EQ,2003-02-05,92.85,92.1,94.0,92.0,93.0,92.85,93.03,"1,379","1,28,286.75",-,"1,162",84.26
TUBEINVEST,EQ,2003-02-06,92.85,92.3,93.0,92.0,92.0,92.1,92.55,"1,720","1,59,180.10",-,"1,495",86.92
TUBEINVEST,EQ,2003-02-07,92.1,92.0,92.0,90.25,90.4,90.4,90.66,"3,034","2,75,068.60",-,"2,784",91.76
TUBEINVEST,EQ,2003-02-10,90.4,93.7,93.7,87.0,90.55,90.55,90.96,"1,525","1,38,715.00",-,"1,050",68.85
TUBEINVEST,EQ,2003-02-11,90.55,90.05,91.0,90.0,90.0,90.1,90.24,"1,355","1,22,281.00",-,"1,355",100.00
TUBEINVEST,EQ,2003-02-12,90.1,88.75,90.0,88.4,88.4,88.4,89.04,760,"67,671.50",-,710,93.42
TUBEINVEST,EQ,2003-02-14,88.4,87.5,88.5,86.15,88.5,88.05,87.54,589,"51,561.45",-,533,90.49
TUBEINVEST,EQ,2003-02-17,88.05,89.75,89.75,88.6,89.75,89.7,89.05,"3,434","3,05,800.05",-,"3,359",97.82
TUBEINVEST,EQ,2003-02-18,89.7,90.1,91.0,89.25,90.9,90.4,90.37,"2,945","2,66,144.55",-,"2,845",96.60
TUBEINVEST,EQ,2003-02-19,90.4,90.2,92.0,90.2,92.0,91.8,90.77,"1,299","1,17,903.95",-,"1,274",98.08
TUBEINVEST,EQ,2003-02-20,91.8,92.9,92.9,90.2,90.95,90.95,90.97,"3,310","3,01,109.00",-,"3,135",94.71
TUBEINVEST,EQ,2003-02-21,90.95,90.3,90.3,89.25,89.5,89.5,89.61,"2,040","1,82,796.75",-,"1,640",80.39
TUBEINVEST,EQ,2003-02-24,89.5,89.0,89.0,89.0,89.0,89.0,89.0,646,"57,494.00",-,646,100.00
TUBEINVEST,EQ,2003-02-25,89.0,87.1,89.05,87.1,88.3,88.3,88.22,138,"12,173.90",-,88,63.77
TUBEINVEST,EQ,2003-02-26,88.3,90.85,90.85,88.75,90.1,90.1,89.57,177,"15,853.80",-,151,85.31
TUBEINVEST,EQ,2003-02-27,90.1,89.9,92.0,89.9,91.05,91.05,91.71,"8,876","8,14,054.35",-,"8,776",98.87
TUBEINVEST,EQ,2003-02-28,91.05,91.9,91.9,88.5,90.5,90.5,90.28,"1,374","1,24,045.90",-,876,63.76
TUBEINVEST,EQ,2003-03-03,90.5,89.5,90.9,89.5,89.5,89.5,89.79,115,"10,326.40",-,113,98.26
TUBEINVEST,EQ,2003-03-04,89.5,90.0,90.0,89.5,89.5,89.5,89.5,"3,25,100","2,90,96,500.00",-,"3,25,100",100.00
TUBEINVEST,EQ,2003-03-05,89.5,89.0,91.0,88.3,89.0,89.0,90.06,839,"75,557.20",-,756,90.11
TUBEINVEST,EQ,2003-03-06,89.0,88.75,88.75,88.75,88.75,88.75,88.75,10,887.50,-,5,50.00
TUBEINVEST,EQ,2003-03-07,88.75,89.85,89.85,87.05,87.05,87.3,88.49,"1,425","1,26,095.25",-,"1,325",92.98
TUBEINVEST,EQ,2003-03-10,87.3,78.0,89.9,78.0,89.9,89.25,87.65,"1,764","1,54,616.75",-,"1,718",97.39
TUBEINVEST,EQ,2003-03-11,89.25,89.0,90.5,89.0,90.5,90.5,89.73,"1,325","1,18,898.75",-,"1,275",96.23
TUBEINVEST,EQ,2003-03-12,90.5,91.5,91.5,89.25,90.0,89.3,89.6,"1,493","1,33,767.20",-,"1,425",95.45
TUBEINVEST,EQ,2003-03-13,89.3,89.85,91.0,88.0,91.0,91.0,89.79,"2,864","2,57,150.50",-,"2,639",92.14
TUBEINVEST,EQ,2003-03-17,91.0,85.0,90.0,85.0,90.0,88.6,87.86,"2,279","2,00,241.25",-,"1,948",85.48
TUBEINVEST,EQ,2003-03-19,88.6,89.75,90.0,88.6,88.6,89.25,89.49,"2,153","1,92,678.50",-,"1,953",90.71
TUBEINVEST,EQ,2003-03-20,89.25,90.0,90.0,89.15,89.15,89.15,89.88,581,"52,221.15",-,581,100.00
TUBEINVEST,EQ,2003-03-21,89.15,90.85,90.85,89.0,89.0,89.0,89.85,901,"80,954.00",-,701,77.80
TUBEINVEST,EQ,2003-03-22,89.0,89.05,89.15,89.05,89.1,89.1,89.09,110,"9,800.00",-,110,100.00
TUBEINVEST,EQ,2003-03-24,89.1,89.1,90.75,87.15,90.75,88.25,88.94,500,"44,470.00",-,275,55.00
TUBEINVEST,EQ,2003-03-25,88.25,87.15,88.0,87.05,87.25,87.7,87.49,782,"68,417.10",-,582,74.42
TUBEINVEST,EQ,2003-03-26,87.7,89.0,89.9,89.0,89.9,89.9,89.03,517,"46,028.30",-,517,100.00
TUBEINVEST,EQ,2003-03-27,89.9,87.05,89.95,87.05,87.1,87.2,87.19,210,"18,309.50",-,100,47.62
TUBEINVEST,EQ,2003-03-28,87.2,87.0,87.0,87.0,87.0,87.0,87.0,76,"6,612.00",-,76,100.00
TUBEINVEST,EQ,2003-03-31,87.0,87.0,87.25,87.0,87.0,87.0,87.04,419,"36,471.80",-,418,99.76
TUBEINVEST,EQ,2003-04-01,87.0,87.0,87.0,85.1,86.25,86.25,85.62,262,"22,431.45",-,227,86.64
TUBEINVEST,EQ,2003-04-02,86.25,86.75,87.0,86.75,87.0,87.0,86.77,"1,100","95,450.00",-,"1,100",100.00
TUBEINVEST,EQ,2003-04-04,87.0,86.6,88.4,86.6,87.6,87.5,87.7,313,"27,451.00",-,199,63.58
TUBEINVEST,EQ,2003-04-07,87.5,86.75,90.0,86.75,89.8,89.8,89.67,221,"19,816.05",-,221,100.00
TUBEINVEST,EQ,2003-04-08,89.8,89.0,89.0,88.5,88.5,88.55,88.65,430,"38,120.00",-,430,100.00
TUBEINVEST,EQ,2003-04-09,88.55,88.5,90.0,88.25,90.0,89.95,89.11,500,"44,556.25",-,500,100.00
TUBEINVEST,EQ,2003-04-10,89.95,89.9,90.0,87.25,87.25,87.25,89.8,160,"14,367.50",-,160,100.00
TUBEINVEST,EQ,2003-04-11,87.25,91.0,91.0,87.55,87.55,87.55,89.85,150,"13,477.50",-,150,100.00
TUBEINVEST,EQ,2003-04-15,87.55,88.1,90.0,88.0,88.5,88.5,88.76,375,"33,283.85",-,322,85.87
TUBEINVEST,EQ,2003-04-16,88.5,89.05,89.05,89.0,89.0,89.0,89.02,499,"44,421.00",-,499,100.00
TUBEINVEST,EQ,2003-04-17,89.0,90.9,90.9,88.1,90.45,89.95,89.43,735,"65,734.05",-,635,86.39
TUBEINVEST,EQ,2003-04-21,89.95,89.1,89.1,89.1,89.1,89.1,89.1,50,"4,455.00",-,50,100.00
TUBEINVEST,EQ,2003-04-22,89.1,88.6,89.0,88.0,88.2,88.2,88.63,510,"45,202.00",-,510,100.00
TUBEINVEST,EQ,2003-04-23,88.2,88.25,89.45,88.25,88.45,88.45,88.49,723,"63,980.90",-,723,100.00
TUBEINVEST,EQ,2003-04-24,88.45,88.1,88.1,87.6,87.6,87.6,87.96,441,"38,788.90",-,441,100.00
TUBEINVEST,EQ,2003-04-25,87.6,87.7,88.0,87.25,88.0,88.0,87.68,300,"26,303.10",-,300,100.00
TUBEINVEST,EQ,2003-04-28,88.0,88.0,88.9,87.6,88.85,88.05,88.02,848,"74,641.00",-,748,88.21
TUBEINVEST,EQ,2003-04-29,88.05,89.8,89.8,87.55,88.85,88.85,88.56,877,"77,666.70",-,524,59.75
TUBEINVEST,EQ,2003-04-30,88.85,89.1,89.25,89.1,89.25,89.25,89.15,658,"58,658.25",-,658,100.00
TUBEINVEST,EQ,2003-05-02,89.25,88.5,91.55,88.5,91.4,91.35,90.1,650,"58,562.50",-,650,100.00
TUBEINVEST,EQ,2003-05-05,91.35,90.8,91.55,90.5,91.15,91.45,91.06,"1,474","1,34,217.20",-,"1,424",96.61
TUBEINVEST,EQ,2003-05-06,91.45,91.55,93.0,91.5,91.5,91.5,91.97,"1,208","1,11,095.40",-,968,80.13
TUBEINVEST,EQ,2003-05-07,91.5,91.0,91.0,88.05,89.85,89.85,89.27,"1,286","1,14,805.30",-,"1,086",84.45
TUBEINVEST,EQ,2003-05-08,89.85,90.0,93.5,89.3,93.5,93.45,91.63,"1,435","1,31,485.40",-,"1,028",71.64
TUBEINVEST,EQ,2003-05-09,93.45,92.5,92.5,91.05,91.05,91.05,91.41,206,"18,831.30",-,156,75.73
TUBEINVEST,EQ,2003-05-12,91.05,92.9,96.9,92.9,95.75,94.45,94.07,"6,384","6,00,519.65",-,"6,013",94.19
TUBEINVEST,EQ,2003-05-13,94.45,99.0,100.0,94.5,97.5,98.0,98.05,"4,308","4,22,400.85",-,"2,594",60.21
TUBEINVEST,EQ,2003-05-14,98.0,97.5,103.9,97.5,101.5,102.15,101.52,"6,756","6,85,861.75",-,"4,825",71.42
TUBEINVEST,EQ,2003-05-15,102.15,102.0,102.5,98.25,98.6,98.65,100.76,"2,603","2,62,275.55",-,"1,803",69.27
TUBEINVEST,EQ,2003-05-16,98.65,98.3,98.3,95.0,95.85,96.1,96.39,"1,634","1,57,494.80",-,"1,382",84.58
TUBEINVEST,EQ,2003-05-19,96.1,95.0,97.7,94.55,94.55,95.0,95.13,"2,411","2,29,368.55",-,"2,411",100.00
TUBEINVEST,EQ,2003-05-20,95.0,94.6,96.3,94.6,95.5,95.8,95.51,"1,250","1,19,381.45",-,"1,195",95.60
TUBEINVEST,EQ,2003-05-21,95.8,96.15,97.5,96.15,97.5,97.5,96.58,913,"88,174.95",-,913,100.00
TUBEINVEST,EQ,2003-05-22,97.5,97.5,98.5,95.1,96.7,96.7,97.07,792,"76,876.90",-,632,79.80
TUBEINVEST,EQ,2003-05-23,96.7,96.25,97.35,96.1,96.4,96.5,96.73,"1,092","1,05,627.40",-,876,80.22
TUBEINVEST,EQ,2003-05-26,96.5,96.4,102.6,95.5,102.6,101.9,100.02,"4,278","4,27,876.90",-,"2,774",64.84
TUBEINVEST,EQ,2003-05-27,101.9,103.0,103.0,99.1,99.5,99.2,100.13,"3,812","3,81,687.65",-,"3,385",88.80
TUBEINVEST,EQ,2003-05-28,99.2,100.0,101.0,99.0,101.0,101.0,100.18,"1,420","1,42,254.50",-,"1,362",95.92
TUBEINVEST,EQ,2003-05-29,101.0,97.85,100.0,97.85,100.0,100.0,99.16,416,"41,250.75",-,416,100.00
TUBEINVEST,EQ,2003-05-30,100.0,103.5,103.5,99.25,101.55,102.15,101.48,"2,279","2,31,266.35",-,"1,959",85.96
TUBEINVEST,EQ,2003-06-02,102.15,101.0,103.5,101.0,102.6,103.25,102.75,"2,734","2,80,929.45",-,"2,454",89.76
TUBEINVEST,EQ,2003-06-03,103.25,112.0,123.9,112.0,123.9,123.9,122.58,"29,801","36,52,860.10",-,"22,926",76.93
TUBEINVEST,EQ,2003-06-04,123.9,130.0,133.45,125.0,127.0,125.5,127.66,"30,684","39,16,973.95",-,"21,408",69.77
TUBEINVEST,EQ,2003-06-05,125.5,132.95,134.0,122.2,123.65,125.45,126.5,"16,348","20,68,101.20",-,"12,333",75.44
TUBEINVEST,EQ,2003-06-06,125.45,132.9,132.9,122.0,122.0,122.9,123.38,"9,717","11,98,882.45",-,"8,222",84.61
TUBEINVEST,EQ,2003-06-09,122.9,128.0,128.0,125.2,125.2,125.5,126.12,"6,421","8,09,835.10",-,"4,849",75.52
TUBEINVEST,EQ,2003-06-10,125.5,126.5,126.65,122.1,122.1,122.5,125.0,"8,225","10,28,130.90",-,"7,725",93.92
TUBEINVEST,EQ,2003-06-11,122.5,124.0,127.85,124.0,127.85,126.8,125.72,"10,536","13,24,600.70",-,"9,488",90.05
TUBEINVEST,EQ,2003-06-12,126.8,127.8,127.8,125.25,125.5,125.65,125.86,"6,046","7,60,926.35",-,"4,971",82.22
TUBEINVEST,EQ,2003-06-13,125.65,123.5,136.7,123.5,134.45,132.8,129.61,"17,986","23,31,217.80",-,"17,478",97.18
TUBEINVEST,EQ,2003-06-16,132.8,133.0,138.0,132.1,132.25,132.85,135.3,"8,945","12,10,271.40",-,"4,961",55.46
TUBEINVEST,EQ,2003-06-17,132.85,138.5,138.5,131.55,131.6,133.4,133.76,"5,625","7,52,374.65",-,"4,937",87.77
TUBEINVEST,EQ,2003-06-18,133.4,131.55,134.8,128.0,130.0,130.95,130.25,"5,526","7,19,777.00",-,"5,040",91.21
TUBEINVEST,EQ,2003-06-19,130.95,128.5,130.95,128.05,128.65,128.25,129.8,"8,479","11,00,605.75",-,"7,850",92.58
TUBEINVEST,EQ,2003-06-20,128.25,128.1,129.4,127.5,128.0,127.95,128.12,"6,290","8,05,871.25",-,"5,879",93.47
TUBEINVEST,EQ,2003-06-23,127.95,136.0,136.0,131.0,134.0,132.7,132.88,"6,379","8,47,671.35",-,"4,658",73.02
TUBEINVEST,EQ,2003-06-24,132.7,135.0,135.0,129.5,130.5,130.15,130.82,"3,779","4,94,380.55",-,"3,425",90.63
TUBEINVEST,EQ,2003-06-25,130.15,141.8,141.8,128.1,131.5,131.95,131.14,"8,264","10,83,704.10",-,"6,701",81.09
TUBEINVEST,EQ,2003-06-26,131.95,132.9,137.0,131.65,134.0,134.1,134.86,"4,538","6,12,011.05",-,"3,945",86.93
TUBEINVEST,EQ,2003-06-27,134.1,133.0,136.55,133.0,136.0,136.0,135.16,"11,820","15,97,562.50",-,"10,994",93.01
TUBEINVEST,EQ,2003-06-30,136.0,139.8,139.8,135.1,136.5,136.0,136.94,"4,090","5,60,082.90",-,"3,272",80.00
TUBEINVEST,EQ,2003-07-01,136.0,141.0,141.0,125.0,135.0,136.4,135.25,"3,460","4,67,957.50",-,"2,812",81.27
TUBEINVEST,EQ,2003-07-02,136.4,136.0,138.9,135.2,136.5,136.8,137.34,"4,418","6,06,747.70",-,"3,406",77.09
TUBEINVEST,EQ,2003-07-03,136.8,138.0,139.0,136.0,137.1,137.55,136.92,"6,328","8,66,408.65",-,"6,093",96.29
TUBEINVEST,EQ,2003-07-04,137.55,136.0,142.0,136.0,140.45,139.05,139.69,"7,915","11,05,678.95",-,"7,129",90.07
TUBEINVEST,EQ,2003-07-07,139.05,146.9,150.0,141.0,148.95,149.5,145.75,"13,689","19,95,144.85",-,"12,484",91.20
TUBEINVEST,EQ,2003-07-08,149.5,150.0,152.0,147.0,147.5,147.5,149.46,"9,224","13,78,595.15",-,"8,637",93.64
TUBEINVEST,EQ,2003-07-09,147.5,148.1,149.9,145.55,146.25,148.8,147.53,"7,367","10,86,864.80",-,"6,832",92.74
TUBEINVEST,EQ,2003-07-10,148.8,146.1,149.95,142.85,144.0,143.85,144.57,"2,883","4,16,787.90",-,"2,658",92.20
TUBEINVEST,EQ,2003-07-11,143.85,140.25,142.0,130.15,134.85,132.3,133.64,"4,276","5,71,441.55",-,"2,479",57.97
TUBEINVEST,EQ,2003-07-14,132.3,131.2,134.0,130.0,130.0,130.05,130.93,"4,588","6,00,724.65",-,"3,134",68.31
TUBEINVEST,EQ,2003-07-15,130.05,131.95,131.95,128.0,128.0,128.0,130.19,"6,577","8,56,252.20",-,"5,737",87.23
TUBEINVEST,EQ,2003-07-16,128.0,130.0,130.0,125.35,126.0,127.25,127.11,"3,219","4,09,152.60",-,"3,109",96.58
TUBEINVEST,EQ,2003-07-17,127.25,127.25,127.9,125.5,127.0,127.1,126.66,"6,802","8,61,536.15",-,"6,365",93.58
TUBEINVEST,EQ,2003-07-18,127.1,129.75,129.75,124.0,125.0,125.0,125.36,"4,394","5,50,818.75",-,"3,844",87.48
TUBEINVEST,EQ,2003-07-21,125.0,121.0,122.5,120.0,120.0,120.6,121.22,"6,160","7,46,711.45",-,"5,100",82.79
TUBEINVEST,EQ,2003-07-22,120.6,120.1,120.1,112.0,117.0,117.0,117.66,"24,875","29,26,836.65",-,"24,288",97.64
TUBEINVEST,EQ,2003-07-23,117.0,117.0,121.9,116.4,116.5,116.5,117.92,"26,066","30,73,624.45",-,"25,176",96.59
TUBEINVEST,EQ,2003-07-24,116.5,110.0,115.15,110.0,113.6,114.85,114.8,"15,170","17,41,586.25",-,"14,470",95.39
TUBEINVEST,EQ,2003-07-25,114.85,115.0,115.2,110.0,112.0,110.6,111.64,"39,515","44,11,463.45",-,"37,612",95.18
TUBEINVEST,EQ,2003-07-28,110.6,100.0,121.5,100.0,116.1,116.75,115.68,"54,227","62,72,724.40",-,"46,209",85.21
TUBEINVEST,EQ,2003-07-29,116.75,121.0,127.9,121.0,121.0,121.8,122.99,"47,723","58,69,366.70",-,"39,332",82.42
TUBEINVEST,EQ,2003-07-30,121.8,121.8,124.0,120.0,121.0,121.0,121.0,"59,508","72,00,308.90",-,"54,268",91.19
TUBEINVEST,EQ,2003-07-31,121.0,124.7,125.5,122.8,123.75,124.1,124.05,"19,392","24,05,616.50",-,"15,647",80.69
TUBEINVEST,EQ,2003-08-01,124.1,125.4,128.75,122.6,126.0,126.7,127.01,"13,828","17,56,345.15",-,"11,485",83.06
TUBEINVEST,EQ,2003-08-04,126.7,133.9,133.9,127.0,131.0,131.75,130.21,"21,300","27,73,455.20",-,"15,973",74.99
TUBEINVEST,EQ,2003-08-05,131.75,135.0,137.0,128.5,129.0,129.0,132.5,"22,567","29,90,158.50",-,"18,051",79.99
TUBEINVEST,EQ,2003-08-06,129.0,128.5,137.0,128.5,131.0,133.1,133.92,"24,918","33,36,966.30",-,"21,058",84.51
TUBEINVEST,EQ,2003-08-07,133.1,136.45,136.45,132.0,133.0,132.55,132.95,"5,653","7,51,592.45",-,"5,208",92.13
TUBEINVEST,EQ,2003-08-08,132.55,134.0,135.0,130.15,133.5,133.0,132.64,"14,540","19,28,562.60",-,"11,659",80.19
TUBEINVEST,EQ,2003-08-11,133.0,133.0,136.75,132.5,136.0,136.1,134.72,"28,731","38,70,773.50",-,"22,437",78.09
TUBEINVEST,EQ,2003-08-12,136.1,136.0,140.0,136.0,139.5,139.3,138.33,"21,402","29,60,577.45",-,"17,793",83.14
TUBEINVEST,EQ,2003-08-13,139.3,140.5,148.0,140.0,148.0,145.6,144.26,"24,030","34,66,537.50",-,"19,609",81.60
TUBEINVEST,EQ,2003-08-14,145.6,149.5,149.8,142.1,142.1,142.55,145.22,"17,979","26,10,995.90",-,"15,502",86.22
TUBEINVEST,EQ,2003-08-18,142.55,147.0,150.0,142.0,150.0,147.2,146.23,"15,940","23,30,840.10",-,"14,919",93.59
TUBEINVEST,EQ,2003-08-19,147.2,150.0,150.0,144.1,144.2,144.2,145.35,"16,017","23,28,082.90",-,"13,042",81.43
TUBEINVEST,EQ,2003-08-20,144.2,140.2,145.65,138.8,139.0,140.15,141.42,"7,294","10,31,482.00",-,"6,540",89.66
TUBEINVEST,EQ,2003-08-21,140.15,140.0,142.8,138.5,140.4,139.55,140.64,"5,601","7,87,723.95",-,"4,118",73.52
TUBEINVEST,EQ,2003-08-22,139.55,140.0,141.95,137.2,138.9,138.0,138.8,"4,577","6,35,269.05",-,"3,626",79.22
TUBEINVEST,EQ,2003-08-25,138.0,138.5,139.6,133.1,136.0,136.1,137.23,"14,304","19,62,962.00",-,"11,576",80.93
TUBEINVEST,EQ,2003-08-26,136.1,136.2,137.55,131.05,133.0,132.6,134.31,"24,570","33,00,116.75",-,"22,207",90.38
TUBEINVEST,EQ,2003-08-27,132.6,138.0,138.9,135.0,136.0,136.45,136.65,"10,452","14,28,315.40",-,"7,030",67.26
TUBEINVEST,EQ,2003-08-28,136.45,136.0,138.9,133.0,135.9,134.5,135.67,"8,215","11,14,561.05",-,"6,549",79.72
TUBEINVEST,EQ,2003-08-29,134.5,136.85,136.85,130.55,133.0,132.25,133.37,"9,557","12,74,577.05",-,"8,221",86.02
TUBEINVEST,EQ,2003-09-01,132.25,131.0,134.9,131.0,132.5,132.5,132.42,"12,150","16,08,846.70",-,"11,526",94.86
TUBEINVEST,EQ,2003-09-02,132.5,131.8,134.4,131.4,133.05,133.85,132.83,"7,131","9,47,234.00",-,"4,142",58.08
TUBEINVEST,EQ,2003-09-03,133.85,131.0,134.0,131.0,131.15,131.6,133.1,"8,362","11,12,995.90",-,"6,881",82.29
TUBEINVEST,EQ,2003-09-04,131.6,132.0,134.9,131.05,132.0,131.7,132.39,"2,893","3,83,010.15",-,"2,102",72.66
TUBEINVEST,EQ,2003-09-05,131.7,130.55,133.5,130.0,130.1,130.6,130.81,"5,936","7,76,483.20",-,"4,695",79.09
TUBEINVEST,EQ,2003-09-08,130.6,132.9,135.8,132.9,133.0,134.3,134.64,"7,869","10,59,507.20",-,"6,500",82.60
TUBEINVEST,EQ,2003-09-09,134.3,135.45,136.0,133.25,134.95,134.1,134.8,"5,893","7,94,349.55",-,"4,630",78.57
TUBEINVEST,EQ,2003-09-10,134.1,133.0,135.0,129.1,130.85,130.5,131.76,"11,412","15,03,605.10",-,"8,650",75.80
TUBEINVEST,EQ,2003-09-11,130.5,130.15,132.45,128.15,128.15,129.5,130.47,"3,272","4,26,893.65",-,"2,950",90.16
TUBEINVEST,EQ,2003-09-12,129.5,129.0,130.85,128.55,129.1,129.6,129.81,"2,736","3,55,165.25",-,"2,075",75.84
TUBEINVEST,EQ,2003-09-15,129.6,128.1,130.9,128.1,130.3,129.7,129.53,"2,137","2,76,795.40",-,"1,728",80.86
TUBEINVEST,EQ,2003-09-16,129.7,128.5,130.0,128.0,129.15,129.9,129.13,"3,396","4,38,509.50",-,"2,559",75.35
TUBEINVEST,EQ,2003-09-17,129.9,134.85,134.85,131.0,131.2,131.75,131.52,"2,741","3,60,496.20",-,"1,885",68.77
TUBEINVEST,EQ,2003-09-18,131.75,132.0,134.0,130.1,130.1,131.15,131.69,"3,647","4,80,282.25",-,"3,064",84.01
TUBEINVEST,EQ,2003-09-19,131.15,132.5,132.5,125.4,128.45,127.3,128.95,"3,044","3,92,518.85",-,"2,551",83.80
TUBEINVEST,EQ,2003-09-22,127.3,131.75,134.85,128.0,130.3,131.3,132.59,"6,809","9,02,790.40",-,"5,413",79.50
TUBEINVEST,EQ,2003-09-23,131.3,133.45,133.45,128.45,131.05,131.25,131.09,"1,662","2,17,879.75",-,"1,220",73.41
TUBEINVEST,EQ,2003-09-24,131.25,134.9,134.9,132.0,134.0,133.8,133.23,"2,650","3,53,061.85",-,"2,429",91.66
TUBEINVEST,EQ,2003-09-25,133.8,133.0,136.0,132.55,134.0,134.0,134.47,"8,519","11,45,584.20",-,"7,766",91.16
TUBEINVEST,EQ,2003-09-26,134.0,132.5,137.4,132.5,137.4,136.2,134.65,"21,578","29,05,452.40",-,"20,543",95.20
TUBEINVEST,EQ,2003-09-29,136.2,132.5,140.0,132.5,138.75,139.95,139.63,"31,218","43,59,091.75",-,"29,186",93.49
TUBEINVEST,EQ,2003-09-30,139.95,140.0,147.0,140.0,147.0,145.45,144.63,"19,952","28,85,627.80",-,"14,451",72.43
TUBEINVEST,EQ,2003-10-01,145.45,148.0,157.4,145.5,157.3,155.5,153.02,"31,759","48,59,891.75",-,"27,823",87.61
TUBEINVEST,EQ,2003-10-03,155.5,158.5,163.0,153.0,162.0,160.55,156.91,"31,254","49,04,024.15",-,"22,505",72.01
TUBEINVEST,EQ,2003-10-06,160.55,160.0,169.4,158.0,158.5,158.9,161.18,"14,029","22,61,234.70",-,"10,351",73.78
TUBEINVEST,EQ,2003-10-07,158.9,161.0,163.0,155.0,156.0,156.45,158.05,"6,619","10,46,163.25",-,"5,010",75.69
TUBEINVEST,EQ,2003-10-08,156.45,157.0,157.0,154.5,156.05,155.8,155.29,"7,600","11,80,192.20",-,"6,850",90.13
TUBEINVEST,EQ,2003-10-09,155.8,154.1,160.0,154.1,158.5,158.8,157.63,"6,540","10,30,914.15",-,"6,103",93.32
TUBEINVEST,EQ,2003-10-10,158.8,159.75,160.5,151.5,152.25,154.45,156.19,"6,623","10,34,433.50",-,"6,248",94.34
TUBEINVEST,EQ,2003-10-13,154.45,159.9,162.0,154.0,157.7,157.05,155.98,"2,895","4,51,553.40",-,"2,520",87.05
TUBEINVEST,EQ,2003-10-14,157.05,157.7,158.0,155.0,156.3,156.3,156.45,"7,235","11,31,937.10",-,"5,858",80.97
TUBEINVEST,EQ,2003-10-15,156.3,148.6,157.0,148.6,157.0,156.15,155.02,"5,247","8,13,379.25",-,"4,349",82.89
TUBEINVEST,EQ,2003-10-16,156.15,155.5,160.0,155.5,160.0,159.8,158.26,"5,785","9,15,526.00",-,"5,385",93.09
TUBEINVEST,EQ,2003-10-17,159.8,157.8,160.9,157.5,160.1,160.05,158.85,"4,244","6,74,158.95",-,"3,202",75.45
TUBEINVEST,EQ,2003-10-20,160.05,160.0,163.0,159.6,159.6,160.05,160.11,"7,134","11,42,219.60",-,"6,697",93.87
TUBEINVEST,EQ,2003-10-21,160.05,170.0,170.0,155.0,161.0,159.95,159.78,"11,348","18,13,195.85",-,"9,889",87.14
TUBEINVEST,EQ,2003-10-22,159.95,160.0,164.4,158.0,161.45,160.55,159.96,"7,593","12,14,612.15",-,"6,775",89.23
TUBEINVEST,EQ,2003-10-23,160.55,145.3,165.0,145.3,164.8,161.1,160.35,"4,680","7,50,443.60",-,"4,400",94.02
TUBEINVEST,EQ,2003-10-24,161.1,160.5,161.0,158.25,160.0,159.45,159.45,"2,706","4,31,484.10",-,"1,818",67.18
TUBEINVEST,EQ,2003-10-25,159.45,158.8,161.95,158.65,158.65,159.45,159.27,"1,232","1,96,225.55",-,-,-
TUBEINVEST,EQ,2003-10-27,159.45,162.0,162.0,157.55,157.55,158.05,159.27,"2,404","3,82,886.70",-,"3,226",88.72
TUBEINVEST,EQ,2003-10-28,158.05,154.4,154.95,142.25,142.5,142.25,145.13,"19,373","28,11,537.20",-,"12,624",65.16
TUBEINVEST,EQ,2003-10-29,142.25,137.5,144.9,137.5,144.0,141.5,141.53,"7,888","11,16,358.70",-,"4,299",54.50
TUBEINVEST,EQ,2003-10-30,141.5,143.8,143.8,138.0,140.0,139.15,139.39,"3,564","4,96,784.45",-,"2,953",82.86
TUBEINVEST,EQ,2003-10-31,139.15,140.0,144.75,137.05,143.0,142.7,139.81,"2,835","3,96,365.85",-,"2,106",74.29
TUBEINVEST,EQ,2003-11-03,142.7,138.0,142.7,138.0,140.9,140.45,140.43,"3,519","4,94,179.20",-,"2,786",79.17
TUBEINVEST,EQ,2003-11-04,140.45,133.5,141.0,133.5,140.0,139.95,138.96,"6,569","9,12,832.35",-,"5,302",80.71
TUBEINVEST,EQ,2003-11-05,139.95,138.75,141.0,138.05,138.05,138.95,138.83,"4,968","6,89,686.25",-,"3,634",73.15
TUBEINVEST,EQ,2003-11-06,138.95,138.0,145.0,138.0,141.15,142.8,140.49,"3,981","5,59,306.55",-,"3,321",83.42
TUBEINVEST,EQ,2003-11-07,142.8,142.0,149.0,140.0,142.15,142.2,143.08,"4,066","5,81,774.90",-,"2,622",64.49
TUBEINVEST,EQ,2003-11-10,142.2,137.55,151.9,137.55,146.5,145.5,145.41,929,"1,35,088.90",-,695,74.81
TUBEINVEST,EQ,2003-11-11,145.5,143.25,149.15,143.1,146.1,146.75,147.1,"5,068","7,45,519.85",-,"3,366",66.42
TUBEINVEST,EQ,2003-11-12,146.75,148.0,150.5,146.1,148.0,148.75,149.14,"5,824","8,68,608.35",-,"5,048",86.68
TUBEINVEST,EQ,2003-11-13,148.75,148.0,148.75,145.0,145.1,145.45,146.44,"5,348","7,83,135.05",-,"3,670",68.62
TUBEINVEST,EQ,2003-11-14,145.45,148.8,149.2,142.1,142.1,144.95,145.69,"2,011","2,92,987.90",-,"1,666",82.84
TUBEINVEST,EQ,2003-11-15,144.95,146.75,146.75,143.0,146.0,145.75,145.08,596,"86,469.70",-,446,74.83
TUBEINVEST,EQ,2003-11-17,145.75,146.0,146.9,144.0,144.75,144.75,144.72,"1,721","2,49,056.95",-,"1,521",88.38
TUBEINVEST,EQ,2003-11-18,144.75,146.0,148.0,145.0,146.75,147.05,146.09,"3,308","4,83,265.65",-,"2,919",88.24
TUBEINVEST,EQ,2003-11-19,147.05,145.1,148.75,145.1,147.0,147.65,146.85,"1,804","2,64,918.45",-,"1,578",87.47
TUBEINVEST,EQ,2003-11-20,147.65,143.2,148.75,143.2,148.0,148.05,147.81,"4,589","6,78,321.90",-,"4,264",92.92
TUBEINVEST,EQ,2003-11-21,148.05,142.5,149.95,142.5,149.95,147.8,145.99,"2,721","3,97,244.40",-,"2,476",91.00
TUBEINVEST,EQ,2003-11-24,147.8,149.5,150.0,147.1,149.0,148.75,148.33,"2,460","3,64,880.00",-,"2,100",85.37
TUBEINVEST,EQ,2003-11-25,148.75,148.0,160.0,148.0,156.2,157.95,154.14,"6,303","9,71,532.70",-,"5,203",82.55
TUBEINVEST,EQ,2003-11-27,157.95,158.0,159.0,152.15,152.15,152.4,154.42,"2,222","3,43,112.80",-,"2,076",93.43
TUBEINVEST,EQ,2003-11-28,152.4,154.0,155.0,152.5,152.6,154.45,154.1,"2,037","3,13,901.25",-,"1,862",91.41
TUBEINVEST,EQ,2003-12-01,154.45,156.0,169.9,154.45,169.9,169.9,164.14,"13,341","21,89,743.55",-,"11,359",85.14
TUBEINVEST,EQ,2003-12-02,169.9,175.5,176.0,167.15,168.0,170.05,170.19,"12,805","21,79,246.20",-,"10,510",82.08
TUBEINVEST,EQ,2003-12-03,170.05,168.0,173.85,163.05,173.75,172.75,168.18,"7,775","13,07,567.65",-,"6,412",82.47
TUBEINVEST,EQ,2003-12-04,172.75,170.1,180.5,170.0,178.1,179.0,176.52,"17,923","31,63,778.65",-,"15,015",83.78
TUBEINVEST,EQ,2003-12-05,179.0,177.0,183.45,177.0,179.75,178.5,181.36,"11,204","20,31,927.55",-,"9,762",87.13
TUBEINVEST,EQ,2003-12-08,178.5,177.0,190.0,177.0,186.0,186.75,186.4,"8,672","16,16,486.10",-,"7,768",89.58
TUBEINVEST,EQ,2003-12-09,186.75,190.0,193.5,189.1,192.0,191.25,191.82,"5,137","9,85,398.10",-,"4,348",84.64
TUBEINVEST,EQ,2003-12-10,191.25,190.0,204.5,187.0,194.0,193.2,194.73,"14,561","28,35,416.25",-,"13,196",90.63
TUBEINVEST,EQ,2003-12-11,193.2,190.0,195.5,190.0,190.0,190.85,192.3,"2,915","5,60,567.60",-,"2,428",83.29
TUBEINVEST,EQ,2003-12-12,190.85,192.0,198.0,186.0,192.2,193.3,192.46,"6,899","13,27,809.20",-,"5,698",82.59
TUBEINVEST,EQ,2003-12-15,193.3,198.5,206.8,192.0,205.7,204.9,202.24,"12,636","25,55,492.25",-,"8,070",63.87
TUBEINVEST,EQ,2003-12-16,204.9,200.75,209.8,200.6,205.25,205.25,204.37,"10,496","21,45,065.35",-,"7,721",73.56
TUBEINVEST,EQ,2003-12-17,205.25,190.55,207.0,190.5,207.0,205.0,203.84,"4,904","9,99,643.50",-,"3,061",62.42
TUBEINVEST,EQ,2003-12-18,205.0,204.0,212.0,201.55,206.0,205.85,206.84,"7,917","16,37,583.90",-,"6,235",78.75
TUBEINVEST,EQ,2003-12-19,205.85,210.0,215.8,210.0,215.0,214.9,211.92,"8,017","16,98,952.00",-,"7,331",91.44
TUBEINVEST,EQ,2003-12-22,214.9,208.0,222.0,208.0,220.0,220.0,217.84,"10,338","22,51,999.45",-,"8,583",83.02
TUBEINVEST,EQ,2003-12-23,220.0,222.0,229.8,219.0,224.1,224.9,222.89,"8,697","19,38,464.10",-,"7,891",90.73
TUBEINVEST,EQ,2003-12-24,224.9,230.0,234.95,222.0,232.25,233.15,230.11,"7,011","16,13,269.10",-,"5,841",83.31
TUBEINVEST,EQ,2003-12-26,233.15,225.5,237.0,225.5,232.2,232.5,233.91,"5,652","13,22,069.05",-,"4,861",86.00
TUBEINVEST,EQ,2003-12-29,232.5,230.0,238.8,230.0,232.0,233.55,236.52,"9,343","22,09,760.50",-,"8,580",91.83
TUBEINVEST,EQ,2003-12-30,233.55,226.4,232.0,223.7,224.0,224.0,226.94,"5,272","11,96,412.30",-,"4,355",82.61
TUBEINVEST,EQ,2003-12-31,224.0,223.75,227.0,211.0,211.0,217.0,220.88,"4,177","9,22,620.05",-,"3,421",81.90
TUBEINVEST,EQ,2004-01-01,217.0,218.0,224.0,218.0,223.95,223.9,221.47,"5,105","11,30,584.25",-,"4,408",86.35
TUBEINVEST,EQ,2004-01-02,223.9,228.0,232.5,224.0,224.0,226.1,226.95,"9,932","22,54,115.30",-,"7,204",72.53
TUBEINVEST,EQ,2004-01-05,226.1,229.0,229.0,214.1,214.75,214.8,218.53,"6,509","14,22,429.95",-,"4,124",63.36
TUBEINVEST,EQ,2004-01-06,214.8,215.0,219.95,212.0,213.0,213.0,214.28,"3,191","6,83,762.60",-,"2,555",80.07
TUBEINVEST,EQ,2004-01-07,213.0,213.0,213.0,208.1,208.25,208.55,210.17,"5,597","11,76,315.85",-,"5,264",94.05
TUBEINVEST,EQ,2004-01-08,208.55,212.0,222.0,206.55,220.05,219.45,215.59,"7,020","15,13,462.05",-,"5,670",80.77
TUBEINVEST,EQ,2004-01-09,219.45,222.0,230.0,218.15,224.0,221.55,222.43,"14,622","32,52,370.95",-,"12,389",84.73
TUBEINVEST,EQ,2004-01-12,221.55,217.0,217.5,208.0,208.0,211.9,214.6,"8,958","19,22,418.90",-,"8,244",92.03
TUBEINVEST,EQ,2004-01-13,211.9,212.0,212.45,210.0,211.95,211.95,211.61,"2,312","4,89,251.50",-,"2,312",100.0
TUBEINVEST,EQ,2004-01-14,211.95,215.0,217.0,211.1,212.55,212.55,212.8,"5,704","12,13,787.25",-,"3,569",62.57
TUBEINVEST,EQ,2004-01-15,212.55,213.5,215.0,205.0,209.95,208.4,207.38,"6,575","13,63,504.35",-,"5,348",81.34
TUBEINVEST,EQ,2004-01-16,208.4,205.0,212.5,205.0,210.0,210.8,210.17,"3,819","8,02,642.70",-,"3,324",87.04
TUBEINVEST,EQ,2004-01-19,210.8,215.0,215.0,201.0,204.0,204.9,204.17,"6,880","14,04,689.00",-,"6,055",88.01
TUBEINVEST,EQ,2004-01-20,204.9,205.1,206.4,202.0,203.6,203.6,204.11,"3,631","7,41,110.50",-,"3,381",93.11
TUBEINVEST,EQ,2004-01-21,203.6,201.0,201.0,184.2,188.9,186.75,194.26,"6,763","13,13,776.80",-,"5,513",81.52
TUBEINVEST,EQ,2004-01-22,186.75,190.0,204.0,175.0,204.0,185.25,180.27,"7,413","13,36,323.30",-,"3,247",43.8
TUBEINVEST,EQ,2004-01-23,185.25,187.0,190.0,177.1,180.65,182.95,182.49,"9,611","17,53,893.15",-,"8,114",84.42
TUBEINVEST,EQ,2004-01-27,182.95,182.15,192.0,182.15,190.0,190.2,188.46,"1,969","3,71,086.70",-,"1,625",82.53
TUBEINVEST,EQ,2004-01-28,190.2,188.5,205.0,186.5,200.3,199.65,198.38,"11,928","23,66,223.75",-,"10,810",90.63
TUBEINVEST,EQ,2004-01-29,199.65,205.0,205.0,195.55,197.0,197.1,198.47,"5,431","10,77,874.40",-,"3,633",66.89
TUBEINVEST,EQ,2004-01-30,197.1,194.05,196.95,188.25,192.0,191.75,193.2,"3,966","7,66,214.05",-,"3,205",80.81
TUBEINVEST,EQ,2004-02-03,191.75,197.0,201.0,185.0,193.0,190.15,196.23,"3,658","7,17,792.45",-,"3,192",87.26
TUBEINVEST,EQ,2004-02-04,190.15,185.1,193.1,185.1,193.0,192.7,190.27,"5,992","11,40,070.00",-,"3,340",55.74
TUBEINVEST,EQ,2004-02-05,192.7,198.0,205.0,189.25,199.0,199.15,200.07,"5,699","11,40,181.00",-,"4,381",76.87
TUBEINVEST,EQ,2004-02-06,199.15,198.0,207.9,196.1,203.05,205.9,204.29,"9,687","19,78,977.80",-,"8,933",92.22
TUBEINVEST,EQ,2004-02-09,205.9,202.0,214.0,202.0,213.0,213.05,209.16,"8,268","17,29,371.70",-,"7,951",96.17
TUBEINVEST,EQ,2004-02-10,213.05,215.85,220.7,207.25,220.7,219.8,217.1,"18,124","39,34,650.80",-,"16,931",93.42
TUBEINVEST,EQ,2004-02-11,219.8,216.5,222.0,216.25,222.0,220.55,219.65,"13,237","29,07,525.50",-,"12,484",94.31
TUBEINVEST,EQ,2004-02-12,220.55,222.1,222.1,217.0,221.0,220.85,219.72,"10,612","23,31,629.00",-,"9,587",90.34
TUBEINVEST,EQ,2004-02-13,220.85,220.0,226.95,216.2,225.0,222.95,221.57,"7,076","15,67,839.60",-,"6,411",90.6
TUBEINVEST,EQ,2004-02-16,222.95,220.0,225.9,220.0,224.0,224.75,223.19,"14,405","32,15,032.75",-,"12,744",88.47
TUBEINVEST,EQ,2004-02-17,224.75,224.0,225.0,213.0,213.0,213.0,220.35,"11,684","25,74,573.25",-,"10,084",86.31
TUBEINVEST,EQ,2004-02-18,213.0,213.5,215.0,205.1,207.0,208.25,213.7,"3,959","8,46,048.30",-,"3,856",97.4
TUBEINVEST,EQ,2004-02-19,208.25,210.95,215.0,209.05,211.0,211.35,212.06,"2,856","6,05,638.25",-,"1,898",66.46
TUBEINVEST,EQ,2004-02-20,211.35,204.1,210.4,204.0,206.05,206.65,208.8,"2,528","5,27,858.15",-,"2,123",83.98
TUBEINVEST,EQ,2004-02-23,206.65,209.0,209.0,206.0,208.0,207.7,207.3,"1,240","2,57,045.90",-,"1,240",100.0
TUBEINVEST,EQ,2004-02-24,207.7,210.0,212.0,207.25,208.1,208.05,209.46,"5,682","11,90,147.10",-,"5,412",95.25
TUBEINVEST,EQ,2004-02-25,208.05,205.1,210.0,205.1,210.0,210.0,208.43,"2,647","5,51,713.25",-,"2,647",100.0
TUBEINVEST,EQ,2004-02-26,210.0,205.05,206.5,200.7,200.7,201.0,203.84,"1,482","3,02,095.65",-,"1,461",98.58
TUBEINVEST,EQ,2004-02-27,201.0,187.0,210.0,187.0,201.9,205.0,194.58,"4,794","9,32,810.30",-,"3,761",78.45
TUBEINVEST,EQ,2004-03-01,205.0,210.0,215.0,205.0,205.05,206.35,207.08,623,"1,29,008.65",-,410,65.81
TUBEINVEST,EQ,2004-03-03,206.35,208.0,208.0,197.0,197.0,197.2,199.74,"2,239","4,47,217.60",-,"1,805",80.62
TUBEINVEST,EQ,2004-03-04,197.2,205.7,205.7,194.0,194.0,194.3,196.08,"1,541","3,02,155.90",-,938,60.87
TUBEINVEST,EQ,2004-03-05,194.3,194.0,198.8,194.0,194.5,194.55,195.88,694,"1,35,938.60",-,611,88.04
TUBEINVEST,EQ,2004-03-08,194.55,199.0,200.0,196.0,200.0,199.85,198.39,"5,015","9,94,948.45",-,"4,785",95.41
TUBEINVEST,EQ,2004-03-09,199.85,197.5,203.0,197.5,200.6,200.6,199.39,"2,924","5,83,009.90",-,"2,205",75.41
TUBEINVEST,EQ,2004-03-10,200.6,199.25,202.75,199.0,199.0,199.0,199.39,876,"1,74,664.10",-,756,86.3
TUBEINVEST,EQ,2004-03-11,199.0,202.0,202.0,195.0,195.0,195.15,197.14,"1,767","3,48,349.55",-,"1,478",83.64
TUBEINVEST,EQ,2004-03-12,195.15,194.0,195.0,194.0,194.0,194.15,194.53,506,"98,431.00",-,506,100.0
TUBEINVEST,EQ,2004-03-15,194.15,199.0,200.0,193.0,193.0,193.0,195.29,"1,834","3,58,158.10",-,"1,425",77.7
TUBEINVEST,EQ,2004-03-16,193.0,190.05,190.05,185.1,185.1,187.8,189.06,"1,678","3,17,248.75",-,"1,574",93.8
TUBEINVEST,EQ,2004-03-17,187.8,190.0,190.0,184.3,185.0,185.3,185.11,320,"59,234.75",-,190,59.38
TUBEINVEST,EQ,2004-03-18,185.3,194.45,194.45,180.2,184.0,180.7,189.95,"3,350","6,36,342.80",-,"1,348",40.24
TUBEINVEST,EQ,2004-03-19,180.7,190.0,190.0,177.55,187.0,187.0,186.97,"1,85,615","3,47,03,775.75",-,"1,84,983",99.66
TUBEINVEST,EQ,2004-03-22,187.0,195.0,195.0,182.45,190.0,185.7,184.05,"2,966","5,45,896.25",-,"2,916",98.31
TUBEINVEST,EQ,2004-03-23,185.7,189.0,189.0,180.5,185.0,185.0,183.1,657,"1,20,295.00",-,622,94.67
TUBEINVEST,EQ,2004-03-24,185.0,185.0,185.0,181.0,181.0,181.1,181.71,"1,450","2,63,480.00",-,"1,400",96.55
TUBEINVEST,EQ,2004-03-25,181.1,185.0,185.0,181.9,181.9,181.9,184.49,"1,445","2,66,590.00",-,"1,445",100.0
TUBEINVEST,EQ,2004-03-26,181.9,190.0,190.0,182.0,185.0,183.2,184.78,"2,055","3,79,720.90",-,910,44.28
TUBEINVEST,EQ,2004-03-29,183.2,184.1,185.0,183.0,185.0,185.0,184.63,"1,632","3,01,312.00",-,"1,632",100.0
TUBEINVEST,EQ,2004-03-30,185.0,185.0,189.0,185.0,186.5,187.3,187.62,527,"98,878.00",-,427,81.02
TUBEINVEST,EQ,2004-03-31,187.3,188.85,189.0,185.0,188.0,185.35,186.52,"3,254","6,06,944.35",-,"2,894",88.94
TUBEINVEST,EQ,2004-04-01,185.35,193.0,193.95,192.0,193.95,192.1,192.21,522,"1,00,335.40",-,522,100.0
TUBEINVEST,EQ,2004-04-02,192.1,188.0,194.0,187.4,194.0,193.55,191.28,710,"1,35,810.85",-,677,95.35
TUBEINVEST,EQ,2004-04-05,193.55,185.0,201.0,185.0,198.95,198.6,196.8,"3,047","5,99,660.80",-,"2,275",74.66
TUBEINVEST,EQ,2004-04-06,198.6,198.75,199.05,182.0,187.1,187.9,187.76,"8,686","16,30,886.05",-,"7,617",87.69
TUBEINVEST,EQ,2004-04-07,187.9,196.9,196.9,187.05,194.9,194.0,191.91,"2,726","5,23,141.30",-,"2,615",95.93
TUBEINVEST,EQ,2004-04-08,194.0,195.0,199.0,191.1,192.9,192.2,195.83,"2,125","4,16,141.25",-,"1,705",80.24
TUBEINVEST,EQ,2004-04-12,192.2,192.5,205.0,192.5,202.0,202.0,201.58,"4,171","8,40,780.05",-,"3,905",93.62
TUBEINVEST,EQ,2004-04-13,202.0,203.9,205.0,198.0,205.0,203.3,202.79,"1,351","2,73,975.20",-,"1,131",83.72
TUBEINVEST,EQ,2004-04-15,203.3,200.1,205.9,200.0,204.75,204.75,203.3,"1,986","4,03,746.50",-,"1,779",89.58
TUBEINVEST,EQ,2004-04-16,204.75,210.0,210.0,200.0,206.85,204.1,203.19,"4,357","8,85,278.50",-,"3,471",79.66
TUBEINVEST,EQ,2004-04-17,204.1,200.05,207.5,200.05,206.0,206.75,205.07,537,"1,10,123.80",-,486,90.5
TUBEINVEST,EQ,2004-04-19,206.75,210.2,219.0,202.1,203.0,203.5,206.77,"2,646","5,47,124.65",-,"2,125",80.31
TUBEINVEST,EQ,2004-04-20,203.5,215.75,215.75,203.1,205.1,207.65,206.47,741,"1,52,994.00",-,675,91.09
TUBEINVEST,EQ,2004-04-21,207.65,212.0,212.0,204.0,207.05,207.05,207.63,"2,720","5,64,762.00",-,"2,625",96.51
TUBEINVEST,EQ,2004-04-22,207.05,248.0,248.0,206.0,207.05,208.1,208.15,"2,198","4,57,514.80",-,"1,701",77.39
TUBEINVEST,EQ,2004-04-23,208.1,208.0,212.45,208.0,211.85,211.2,211.12,"2,621","5,53,341.85",-,"1,898",72.42
TUBEINVEST,EQ,2004-04-27,211.2,215.0,253.0,203.1,220.7,210.5,210.09,"5,193","10,91,014.40",-,"4,457",85.83
TUBEINVEST,EQ,2004-04-28,210.5,215.0,219.9,207.0,219.0,215.45,211.84,"2,783","5,89,549.45",-,"2,121",76.21
TUBEINVEST,EQ,2004-04-29,215.45,213.9,218.0,212.0,212.0,212.8,214.17,980,"2,09,890.00",-,610,62.24
TUBEINVEST,EQ,2004-04-30,212.8,210.1,211.0,204.0,204.0,205.5,207.3,"2,077","4,30,559.00",-,"1,976",95.14
TUBEINVEST,EQ,2004-05-03,205.5,205.1,210.85,205.0,207.4,207.4,208.61,"3,003","6,26,465.00",-,"2,782",92.64
TUBEINVEST,EQ,2004-05-04,207.4,208.0,210.0,208.0,210.0,209.7,209.3,"1,415","2,96,157.80",-,"1,313",92.79
TUBEINVEST,EQ,2004-05-05,209.7,210.9,218.45,210.9,216.0,216.0,216.03,"2,539","5,48,489.95",-,"2,459",96.85
TUBEINVEST,EQ,2004-05-06,216.0,218.0,219.95,213.0,214.0,213.45,213.94,"6,712","14,35,979.75",-,"5,877",87.56
TUBEINVEST,EQ,2004-05-07,213.45,214.0,220.0,214.0,217.5,218.95,216.78,"1,682","3,64,620.75",-,"1,632",97.03
TUBEINVEST,EQ,2004-05-10,218.95,204.0,214.9,204.0,210.0,210.0,211.43,788,"1,66,607.05",-,667,84.64
TUBEINVEST,EQ,2004-05-11,210.0,199.6,203.85,199.55,200.0,200.0,200.58,"2,632","5,27,938.85",-,"2,251",85.52
TUBEINVEST,EQ,2004-05-12,200.0,197.0,210.0,197.0,209.95,209.7,203.01,317,"64,353.00",-,195,61.51
TUBEINVEST,EQ,2004-05-13,209.7,200.0,210.0,200.0,203.0,203.25,205.2,"4,193","8,60,396.30",-,"3,425",81.68
TUBEINVEST,EQ,2004-05-14,203.25,200.0,200.0,175.1,185.0,185.7,188.83,"2,300","4,34,317.85",-,"1,645",71.52
TUBEINVEST,EQ,2004-05-17,185.7,175.0,186.0,175.0,175.0,175.7,176.83,"2,034","3,59,666.50",-,"1,744",85.74
TUBEINVEST,EQ,2004-05-18,175.7,175.5,188.4,175.0,188.4,188.05,179.98,"3,234","5,82,060.00",-,"2,059",63.67
TUBEINVEST,EQ,2004-05-19,188.05,192.3,206.9,192.1,196.25,198.65,196.48,"1,568","3,08,073.25",-,"1,050",66.96
TUBEINVEST,EQ,2004-05-20,198.65,197.35,205.95,196.05,196.05,197.25,199.88,"1,654","3,30,597.40",-,"1,057",63.91
TUBEINVEST,EQ,2004-05-21,197.25,174.0,197.95,174.0,197.95,197.95,192.32,500,"96,160.00",-,200,40.0
TUBEINVEST,EQ,2004-05-24,197.95,199.9,199.9,195.0,199.7,199.25,196.48,855,"1,67,994.40",-,805,94.15
TUBEINVEST,EQ,2004-05-25,199.25,196.0,200.0,196.0,197.2,197.2,198.64,"2,602","5,16,851.00",-,"2,602",100.0
TUBEINVEST,EQ,2004-05-26,197.2,198.0,200.0,197.2,199.0,199.65,199.57,"4,351","8,68,324.00",-,"4,211",96.78
TUBEINVEST,EQ,2004-05-27,199.65,196.15,199.9,196.0,199.0,198.95,198.07,"2,334","4,62,287.65",-,"2,209",94.64
TUBEINVEST,EQ,2004-05-28,198.95,195.5,198.0,194.0,195.0,195.0,196.25,"1,317","2,58,456.05",-,"1,204",91.42
TUBEINVEST,EQ,2004-05-31,195.0,191.0,195.0,187.0,187.5,189.05,190.18,990,"1,88,278.70",-,582,58.79
TUBEINVEST,EQ,2004-06-01,189.05,194.0,199.9,191.6,198.0,196.25,194.75,"1,548","3,01,470.70",-,"1,179",76.16
TUBEINVEST,EQ,2004-06-02,196.25,193.05,197.0,193.0,193.05,193.5,194.01,250,"48,503.00",-,250,100.0
TUBEINVEST,EQ,2004-06-03,193.5,193.05,220.0,191.0,213.5,209.6,207.35,"10,178","21,10,382.70",-,"5,761",56.6
TUBEINVEST,EQ,2004-06-04,209.6,220.0,220.0,207.3,213.9,212.85,212.7,"15,676","33,34,355.10",-,"8,075",51.51
TUBEINVEST,EQ,2004-06-07,212.85,228.9,230.2,216.0,229.8,227.25,226.24,"21,972","49,71,044.90",-,"13,346",60.74
TUBEINVEST,EQ,2004-06-08,227.25,234.4,239.0,230.0,235.5,236.95,234.39,"21,213","49,72,173.75",-,"12,023",56.68
TUBEINVEST,EQ,2004-06-09,236.95,246.9,246.9,227.0,230.0,231.4,235.82,"43,255","1,02,00,588.00",-,"17,554",40.58
TUBEINVEST,EQ,2004-06-10,231.4,244.85,277.0,241.85,267.35,266.55,267.83,"2,38,219","6,38,01,314.60",-,"42,022",17.64
TUBEINVEST,EQ,2004-06-11,266.55,274.9,276.8,258.2,263.95,260.45,265.26,"1,67,630","4,44,66,206.65",-,"44,052",26.28
TUBEINVEST,EQ,2004-06-14,260.45,258.0,259.8,231.0,246.0,247.25,250.45,"29,441","73,73,579.45",-,"10,580",35.94
TUBEINVEST,EQ,2004-06-15,247.25,250.0,252.45,245.0,252.45,249.4,248.06,"14,867","36,87,842.65",-,"5,621",37.81
TUBEINVEST,EQ,2004-06-16,249.4,254.0,254.0,247.0,248.3,249.25,249.5,"5,161","12,87,687.80",-,"2,824",54.72
TUBEINVEST,EQ,2004-06-17,249.25,245.0,250.0,245.0,250.0,249.4,247.86,"4,257","10,55,150.20",-,"2,795",65.66
TUBEINVEST,EQ,2004-06-18,249.4,250.5,251.0,247.1,249.0,249.85,249.17,"3,754","9,35,382.65",-,"2,868",76.4
TUBEINVEST,EQ,2004-06-21,249.85,250.0,254.7,245.1,251.95,249.45,250.8,"4,234","10,61,881.30",-,"2,594",61.27
TUBEINVEST,EQ,2004-06-22,249.45,250.0,251.0,247.0,248.95,247.6,248.65,"1,824","4,53,538.15",-,"1,522",83.44
TUBEINVEST,EQ,2004-06-23,247.6,250.0,250.0,244.0,245.1,245.4,248.31,"5,358","13,30,465.40",-,"4,191",78.22
TUBEINVEST,EQ,2004-06-24,245.4,248.95,248.95,237.35,241.0,242.4,244.77,"8,799","21,53,701.35",-,"7,738",87.94
TUBEINVEST,EQ,2004-06-25,242.4,244.95,247.8,243.05,244.85,245.4,245.57,"2,407","5,91,087.55",-,"1,841",76.49
TUBEINVEST,EQ,2004-06-28,245.4,249.75,254.0,245.15,253.0,253.15,251.0,"3,590","9,01,106.50",-,"2,706",75.38
TUBEINVEST,EQ,2004-06-29,253.15,250.25,255.0,250.25,255.0,254.8,253.87,"3,384","8,59,079.75",-,"3,019",89.21
TUBEINVEST,EQ,2004-06-30,254.8,251.0,255.9,250.0,253.25,254.25,250.29,"27,216","68,12,017.30",-,"26,731",98.22
TUBEINVEST,EQ,2004-07-01,254.25,259.9,264.0,251.1,259.5,260.45,257.99,"4,598","11,86,249.30",-,"3,359",73.05
TUBEINVEST,EQ,2004-07-02,260.45,260.5,269.0,256.75,258.5,260.7,261.74,"6,272","16,41,653.95",-,"3,231",51.51
TUBEINVEST,EQ,2004-07-05,260.7,303.0,303.0,260.0,261.8,261.0,263.13,"5,050","13,28,800.35",-,"3,775",74.75
TUBEINVEST,EQ,2004-07-06,261.0,264.85,268.0,261.0,262.5,264.85,263.67,"8,947","23,59,014.95",-,"7,664",85.66
TUBEINVEST,EQ,2004-07-07,264.85,269.0,271.6,261.1,261.15,261.7,265.03,"7,344","19,46,378.50",-,"6,342",86.36
TUBEINVEST,EQ,2004-07-08,261.7,263.5,266.0,259.45,259.45,259.9,262.21,"5,739","15,04,802.90",-,"5,043",87.87
TUBEINVEST,EQ,2004-07-09,259.9,252.05,266.0,252.0,264.0,262.45,261.85,"5,823","15,24,750.85",-,"5,041",86.57
TUBEINVEST,EQ,2004-07-12,262.45,260.45,282.0,260.45,274.3,274.85,274.6,"31,369","86,13,843.30",-,"25,507",81.31
TUBEINVEST,EQ,2004-07-13,274.85,269.0,269.0,260.0,260.0,261.7,262.82,"8,160","21,44,636.95",-,"6,018",73.75
TUBEINVEST,EQ,2004-07-14,261.7,265.0,265.9,260.1,260.1,260.8,261.13,"3,237","8,45,262.75",-,"2,227",68.8
TUBEINVEST,EQ,2004-07-15,260.8,263.95,264.7,255.1,260.0,259.8,259.75,"3,209","8,33,547.95",-,"2,520",78.53
TUBEINVEST,EQ,2004-07-16,259.8,262.0,262.0,259.0,260.5,260.65,260.48,"2,360","6,14,740.70",-,"1,781",75.47
TUBEINVEST,EQ,2004-07-19,260.65,263.1,264.0,256.0,257.9,257.35,260.46,"5,612","14,61,729.05",-,"4,982",88.77
TUBEINVEST,EQ,2004-07-20,257.35,260.1,261.95,255.1,256.0,256.1,257.77,"2,461","6,34,360.95",-,"2,143",87.08
TUBEINVEST,EQ,2004-07-21,256.1,258.9,261.0,258.7,260.0,259.95,260.06,"1,485","3,86,196.40",-,"1,423",95.82
TUBEINVEST,EQ,2004-07-22,259.95,264.7,264.9,260.0,260.0,261.5,262.26,"4,839","12,69,078.60",-,"3,567",73.71
TUBEINVEST,EQ,2004-07-23,261.5,252.25,262.0,252.25,259.4,260.25,259.99,"4,550","11,82,943.75",-,"4,106",90.24
TUBEINVEST,EQ,2004-07-26,260.25,263.5,264.0,260.5,262.55,262.75,262.39,"3,777","9,91,052.40",-,"3,172",83.98
TUBEINVEST,EQ,2004-07-27,262.75,263.1,265.4,263.0,264.0,264.6,263.97,"5,536","14,61,358.60",-,"4,320",78.03
TUBEINVEST,EQ,2004-07-28,264.6,267.0,267.0,261.0,265.0,264.9,263.97,"3,128","8,25,696.40",-,"2,301",73.56
TUBEINVEST,EQ,2004-07-29,264.9,267.5,271.35,263.0,267.0,266.4,265.88,"7,765","20,64,519.40",-,"5,752",74.08
TUBEINVEST,EQ,2004-07-30,266.4,271.35,275.0,265.0,272.9,272.15,269.47,"11,468","30,90,321.85",-,"7,076",61.7
TUBEINVEST,EQ,2004-08-02,272.15,272.0,285.9,272.0,278.0,280.05,280.46,"15,317","42,95,872.70",-,"8,190",53.47
TUBEINVEST,EQ,2004-08-03,280.05,287.0,287.0,278.0,278.75,278.75,281.56,"7,405","20,84,975.75",-,"5,748",77.62
TUBEINVEST,EQ,2004-08-04,278.75,275.0,281.0,273.0,273.0,274.3,276.56,"10,081","27,88,001.15",-,"9,125",90.52
TUBEINVEST,EQ,2004-08-05,274.3,276.1,278.7,273.0,275.0,274.1,275.09,"2,611","7,18,247.80",-,"2,298",88.01
TUBEINVEST,EQ,2004-08-06,274.1,272.7,276.0,272.0,274.2,273.4,273.73,"3,586","9,81,602.85",-,"3,480",97.04
TUBEINVEST,EQ,2004-08-09,273.4,275.05,275.05,270.0,270.0,271.3,272.1,"2,695","7,33,319.60",-,"2,211",82.04
TUBEINVEST,EQ,2004-08-10,271.3,271.0,275.0,271.0,272.5,273.0,273.92,"2,687","7,36,030.75",-,"2,133",79.38
TUBEINVEST,EQ,2004-08-11,273.0,275.5,284.5,275.05,276.75,276.35,278.96,"11,962","33,36,939.90",-,"8,256",69.02
TUBEINVEST,EQ,2004-08-12,276.35,281.0,288.6,276.0,278.25,279.6,280.72,"12,005","33,70,094.30",-,"6,751",56.23
TUBEINVEST,EQ,2004-08-13,279.6,282.0,283.0,271.0,273.5,274.05,276.84,"5,983","16,56,321.85",-,"3,980",66.52
TUBEINVEST,EQ,2004-08-16,274.05,270.0,274.0,264.5,268.0,267.3,267.36,"6,349","16,97,450.15",-,"4,618",72.74
TUBEINVEST,EQ,2004-08-17,267.3,272.0,281.0,269.05,277.1,279.25,274.79,"6,325","17,38,038.55",-,"4,047",63.98
TUBEINVEST,EQ,2004-08-18,279.25,281.0,284.5,272.1,272.1,274.05,279.38,"14,851","41,49,042.40",-,"12,453",83.85
TUBEINVEST,EQ,2004-08-19,274.05,278.75,279.0,270.0,274.0,272.2,274.27,"4,858","13,32,419.80",-,"3,837",78.98
TUBEINVEST,EQ,2004-08-20,272.2,274.5,275.0,270.6,271.0,272.05,273.14,"3,007","8,21,323.25",-,"2,118",70.44
TUBEINVEST,EQ,2004-08-23,272.05,275.0,280.0,273.0,276.5,278.8,277.0,"3,525","9,76,423.95",-,"3,014",85.5
TUBEINVEST,EQ,2004-08-24,278.8,279.8,280.0,277.9,279.8,279.15,278.37,"6,152","17,12,530.50",-,"5,774",93.86
TUBEINVEST,EQ,2004-08-25,279.15,286.0,286.0,273.1,280.5,279.95,279.43,"5,748","16,06,166.45",-,"5,437",94.59
TUBEINVEST,EQ,2004-08-26,279.95,277.0,290.0,277.0,288.0,289.0,284.37,"16,291","46,32,626.90",-,"14,544",89.28
TUBEINVEST,EQ,2004-08-27,289.0,282.0,290.9,281.05,285.0,285.35,287.14,"6,453","18,52,897.50",-,"5,052",78.29
TUBEINVEST,EQ,2004-08-30,285.35,286.0,290.0,280.1,282.0,281.5,282.96,"15,250","43,15,165.75",-,"12,355",81.02
TUBEINVEST,EQ,2004-08-31,281.5,144.8,144.8,136.5,143.95,143.5,140.29,"12,839","18,01,198.20",-,"7,587",59.09
TUBEINVEST,EQ,2004-09-01,143.5,143.5,150.0,141.0,142.4,142.4,144.06,"23,410","33,72,542.30",-,"14,082",60.15
TUBEINVEST,EQ,2004-09-02,142.4,142.0,144.0,137.4,141.5,138.65,140.65,"10,884","15,30,809.25",-,"8,244",75.74
TUBEINVEST,EQ,2004-09-03,138.65,140.0,142.0,137.1,140.35,141.65,140.16,"3,248","4,55,238.65",-,"2,052",63.18
TUBEINVEST,EQ,2004-09-06,141.65,142.5,142.6,139.0,139.85,139.5,140.84,"3,806","5,36,026.15",-,"3,360",88.28
TUBEINVEST,EQ,2004-09-07,139.5,139.0,141.0,139.0,139.5,139.95,139.98,"8,772","12,27,911.85",-,"8,555",97.53
TUBEINVEST,EQ,2004-09-08,139.95,140.0,140.85,138.0,139.0,138.9,139.15,"9,803","13,64,118.95",-,"9,003",91.84
TUBEINVEST,EQ,2004-09-09,138.9,139.75,140.0,137.85,138.0,139.0,139.71,"15,688","21,91,826.20",-,"14,594",93.03
TUBEINVEST,EQ,2004-09-10,139.0,137.1,166.8,137.0,161.1,166.05,157.92,"93,248","1,47,25,424.70",-,"55,116",59.11
TUBEINVEST,EQ,2004-09-13,166.05,166.0,168.3,158.1,164.05,162.05,161.76,"66,211","1,07,10,614.90",-,"33,486",50.57
TUBEINVEST,EQ,2004-09-14,162.05,157.35,179.5,157.35,162.5,163.45,167.95,"1,40,170","2,35,41,461.90",-,"66,032",47.11
TUBEINVEST,EQ,2004-09-15,163.45,169.0,169.0,157.9,157.9,158.85,162.16,"27,798","45,07,845.40",-,"14,239",51.22
TUBEINVEST,EQ,2004-09-16,158.85,160.45,164.0,160.05,161.1,161.3,161.87,"14,794","23,94,752.60",-,"7,993",54.03
TUBEINVEST,EQ,2004-09-17,161.3,162.95,162.95,157.5,158.0,157.85,160.31,"7,438","11,92,414.50",-,"5,221",70.19
TUBEINVEST,EQ,2004-09-20,157.85,160.0,160.0,156.5,157.0,157.95,158.14,"8,413","13,30,421.05",-,"6,290",74.77
TUBEINVEST,EQ,2004-09-21,157.95,156.5,165.0,155.2,162.0,162.75,160.06,"11,762","18,82,649.30",-,"8,712",74.07
TUBEINVEST,EQ,2004-09-22,162.75,162.0,165.9,160.15,161.25,162.65,163.6,"6,660","10,89,547.50",-,"4,525",67.94
TUBEINVEST,EQ,2004-09-23,162.65,161.25,164.0,159.0,160.1,160.25,161.81,"23,868","38,61,966.15",-,"18,453",77.31
TUBEINVEST,EQ,2004-09-24,160.25,159.0,164.0,159.0,160.0,161.95,161.03,"5,573","8,97,417.65",-,"4,185",75.09
TUBEINVEST,EQ,2004-09-27,161.95,162.0,165.0,161.0,163.0,162.8,162.95,"39,570","64,47,817.30",-,"31,211",78.88
TUBEINVEST,EQ,2004-09-28,162.8,163.0,163.0,160.0,160.0,160.1,160.73,"7,629","12,26,217.30",-,"6,250",81.92
TUBEINVEST,EQ,2004-09-29,160.1,160.05,163.0,160.0,161.0,161.05,160.89,"3,983","6,40,836.60",-,"3,152",79.14
TUBEINVEST,EQ,2004-09-30,161.05,153.0,163.0,153.0,161.0,161.0,162.39,"33,625","54,60,330.25",-,"32,554",96.81
TUBEINVEST,EQ,2004-10-01,161.0,158.0,172.9,158.0,161.0,161.85,163.41,"16,229","26,52,033.35",-,"11,377",70.1
TUBEINVEST,EQ,2004-10-04,161.85,163.9,166.4,158.0,158.0,159.05,161.72,"10,984","17,76,371.10",-,"8,788",80.01
TUBEINVEST,EQ,2004-10-05,159.05,159.0,166.75,158.1,162.6,162.75,161.21,"35,409","57,08,430.40",-,"26,705",75.42
TUBEINVEST,EQ,2004-10-06,162.75,164.0,166.0,161.6,163.5,164.15,164.17,"27,550","45,22,875.35",-,"19,349",70.23
TUBEINVEST,EQ,2004-10-07,164.15,165.8,166.5,163.55,165.05,165.15,165.31,"12,874","21,28,238.30",-,"10,475",81.37
TUBEINVEST,EQ,2004-10-08,165.15,165.0,166.0,155.25,155.25,156.45,158.21,"82,789","1,30,98,302.70",-,"46,492",56.16
TUBEINVEST,EQ,2004-10-09,156.45,158.0,161.5,158.0,161.25,160.8,160.12,"14,363","22,99,738.40",-,"12,284",85.53
TUBEINVEST,EQ,2004-10-11,160.8,160.0,167.0,160.0,161.5,162.65,164.94,"42,800","70,59,433.10",-,"29,474",68.86
TUBEINVEST,EQ,2004-10-12,162.65,162.0,163.0,157.9,158.85,158.75,159.62,"17,084","27,26,893.30",-,"15,220",89.09
TUBEINVEST,EQ,2004-10-14,158.75,157.0,163.0,157.0,159.9,159.95,159.21,"11,408","18,16,216.35",-,"9,830",86.17
TUBEINVEST,EQ,2004-10-15,159.95,159.9,162.0,159.1,160.0,160.05,160.42,"7,518","12,06,040.30",-,"5,659",75.27
TUBEINVEST,EQ,2004-10-18,160.05,160.9,163.0,157.0,157.05,157.95,158.69,"7,748","12,29,543.55",-,"5,176",66.8
TUBEINVEST,EQ,2004-10-19,157.95,158.0,159.25,157.0,157.0,158.55,158.37,"3,690","5,84,400.55",-,"2,917",79.05
TUBEINVEST,EQ,2004-10-20,158.55,157.5,161.5,155.1,156.0,156.75,158.99,"4,108","6,53,116.70",-,"3,128",76.14
TUBEINVEST,EQ,2004-10-21,156.75,158.25,160.75,158.25,158.7,159.15,159.88,"8,488","13,57,088.60",-,"7,640",90.01
TUBEINVEST,EQ,2004-10-25,159.15,158.7,158.7,155.0,156.0,156.9,156.87,"5,930","9,30,248.85",-,"5,081",85.68
TUBEINVEST,EQ,2004-10-26,156.9,157.0,157.0,153.15,154.25,154.3,155.01,"11,173","17,31,933.30",-,"8,004",71.64
TUBEINVEST,EQ,2004-10-27,154.3,154.0,159.9,154.0,159.0,159.0,157.63,"4,061","6,40,117.75",-,"3,695",90.99
TUBEINVEST,EQ,2004-10-28,159.0,158.1,167.6,157.2,166.0,166.1,164.44,"1,17,155","1,92,65,082.40",-,"1,05,620",90.15
TUBEINVEST,EQ,2004-10-29,166.1,167.1,180.0,163.5,174.75,173.75,173.12,"84,757","1,46,73,033.85",-,"52,231",61.62
TUBEINVEST,EQ,2004-11-01,173.75,167.8,188.0,165.0,183.95,185.4,179.65,"2,02,491","3,63,78,267.55",-,"1,28,302",63.36
TUBEINVEST,EQ,2004-11-02,185.4,188.0,188.0,177.0,179.25,179.0,181.48,"1,95,496","3,54,79,397.85",-,"1,72,357",88.16
TUBEINVEST,EQ,2004-11-03,179.0,177.0,186.2,176.5,186.0,183.55,181.59,"3,75,135","6,81,19,079.25",-,"2,02,258",53.92
TUBEINVEST,EQ,2004-11-04,183.55,185.0,201.1,182.15,199.0,197.6,194.34,"2,54,408","4,94,42,472.60",-,"1,28,166",50.38
TUBEINVEST,EQ,2004-11-05,197.6,180.0,205.0,180.0,194.2,193.95,199.23,"1,71,446","3,41,56,517.70",-,"98,374",57.38
TUBEINVEST,EQ,2004-11-08,193.95,194.05,212.45,194.05,204.0,203.75,206.95,"1,73,877","3,59,84,675.10",-,"77,383",44.5
TUBEINVEST,EQ,2004-11-09,203.75,206.0,210.0,202.5,206.0,207.25,205.46,"62,360","1,28,12,650.45",-,"42,757",68.56
TUBEINVEST,EQ,2004-11-10,207.25,212.0,225.15,206.0,215.0,215.75,217.89,"1,89,344","4,12,55,900.95",-,"92,251",48.72
TUBEINVEST,EQ,2004-11-11,215.75,216.8,225.0,215.0,224.15,222.8,220.08,"74,360","1,63,65,365.80",-,"49,358",66.38
TUBEINVEST,EQ,2004-11-12,222.8,224.5,226.0,217.15,218.45,219.7,221.24,"15,030","33,25,207.35",-,"10,038",66.79
TUBEINVEST,EQ,2004-11-16,219.7,201.2,225.9,201.2,210.9,210.3,211.76,"38,008","80,48,675.95",-,"28,393",74.7
TUBEINVEST,EQ,2004-11-17,210.3,213.8,215.0,206.5,209.0,209.5,209.57,"55,518","1,16,34,845.85",-,"40,579",73.09
TUBEINVEST,EQ,2004-11-18,209.5,212.0,212.9,205.0,209.0,209.6,208.17,"30,388","63,25,957.05",-,"22,329",73.48
TUBEINVEST,EQ,2004-11-19,209.6,212.0,230.6,212.0,223.8,222.65,226.26,"1,89,734","4,29,28,734.55",-,"95,413",50.29
TUBEINVEST,EQ,2004-11-22,222.65,213.5,237.0,212.2,236.0,229.65,226.25,"1,70,220","3,85,12,676.70",-,"52,061",30.58
TUBEINVEST,EQ,2004-11-23,229.65,231.0,236.5,222.25,225.0,226.15,231.06,"55,243","1,27,64,193.75",-,"32,550",58.92
TUBEINVEST,EQ,2004-11-24,226.15,229.8,239.8,228.0,231.0,231.2,231.14,"6,73,783","15,57,38,497.50",-,"5,04,813",74.92
TUBEINVEST,EQ,2004-11-25,231.2,234.85,238.3,221.1,225.15,224.9,232.04,"70,110","1,62,68,127.75",-,"46,479",66.29
TUBEINVEST,EQ,2004-11-29,224.9,221.0,230.0,220.05,221.0,222.25,224.7,"22,524","50,61,080.35",-,"18,495",82.11
TUBEINVEST,EQ,2004-11-30,222.25,216.0,224.7,214.0,217.75,217.9,217.75,"54,576","1,18,83,725.20",-,"42,817",78.45
TUBEINVEST,EQ,2004-12-01,217.9,215.0,217.25,211.0,212.5,213.35,213.59,"51,580","1,10,16,857.85",-,"37,152",72.03
TUBEINVEST,EQ,2004-12-02,213.35,218.0,218.0,212.15,215.0,214.15,214.72,"22,058","47,36,317.85",-,"15,902",72.09
TUBEINVEST,EQ,2004-12-03,214.15,212.5,216.0,208.05,213.5,211.4,212.89,"16,159","34,40,087.30",-,"11,788",72.95
TUBEINVEST,EQ,2004-12-06,211.4,213.5,215.7,210.15,212.0,211.4,212.1,"14,596","30,95,859.40",-,"12,785",87.59
TUBEINVEST,EQ,2004-12-07,211.4,212.0,222.8,210.0,211.0,211.45,213.58,"38,806","82,88,272.70",-,"27,176",70.03
TUBEINVEST,EQ,2004-12-08,211.45,215.0,218.0,214.0,216.0,215.75,215.5,"19,912","42,91,040.25",-,"17,508",87.93
TUBEINVEST,EQ,2004-12-09,215.75,216.6,229.0,216.0,225.0,224.85,224.24,"62,925","1,41,10,537.75",-,"28,797",45.76
TUBEINVEST,EQ,2004-12-10,224.85,228.0,231.45,221.25,223.0,223.75,228.6,"29,490","67,41,335.85",-,"18,475",62.65
TUBEINVEST,EQ,2004-12-13,223.75,230.0,235.0,222.05,235.0,232.65,230.62,"35,655","82,22,633.35",-,"31,543",88.47
TUBEINVEST,EQ,2004-12-14,232.65,228.0,238.0,211.0,234.0,233.5,233.2,"55,621","1,29,70,684.35",-,"45,927",82.57
TUBEINVEST,EQ,2004-12-15,233.5,233.5,247.5,232.55,245.85,244.5,241.49,"83,567","2,01,80,716.85",-,"64,687",77.41
TUBEINVEST,EQ,2004-12-16,244.5,249.0,249.0,237.0,247.5,244.8,243.22,"41,238","1,00,29,819.35",-,"30,862",74.84
TUBEINVEST,EQ,2004-12-17,244.8,243.1,250.0,240.0,241.0,241.95,248.96,"1,77,468","4,41,82,967.35",-,"1,67,253",94.24
TUBEINVEST,EQ,2004-12-20,241.95,242.05,250.0,236.15,248.0,247.4,248.92,"1,92,057","4,78,07,141.60",-,"1,76,847",92.08
TUBEINVEST,EQ,2004-12-21,247.4,247.95,253.95,247.95,252.0,252.05,252.07,"1,77,263","4,46,82,466.75",-,"1,70,113",95.97
TUBEINVEST,EQ,2004-12-22,252.05,254.5,258.9,246.1,248.0,249.85,252.15,"37,563","94,71,569.95",-,"27,548",73.34
TUBEINVEST,EQ,2004-12-23,249.85,243.0,252.0,243.0,246.8,245.5,249.73,"1,09,602","2,73,71,316.50",-,"1,05,864",96.59
TUBEINVEST,EQ,2004-12-24,245.5,246.1,252.75,245.0,245.0,246.0,248.55,"19,663","48,87,264.35",-,"17,963",91.35
TUBEINVEST,EQ,2004-12-27,246.0,250.5,250.5,244.95,245.0,245.2,245.54,"7,479","18,36,369.55",-,"6,987",93.42
TUBEINVEST,EQ,2004-12-28,245.2,245.0,247.75,242.0,246.1,246.15,245.67,"4,834","11,87,562.65",-,"4,426",91.56
TUBEINVEST,EQ,2004-12-29,246.15,247.0,252.0,242.0,245.0,245.15,245.89,"13,806","33,94,736.30",-,"10,333",74.84
TUBEINVEST,EQ,2004-12-30,245.15,245.0,250.0,244.0,248.9,248.5,245.73,"25,252","62,05,208.50",-,"22,281",88.23
TUBEINVEST,EQ,2004-12-31,248.5,245.0,253.0,243.0,245.0,244.95,246.27,"27,948","68,82,692.85",-,"23,849",85.33
TUBEINVEST,EQ,2005-01-03,244.95,249.95,250.0,242.5,245.0,247.35,244.59,"17,914","43,81,545.30",-,"11,433",63.82
TUBEINVEST,EQ,2005-01-04,247.35,250.0,250.0,237.7,241.0,241.0,241.79,"38,090","92,09,790.45",-,"24,655",64.73
TUBEINVEST,EQ,2005-01-05,241.0,242.0,246.75,238.0,244.0,242.45,241.12,"26,214","63,20,629.00",-,"23,982",91.49
TUBEINVEST,EQ,2005-01-06,242.45,244.0,244.0,230.0,240.0,240.2,236.67,"15,267","36,13,226.30",-,"11,148",73.02
TUBEINVEST,EQ,2005-01-07,240.2,234.0,242.5,232.1,241.5,241.9,240.34,"8,214","19,74,151.00",-,"7,218",87.87
TUBEINVEST,EQ,2005-01-10,241.9,238.0,244.85,238.0,238.5,239.4,240.18,"12,337","29,63,088.65",-,"9,704",78.66
TUBEINVEST,EQ,2005-01-11,239.4,238.05,238.05,230.0,235.0,232.95,234.74,"16,862","39,58,148.75",-,"14,200",84.21
TUBEINVEST,EQ,2005-01-12,232.95,224.0,238.0,224.0,234.55,233.1,233.47,"12,886","30,08,467.45",-,"11,567",89.76
TUBEINVEST,EQ,2005-01-13,233.1,233.0,239.0,230.05,235.1,235.05,235.26,"11,069","26,04,104.00",-,"10,245",92.56
TUBEINVEST,EQ,2005-01-14,235.05,245.0,245.0,235.0,238.5,238.5,237.72,"5,549","13,19,088.00",-,"5,058",91.15
TUBEINVEST,EQ,2005-01-17,238.5,236.0,237.0,235.0,235.0,235.0,235.34,"5,666","13,33,428.25",-,"5,315",93.81
TUBEINVEST,EQ,2005-01-18,235.0,230.1,243.0,230.1,243.0,241.7,240.22,"23,940","57,50,792.40",-,"22,655",94.63
TUBEINVEST,EQ,2005-01-19,241.7,232.8,243.0,232.8,240.0,240.35,240.69,"10,480","25,22,395.50",-,"9,511",90.75
TUBEINVEST,EQ,2005-01-20,240.35,235.0,240.85,235.0,239.0,239.0,239.7,"4,665","11,18,211.55",-,"4,595",98.5
TUBEINVEST,EQ,2005-01-24,239.0,237.0,239.05,236.0,237.0,237.05,237.57,"12,032","28,58,384.35",-,"11,356",94.38
TUBEINVEST,EQ,2005-01-25,237.05,235.1,243.0,235.1,241.5,242.1,239.78,"6,064","14,54,055.50",-,"5,777",95.27
TUBEINVEST,EQ,2005-01-27,242.1,240.05,243.0,240.0,240.0,240.0,240.9,"4,445","10,70,788.65",-,"3,143",70.71
TUBEINVEST,EQ,2005-01-28,240.0,247.0,252.0,245.0,250.0,250.45,249.57,"23,427","58,46,577.35",-,"21,339",91.09
TUBEINVEST,EQ,2005-01-31,250.45,253.0,269.9,250.3,260.0,262.25,258.25,"35,489","91,65,166.95",-,"30,315",85.42
TUBEINVEST,EQ,2005-02-01,262.25,259.9,265.0,257.0,262.0,262.1,262.15,"16,339","42,83,254.90",-,"15,539",95.1
TUBEINVEST,EQ,2005-02-02,262.1,270.0,270.0,260.0,261.05,260.4,261.27,"6,278","16,40,223.80",-,"5,593",89.09
TUBEINVEST,EQ,2005-02-03,260.4,264.75,268.0,260.0,266.0,266.8,264.35,"5,816","15,37,473.75",-,"4,299",73.92
TUBEINVEST,EQ,2005-02-04,266.8,267.8,270.0,265.0,266.9,266.2,266.85,"7,396","19,73,592.10",-,"6,519",88.14
TUBEINVEST,EQ,2005-02-07,266.2,270.0,270.95,267.15,270.0,270.05,269.53,"4,949","13,33,917.45",-,"3,933",79.47
TUBEINVEST,EQ,2005-02-08,270.05,270.9,278.8,270.0,275.05,276.25,274.79,"14,635","40,21,539.70",-,"11,506",78.62
TUBEINVEST,EQ,2005-02-09,276.25,275.0,286.0,275.0,286.0,283.45,282.42,"22,199","62,69,518.40",-,"21,396",96.38
TUBEINVEST,EQ,2005-02-10,283.45,288.4,292.0,281.5,286.0,286.7,287.21,"23,217","66,68,066.85",-,"10,846",46.72
TUBEINVEST,EQ,2005-02-11,286.7,287.0,299.0,287.0,298.0,297.4,293.5,"18,330","53,79,864.95",-,"16,935",92.39
TUBEINVEST,EQ,2005-02-14,297.4,299.8,302.0,297.5,300.0,299.95,299.58,"21,087","63,17,276.80",-,"18,864",89.46
TUBEINVEST,EQ,2005-02-15,299.95,295.0,302.0,294.0,302.0,300.15,298.64,"22,110","66,03,036.40",-,"21,370",96.65
TUBEINVEST,EQ,2005-02-16,300.15,298.05,302.0,298.0,302.0,301.15,299.53,"19,309","57,83,693.90",-,"18,712",96.91
TUBEINVEST,EQ,2005-02-17,301.15,300.0,305.0,299.0,300.5,300.15,300.36,"9,889","29,70,305.35",-,"9,461",95.67
TUBEINVEST,EQ,2005-02-18,300.15,300.0,302.0,300.0,302.0,300.65,300.75,"4,054","12,19,232.50",-,"3,864",95.31
TUBEINVEST,EQ,2005-02-21,300.65,302.15,315.0,300.1,313.4,311.85,307.31,"13,276","40,79,781.35",-,"9,834",74.07
TUBEINVEST,EQ,2005-02-22,311.85,310.0,311.5,302.0,303.0,302.9,308.55,"5,453","16,82,540.55",-,"4,709",86.36
TUBEINVEST,EQ,2005-02-23,302.9,305.05,308.9,300.0,303.0,303.9,302.51,"4,889","14,78,967.85",-,"3,701",75.7
TUBEINVEST,EQ,2005-02-24,303.9,304.0,307.5,297.0,303.0,301.3,302.5,"4,694","14,19,942.10",-,"4,013",85.49
TUBEINVEST,EQ,2005-02-25,301.3,293.0,302.9,287.0,290.0,291.35,297.09,"5,693","16,91,352.80",-,"4,695",82.47
TUBEINVEST,EQ,2005-02-28,291.35,290.0,295.0,271.0,275.6,276.7,282.36,"5,997","16,93,334.95",-,"5,566",92.81
TUBEINVEST,EQ,2005-03-01,276.7,282.35,294.8,276.0,292.4,291.55,289.05,"2,557","7,39,089.90",-,"2,188",85.57
TUBEINVEST,EQ,2005-03-02,291.55,275.05,304.45,275.05,300.0,300.2,298.79,"5,244","15,66,862.80",-,"4,733",90.26
TUBEINVEST,EQ,2005-03-03,300.2,305.0,306.0,300.0,304.5,301.65,302.35,"10,867","32,85,638.30",-,"10,467",96.32
TUBEINVEST,EQ,2005-03-04,301.65,295.0,310.1,295.0,306.0,306.1,307.79,"14,712","45,28,217.25",-,"13,913",94.57
TUBEINVEST,EQ,2005-03-07,306.1,309.0,309.0,303.0,303.0,305.6,305.34,"6,990","21,34,311.90",-,"6,250",89.41
TUBEINVEST,EQ,2005-03-08,305.6,305.0,308.0,304.0,306.0,305.8,306.27,"8,017","24,55,362.75",-,"7,534",93.98
TUBEINVEST,EQ,2005-03-09,305.8,305.0,307.5,304.1,305.85,305.35,305.07,"10,449","31,87,640.95",-,"10,254",98.13
TUBEINVEST,EQ,2005-03-10,305.35,305.0,313.0,305.0,310.05,311.6,309.21,"8,393","25,95,187.25",-,"8,342",99.39
TUBEINVEST,EQ,2005-03-11,311.6,310.0,313.35,309.0,310.25,310.25,310.35,"4,193","13,01,290.45",-,"3,951",94.23
TUBEINVEST,EQ,2005-03-14,310.25,308.0,312.95,302.0,307.0,306.85,308.49,"3,732","11,51,297.05",-,"3,075",82.4
TUBEINVEST,EQ,2005-03-15,306.85,310.0,312.0,305.0,305.0,307.9,308.95,"2,940","9,08,322.50",-,"2,915",99.15
TUBEINVEST,EQ,2005-03-16,307.9,311.0,311.8,310.0,310.0,310.0,310.22,"3,884","12,04,912.20",-,"3,834",98.71
TUBEINVEST,EQ,2005-03-17,310.0,310.0,312.0,301.0,301.5,301.35,309.15,"3,842","11,87,743.75",-,"3,491",90.86
TUBEINVEST,EQ,2005-03-18,301.35,302.0,311.5,300.0,310.0,310.45,309.48,"7,901","24,45,213.60",-,"7,375",93.34
TUBEINVEST,EQ,2005-03-21,310.45,301.1,306.75,296.2,301.8,300.35,302.3,"2,430","7,34,600.40",-,"2,176",89.55
TUBEINVEST,EQ,2005-03-22,300.35,301.0,302.0,295.0,298.0,298.0,300.45,"4,882","14,66,773.90",-,"4,506",92.3
TUBEINVEST,EQ,2005-03-23,298.0,298.0,300.0,295.0,295.0,295.25,295.72,"4,431","13,10,349.50",-,"4,243",95.76
TUBEINVEST,EQ,2005-03-24,295.25,290.0,293.0,290.0,290.0,290.6,290.83,"2,548","7,41,024.40",-,"2,203",86.46
TUBEINVEST,EQ,2005-03-28,290.6,292.0,293.5,290.0,291.0,291.9,290.58,"4,220","12,26,228.40",-,"4,084",96.78
TUBEINVEST,EQ,2005-03-29,291.9,287.0,294.0,285.0,287.0,287.6,288.7,"4,008","11,57,100.05",-,"3,728",93.01
TUBEINVEST,EQ,2005-03-30,287.6,285.1,289.5,285.0,288.0,288.0,286.83,957,"2,74,494.00",-,857,89.55
TUBEINVEST,EQ,2005-03-31,288.0,289.0,298.0,289.0,290.0,291.9,292.02,"3,130","9,14,017.35",-,657,20.99
TUBEINVEST,EQ,2005-04-01,291.9,291.0,295.0,286.0,290.0,291.15,289.42,"3,980","11,51,907.05",-,"3,565",89.57
TUBEINVEST,EQ,2005-04-04,291.15,290.5,303.0,290.0,300.0,299.8,296.13,"3,710","10,98,632.40",-,"3,314",89.33
TUBEINVEST,EQ,2005-04-05,299.8,300.0,304.5,300.0,300.0,300.0,300.19,"5,032","15,10,576.10",-,"4,672",92.85
TUBEINVEST,EQ,2005-04-06,300.0,300.0,302.0,296.05,302.0,302.0,300.11,"12,535","37,61,892.00",-,"12,404",98.95
TUBEINVEST,EQ,2005-04-07,302.0,302.0,304.8,298.5,300.0,300.2,300.32,"3,524","10,58,327.90",-,"3,319",94.18
TUBEINVEST,EQ,2005-04-08,300.2,298.0,305.0,296.1,305.0,303.05,300.8,"7,256","21,82,602.35",-,"3,489",48.08
TUBEINVEST,EQ,2005-04-11,303.05,305.0,305.0,291.2,300.0,297.8,296.66,"3,291","9,76,312.55",-,"1,059",32.18
TUBEINVEST,EQ,2005-04-12,297.8,295.0,298.0,292.1,293.8,295.9,295.42,"1,897","5,60,403.50",-,"1,511",79.65
TUBEINVEST,EQ,2005-04-13,295.9,295.0,300.1,295.0,300.0,300.0,299.71,"6,074","18,20,447.50",-,"5,773",95.04
TUBEINVEST,EQ,2005-04-15,300.0,300.0,300.0,280.1,280.1,286.0,289.33,"9,544","27,61,323.30",-,"9,260",97.02
TUBEINVEST,EQ,2005-04-18,286.0,280.1,287.9,270.1,280.0,280.0,283.44,"5,072","14,37,608.85",-,"4,907",96.75
TUBEINVEST,EQ,2005-04-19,280.0,282.45,288.0,273.25,279.9,280.0,284.33,"6,221","17,68,787.25",-,"5,914",95.07
TUBEINVEST,EQ,2005-04-20,280.0,279.95,280.0,273.0,280.0,279.6,278.61,"15,991","44,55,317.70",-,"15,284",95.58
TUBEINVEST,EQ,2005-04-21,279.6,279.35,284.7,279.35,284.7,284.0,283.13,"1,538","4,35,450.35",-,"1,391",90.44
TUBEINVEST,EQ,2005-04-22,284.0,290.0,300.0,286.5,286.5,287.25,291.09,"3,337","9,71,363.55",-,"2,213",66.32
TUBEINVEST,EQ,2005-04-25,287.25,287.0,293.95,278.0,278.0,279.2,282.59,"1,727","4,88,038.35",-,"1,334",77.24
TUBEINVEST,EQ,2005-04-26,279.2,288.9,289.0,276.0,276.0,276.55,279.71,"4,155","11,62,192.30",-,"3,616",87.03
TUBEINVEST,EQ,2005-04-27,276.55,280.95,281.0,275.05,280.0,279.65,278.5,628,"1,74,898.25",-,375,59.71
TUBEINVEST,EQ,2005-04-28,279.65,285.0,285.0,275.0,275.0,275.85,278.63,876,"2,44,078.35",-,620,70.78
TUBEINVEST,EQ,2005-04-29,275.85,280.0,285.0,265.2,274.0,270.95,278.16,"3,876","10,78,132.65",-,"3,273",84.44
TUBEINVEST,EQ,2005-05-02,270.95,296.0,296.0,262.0,265.0,265.85,273.61,"2,086","5,70,757.50",-,"1,162",55.7
TUBEINVEST,EQ,2005-05-03,265.85,268.25,270.0,265.0,265.5,265.65,266.33,"1,312","3,49,422.80",-,910,69.36
TUBEINVEST,EQ,2005-05-04,265.65,241.7,278.0,241.7,274.0,273.1,270.84,"13,694","37,08,876.10",-,"9,116",66.57
TUBEINVEST,EQ,2005-05-05,273.1,274.0,281.0,273.5,274.6,274.75,279.32,"7,552","21,09,404.25",-,"6,997",92.65
TUBEINVEST,EQ,2005-05-06,274.75,278.35,280.0,274.0,276.25,277.3,275.96,"7,972","21,99,976.15",-,"5,170",64.85
TUBEINVEST,EQ,2005-05-09,277.3,290.0,293.85,280.3,287.65,288.2,289.1,"1,89,301","5,47,26,363.45",-,"1,77,938",94.0
TUBEINVEST,EQ,2005-05-10,288.2,290.0,291.2,286.0,290.0,288.05,288.41,"74,183","2,13,95,427.15",-,"68,182",91.91
TUBEINVEST,EQ,2005-05-11,288.05,288.2,290.9,282.0,288.0,288.05,288.49,"46,762","1,34,90,207.60",-,"45,710",97.75
TUBEINVEST,EQ,2005-05-12,288.05,288.0,290.5,286.0,289.0,288.55,288.85,"59,175","1,70,92,838.35",-,"56,793",95.97
TUBEINVEST,EQ,2005-05-13,288.55,288.5,317.0,288.5,305.5,306.45,293.89,"30,781","90,46,127.20",-,"25,606",83.19
TUBEINVEST,EQ,2005-05-16,306.45,303.2,311.9,299.0,300.0,300.45,303.49,"14,829","45,00,522.45",-,"13,241",89.29
TUBEINVEST,EQ,2005-05-17,300.45,305.0,305.0,296.0,300.0,298.25,299.11,"4,808","14,38,134.25",-,"4,304",89.52
TUBEINVEST,EQ,2005-05-18,298.25,292.0,302.0,292.0,301.5,300.7,299.35,"1,879","5,62,484.60",-,"1,701",90.53
TUBEINVEST,EQ,2005-05-19,300.7,294.0,309.0,294.0,305.0,304.35,302.32,"11,121","33,62,117.55",-,"10,011",90.02
TUBEINVEST,EQ,2005-05-20,304.35,300.0,305.0,299.0,299.0,299.85,303.07,"20,700","62,73,590.75",-,"20,633",99.68
TUBEINVEST,EQ,2005-05-23,299.85,300.0,305.0,295.5,299.0,296.85,300.61,"3,606","10,83,984.00",-,"3,423",94.93
TUBEINVEST,EQ,2005-05-24,296.85,297.05,303.0,295.0,300.0,300.95,299.09,"23,035","68,89,604.30",-,"22,734",98.69
TUBEINVEST,EQ,2005-05-25,300.95,300.0,302.0,298.25,298.5,299.95,300.01,"46,803","1,40,41,387.95",-,"46,602",99.57
TUBEINVEST,EQ,2005-05-26,299.95,300.0,305.5,295.35,305.5,303.3,298.3,"28,110","83,85,206.20",-,"27,477",97.75
TUBEINVEST,EQ,2005-05-27,303.3,304.5,307.0,302.5,307.0,306.25,303.96,"17,297","52,57,510.00",-,"16,492",95.35
TUBEINVEST,EQ,2005-05-30,306.25,300.25,309.0,300.0,304.35,305.6,303.02,"11,818","35,81,124.35",-,"11,326",95.84
TUBEINVEST,EQ,2005-05-31,305.6,305.0,318.75,305.0,318.75,311.45,309.54,"11,093","34,33,782.30",-,"10,075",90.82
TUBEINVEST,EQ,2005-06-01,311.45,314.0,328.0,312.0,319.0,320.15,321.24,"30,540","98,10,585.50",-,"22,274",72.93
TUBEINVEST,EQ,2005-06-02,320.15,329.0,329.0,314.5,316.0,316.2,319.26,"4,356","13,90,698.25",-,"3,675",84.37
TUBEINVEST,EQ,2005-06-03,316.2,323.65,323.65,315.0,315.15,315.95,317.41,"2,613","8,29,396.05",-,"2,292",87.72
TUBEINVEST,EQ,2005-06-04,315.95,325.0,325.0,316.0,321.1,319.85,319.43,"2,577","8,23,175.05",-,"1,740",67.52
TUBEINVEST,EQ,2005-06-06,319.85,330.0,330.0,316.0,317.0,317.85,319.64,"2,885","9,22,163.75",-,"1,812",62.81
TUBEINVEST,EQ,2005-06-07,317.85,332.0,343.0,325.0,330.0,329.5,334.54,"53,121","1,77,71,077.35",-,"42,422",79.86
TUBEINVEST,EQ,2005-06-08,329.5,343.0,349.9,333.5,333.65,336.8,339.63,"73,474","2,49,54,138.00",-,"64,083",87.22
TUBEINVEST,EQ,2005-06-09,336.8,340.0,344.0,333.0,335.0,335.8,337.44,"24,126","81,41,165.35",-,"18,843",78.1
TUBEINVEST,EQ,2005-06-10,335.8,345.0,359.9,330.0,333.7,331.35,334.67,"23,069","77,20,616.90",-,"15,515",67.25
TUBEINVEST,EQ,2005-06-13,331.35,344.9,344.9,328.1,333.0,330.65,332.53,"11,418","37,96,772.95",-,"8,660",75.85
TUBEINVEST,EQ,2005-06-14,330.65,333.0,337.75,330.1,330.1,330.6,332.45,"27,435","91,20,846.95",-,"21,234",77.4
TUBEINVEST,EQ,2005-06-15,330.6,335.0,335.0,327.05,329.75,329.25,329.84,"17,662","58,25,555.55",-,"13,516",76.53
TUBEINVEST,EQ,2005-06-16,329.25,334.0,349.6,334.0,337.0,337.55,341.04,"66,330","2,26,20,884.40",-,"47,086",70.99
TUBEINVEST,EQ,2005-06-17,337.55,345.0,359.4,328.0,334.0,334.05,341.14,"68,936","2,35,16,739.15",-,"34,250",49.68
TUBEINVEST,EQ,2005-06-20,334.05,346.0,349.0,328.0,329.0,329.4,332.17,"24,734","82,15,830.65",-,"15,249",61.65
TUBEINVEST,EQ,2005-06-21,329.4,348.0,348.0,325.0,331.0,330.9,330.45,"11,209","37,04,010.40",-,"7,686",68.57
TUBEINVEST,EQ,2005-06-22,330.9,340.95,342.0,327.0,328.0,329.15,331.06,"15,71,663","52,03,11,071.25",-,"15,43,863",98.23
TUBEINVEST,EQ,2005-06-23,329.15,332.5,336.75,325.35,330.0,329.75,331.48,"27,784","92,09,808.30",-,"19,096",68.73
TUBEINVEST,EQ,2005-06-24,329.75,332.95,332.95,325.55,328.5,327.5,328.53,"40,688","1,33,67,425.90",-,"38,597",94.86
TUBEINVEST,EQ,2005-06-27,327.5,332.95,334.95,328.0,328.0,330.1,330.41,"27,497","90,85,173.00",-,"20,804",75.66
TUBEINVEST,EQ,2005-06-28,330.1,330.1,333.35,328.1,328.15,329.55,329.88,"9,855","32,50,991.10",-,"8,680",88.08
TUBEINVEST,EQ,2005-06-29,329.55,329.55,330.95,326.15,327.0,327.45,327.69,"12,723","41,69,150.45",-,"10,462",82.23
TUBEINVEST,EQ,2005-06-30,327.45,328.0,329.0,316.0,321.0,320.8,326.05,"18,023","58,76,474.40",-,"15,053",83.52
TUBEINVEST,EQ,2005-07-01,320.8,328.9,328.9,317.5,322.75,322.7,323.46,"9,048","29,26,683.65",-,"6,747",74.57
TUBEINVEST,EQ,2005-07-04,322.7,327.9,327.9,318.0,321.0,318.9,320.76,"7,785","24,97,117.00",-,"6,021",77.34
TUBEINVEST,EQ,2005-07-05,318.9,321.5,323.7,318.1,321.0,319.35,319.97,"6,642","21,25,214.45",-,"4,534",68.26
TUBEINVEST,EQ,2005-07-06,319.35,325.9,325.9,316.0,316.0,316.8,319.3,"19,882","63,48,327.40",-,"15,073",75.81
TUBEINVEST,EQ,2005-07-07,316.8,319.0,322.0,307.0,310.0,309.05,314.08,"39,444","1,23,88,596.35",-,"37,352",94.7
TUBEINVEST,EQ,2005-07-08,309.05,318.9,324.75,312.05,321.0,321.2,319.8,"26,603","85,07,587.75",-,"22,860",85.93
TUBEINVEST,EQ,2005-07-11,321.2,330.0,338.0,323.1,332.0,331.5,334.95,"76,932","2,57,68,116.65",-,"70,187",91.23
TUBEINVEST,EQ,2005-07-12,331.5,338.5,338.5,320.0,328.0,326.65,328.75,"16,778","55,15,808.30",-,"13,327",79.43
TUBEINVEST,EQ,2005-07-13,326.65,327.0,327.5,317.3,326.9,324.3,322.77,"6,521","21,04,756.40",-,"4,291",65.8
TUBEINVEST,EQ,2005-07-14,324.3,328.9,334.0,323.0,334.0,329.2,327.74,"5,162","16,91,795.40",-,"3,944",76.4
TUBEINVEST,EQ,2005-07-15,329.2,329.2,340.0,325.25,339.25,338.8,334.83,"14,314","47,92,825.80",-,"12,159",84.94
TUBEINVEST,EQ,2005-07-18,338.8,335.2,350.0,335.2,349.9,348.95,345.32,"26,905","92,90,928.20",-,"21,674",80.56
TUBEINVEST,EQ,2005-07-19,348.95,351.0,352.0,345.25,350.0,349.6,349.4,"15,785","55,15,209.85",-,"13,624",86.31
TUBEINVEST,EQ,2005-07-20,349.6,348.85,353.0,341.0,342.0,343.5,348.86,"13,043","45,50,165.75",-,"10,720",82.19
TUBEINVEST,EQ,2005-07-21,343.5,350.0,350.0,342.0,345.0,344.95,345.85,"47,615","1,64,67,877.60",-,"46,130",96.88
TUBEINVEST,EQ,2005-07-22,344.95,345.0,350.5,344.15,350.0,349.7,348.88,"12,996","45,34,056.70",-,"11,555",88.91
TUBEINVEST,EQ,2005-07-25,349.7,346.0,351.95,345.0,350.0,350.05,349.8,"25,897","90,58,727.00",-,"24,667",95.25
TUBEINVEST,EQ,2005-07-26,350.05,349.0,353.0,349.0,352.0,351.05,349.98,"13,077","45,76,735.10",-,"11,705",89.51
TUBEINVEST,EQ,2005-07-27,351.05,350.0,350.0,343.2,346.0,345.55,346.26,"3,005","10,40,496.30",-,"2,237",74.44
TUBEINVEST,EQ,2005-07-29,345.55,346.0,349.0,346.0,346.3,346.45,346.98,"9,366","32,49,787.85",-,"8,993",96.02
TUBEINVEST,EQ,2005-08-01,346.45,350.0,355.0,343.0,355.0,351.35,348.81,"12,057","42,05,571.35",-,"9,743",80.81
TUBEINVEST,EQ,2005-08-02,351.35,354.0,370.0,353.0,365.0,366.4,361.4,"22,544","81,47,421.75",-,"18,988",84.23
TUBEINVEST,EQ,2005-08-03,366.4,366.0,374.0,357.5,365.0,365.0,367.65,"45,534","1,67,40,669.35",-,"31,958",70.18
TUBEINVEST,EQ,2005-08-04,365.0,365.0,370.0,364.95,366.5,367.35,366.07,"2,47,433","9,05,76,990.20",-,"2,44,643",98.87
TUBEINVEST,EQ,2005-08-05,367.35,374.9,395.0,374.9,375.0,376.2,377.95,"29,931","1,13,12,538.55",-,"19,591",65.45
TUBEINVEST,EQ,2005-08-08,376.2,395.0,398.8,360.0,371.1,371.6,377.3,"23,605","89,06,111.10",-,"18,884",80.0
TUBEINVEST,EQ,2005-08-09,371.6,371.6,377.95,365.0,372.0,368.5,368.69,"20,225","74,56,754.25",-,"14,271",70.56
TUBEINVEST,EQ,2005-08-10,368.5,370.0,377.0,368.1,374.9,374.05,370.79,"11,670","43,27,167.05",-,"9,742",83.48
TUBEINVEST,EQ,2005-08-11,374.05,380.0,384.9,374.1,380.1,383.3,382.16,"12,237","46,76,549.15",-,"10,186",83.24
TUBEINVEST,EQ,2005-08-12,383.3,390.0,390.0,381.0,383.0,384.6,386.66,"8,955","34,62,556.35",-,"5,006",55.9
TUBEINVEST,EQ,2005-08-16,384.6,393.0,393.0,375.1,386.0,387.6,387.23,"8,496","32,89,940.20",-,"5,769",67.9
TUBEINVEST,EQ,2005-08-17,387.6,380.25,388.0,378.0,380.3,380.65,384.91,"12,418","47,79,814.85",-,"10,715",86.29
TUBEINVEST,EQ,2005-08-18,380.65,394.9,395.0,365.25,378.25,370.8,374.3,"25,597","95,80,959.05",-,"16,383",64.0
TUBEINVEST,EQ,2005-08-19,370.8,370.8,373.5,368.0,369.1,369.15,370.46,"16,426","60,85,170.15",-,"11,100",67.58
TUBEINVEST,EQ,2005-08-22,369.15,369.15,374.9,366.1,366.1,366.65,369.37,"10,720","39,59,643.15",-,"9,141",85.27
TUBEINVEST,EQ,2005-08-23,366.65,371.85,377.0,364.0,371.15,370.05,369.77,"48,699","1,80,07,620.90",-,"39,043",80.17
TUBEINVEST,EQ,2005-08-24,370.05,365.5,373.9,365.0,370.25,370.0,370.15,"14,988","55,47,875.90",-,"13,880",92.61
TUBEINVEST,EQ,2005-08-25,370.0,382.5,382.5,365.55,371.1,371.05,371.13,"2,754","10,22,090.10",-,"2,045",74.26
TUBEINVEST,EQ,2005-08-26,371.05,371.1,382.0,371.1,380.5,380.9,376.26,"6,576","24,74,307.25",-,"6,071",92.32
TUBEINVEST,EQ,2005-08-29,380.9,373.0,377.4,373.0,376.0,376.05,376.43,"15,439","58,11,668.55",-,"13,992",90.63
TUBEINVEST,EQ,2005-08-30,376.05,379.4,387.0,375.1,383.0,383.0,380.11,"15,979","60,73,729.10",-,"12,946",81.02
TUBEINVEST,EQ,2005-08-31,383.0,389.0,401.0,383.5,400.5,399.5,392.29,"25,645","1,00,60,184.10",-,"22,424",87.44
TUBEINVEST,EQ,2005-09-01,399.5,402.0,408.0,395.1,400.0,399.25,400.58,"25,378","1,01,65,819.60",-,"23,035",90.77
TUBEINVEST,EQ,2005-09-02,399.25,400.0,403.8,396.0,403.0,401.7,400.89,"62,364","2,50,01,297.10",-,"60,082",96.34
TUBEINVEST,EQ,2005-09-05,401.7,400.0,403.25,400.0,400.0,400.55,401.22,"6,294","25,25,267.05",-,"5,772",91.71
TUBEINVEST,EQ,2005-09-06,400.55,405.0,405.0,398.0,399.0,400.55,400.6,"9,917","39,72,782.80",-,"8,370",84.4
TUBEINVEST,EQ,2005-09-08,400.55,400.5,402.95,398.0,401.0,401.2,400.1,"9,440","37,76,923.45",-,"8,932",94.62
TUBEINVEST,EQ,2005-09-09,401.2,400.0,407.1,400.0,405.0,404.65,402.74,"9,899","39,86,746.40",-,"8,491",85.78
TUBEINVEST,EQ,2005-09-12,404.65,403.0,410.0,400.25,409.9,407.6,407.05,"10,704","43,57,060.30",-,"9,109",85.1
TUBEINVEST,EQ,2005-09-13,407.6,407.0,420.0,407.0,415.25,415.35,413.63,"17,376","71,87,222.40",-,"15,730",90.53
TUBEINVEST,EQ,2005-09-14,415.35,419.9,421.0,410.1,419.0,415.25,415.96,"11,043","45,93,396.15",-,"8,368",75.78
TUBEINVEST,EQ,2005-09-15,415.25,415.4,420.0,415.4,416.9,418.3,417.51,"4,554","19,01,336.40",-,"2,831",62.17
TUBEINVEST,EQ,2005-09-16,418.3,419.0,420.0,413.6,416.2,419.45,416.85,"10,972","45,73,681.75",-,"8,862",80.77
TUBEINVEST,EQ,2005-09-19,419.45,400.0,425.0,400.0,415.0,418.75,420.98,"46,476","1,95,65,509.85",-,"40,836",87.86
TUBEINVEST,EQ,2005-09-20,418.75,414.0,420.0,405.1,414.0,415.9,416.71,"12,591","52,46,758.15",-,"10,312",81.9
TUBEINVEST,EQ,2005-09-21,415.9,410.05,414.85,385.0,400.0,402.65,399.25,"10,044","40,10,107.55",-,"6,188",61.61
TUBEINVEST,EQ,2005-09-22,402.65,391.0,404.0,375.0,383.0,378.4,390.61,"11,820","46,16,997.00",-,"8,243",69.74
TUBEINVEST,EQ,2005-09-23,378.4,352.4,400.5,352.4,395.0,394.5,381.36,"16,673","63,58,488.30",-,"12,247",73.45
TUBEINVEST,EQ,2005-09-26,394.5,399.0,401.05,386.9,401.05,400.05,397.65,"6,624","26,34,012.05",-,"4,591",69.31
TUBEINVEST,EQ,2005-09-27,400.05,405.0,410.0,377.0,386.5,382.75,392.13,"11,338","44,45,997.80",-,"7,699",67.9
TUBEINVEST,EQ,2005-09-28,382.75,393.8,399.5,387.0,399.5,396.1,394.95,"2,993","11,82,073.85",-,"2,810",93.89
TUBEINVEST,EQ,2005-09-29,396.1,412.0,412.0,393.0,394.0,396.4,397.64,"3,989","15,86,166.25",-,"3,244",81.32
TUBEINVEST,EQ,2005-09-30,396.4,369.2,404.0,369.2,397.05,397.95,395.92,"11,825","46,81,767.05",-,"9,506",80.39
TUBEINVEST,EQ,2005-10-03,397.95,391.0,404.95,391.0,402.0,402.7,400.04,"1,27,983","5,11,97,933.05",-,"1,26,574",98.9
TUBEINVEST,EQ,2005-10-04,402.7,403.0,417.0,400.0,416.9,414.35,412.69,"33,806","1,39,51,438.40",-,"31,651",93.63
TUBEINVEST,EQ,2005-10-05,414.35,412.0,425.0,412.0,418.0,419.25,418.54,"8,244","34,50,463.85",-,"6,959",84.41
TUBEINVEST,EQ,2005-10-06,419.25,411.0,423.0,411.0,420.0,420.0,417.54,"4,748","19,82,481.40",-,"4,291",90.37
TUBEINVEST,EQ,2005-10-07,420.0,411.1,416.2,405.0,412.0,411.5,410.6,"4,377","17,97,181.35",-,"3,211",73.36
TUBEINVEST,EQ,2005-10-10,411.5,410.0,410.0,395.0,395.0,397.05,400.12,"2,433","9,73,499.70",-,"1,497",61.53
TUBEINVEST,EQ,2005-10-11,397.05,396.0,400.0,390.0,397.0,395.45,394.68,"2,115","8,34,754.45",-,"1,976",93.43
TUBEINVEST,EQ,2005-10-13,395.45,395.0,404.9,395.0,400.0,400.05,400.03,"7,140","28,56,245.15",-,"6,950",97.34
TUBEINVEST,EQ,2005-10-14,400.05,400.0,404.5,396.6,400.1,401.25,401.02,"42,304","1,69,64,543.80",-,"40,144",94.89
TUBEINVEST,EQ,2005-10-17,401.25,400.0,406.0,400.0,400.05,400.0,400.38,"3,778","15,12,642.40",-,"3,748",99.21
TUBEINVEST,EQ,2005-10-18,400.0,402.0,403.9,400.0,400.0,400.0,401.37,"3,465","13,90,747.50",-,"3,227",93.13
TUBEINVEST,EQ,2005-10-19,400.0,390.0,399.0,389.0,392.0,394.0,392.75,"7,130","28,00,283.75",-,"5,902",82.78
TUBEINVEST,EQ,2005-10-20,394.0,395.0,405.0,387.0,387.0,390.9,397.62,"6,146","24,43,768.20",-,"4,584",74.59
TUBEINVEST,EQ,2005-10-21,390.9,389.0,396.5,389.0,392.6,393.85,392.77,681,"2,67,475.80",-,642,94.27
TUBEINVEST,EQ,2005-10-24,393.85,400.0,405.0,395.0,400.0,400.05,400.95,"4,197","16,82,803.60",-,"3,424",81.58
TUBEINVEST,EQ,2005-10-25,400.05,400.0,405.0,400.0,404.9,401.45,402.67,"4,122","16,59,792.70",-,"3,674",89.13
TUBEINVEST,EQ,2005-10-26,401.45,400.15,404.7,397.5,400.0,400.05,400.05,"7,791","31,16,821.10",-,"7,201",92.43
TUBEINVEST,EQ,2005-10-27,400.05,400.0,405.0,385.0,400.0,398.5,400.24,"1,072","4,29,055.40",-,921,85.91
TUBEINVEST,EQ,2005-10-28,398.5,372.0,411.0,372.0,410.0,407.95,403.7,"8,164","32,95,815.90",-,"6,586",80.67
TUBEINVEST,EQ,2005-10-31,407.95,406.0,413.0,401.0,412.0,408.95,410.47,"4,315","17,71,196.10",-,"4,176",96.78
TUBEINVEST,EQ,2005-11-01,408.95,410.5,428.0,401.0,403.5,403.35,412.02,"4,552","18,75,521.95",-,"2,943",64.65
TUBEINVEST,EQ,2005-11-02,403.35,396.0,409.0,393.1,402.0,405.4,401.1,"2,310","9,26,545.80",-,"1,134",49.09
TUBEINVEST,EQ,2005-11-07,405.4,414.0,415.0,400.0,412.6,412.65,405.5,"6,125","24,83,693.05",-,"4,753",77.6
TUBEINVEST,EQ,2005-11-08,412.65,414.0,423.0,413.5,416.2,419.65,418.97,"5,166","21,64,397.15",-,"4,042",78.24
TUBEINVEST,EQ,2005-11-09,419.65,420.1,425.0,414.0,423.05,423.2,418.72,"8,869","37,13,638.40",-,"8,022",90.45
TUBEINVEST,EQ,2005-11-10,423.2,422.9,440.0,420.3,434.0,435.5,431.95,"11,198","48,37,009.45",-,"8,533",76.2
TUBEINVEST,EQ,2005-11-11,435.5,427.0,453.0,427.0,453.0,451.3,443.26,"12,217","54,15,344.45",-,"9,942",81.38
TUBEINVEST,EQ,2005-11-14,451.3,450.0,450.0,436.0,444.0,442.35,442.89,"4,064","17,99,923.25",-,"3,103",76.35
TUBEINVEST,EQ,2005-11-16,442.35,370.0,450.0,370.0,434.0,440.35,444.32,"9,560","42,47,739.80",-,"8,187",85.64
TUBEINVEST,EQ,2005-11-17,440.35,435.1,439.9,435.1,437.0,437.05,437.34,"6,028","26,36,293.30",-,"5,868",97.35
TUBEINVEST,EQ,2005-11-18,437.05,442.0,442.0,416.0,418.55,418.55,427.64,"3,839","16,41,719.90",-,"2,690",70.07
TUBEINVEST,EQ,2005-11-21,418.55,428.0,438.0,422.5,435.0,435.8,430.11,"3,348","14,40,023.35",-,"2,342",69.95
TUBEINVEST,EQ,2005-11-22,435.8,430.0,447.9,430.0,440.0,439.4,436.66,"3,069","13,40,096.40",-,"1,933",62.98
TUBEINVEST,EQ,2005-11-23,439.4,430.1,447.0,430.1,445.05,446.7,443.78,"2,602","11,54,720.85",-,"2,432",93.47
TUBEINVEST,EQ,2005-11-24,446.7,465.0,480.0,457.2,460.0,466.45,466.14,"33,972","1,58,35,671.25",-,"19,633",57.79
TUBEINVEST,EQ,2005-11-25,466.45,474.0,475.0,461.05,465.0,467.5,467.8,"9,798","45,83,477.10",-,"6,909",70.51
TUBEINVEST,EQ,2005-11-26,467.5,477.0,477.0,462.1,465.0,466.0,467.03,782,"3,65,215.65",-,645,82.48
TUBEINVEST,EQ,2005-11-28,466.0,457.0,470.0,457.0,468.0,467.7,467.63,"3,912","18,29,351.05",-,"3,220",82.31
TUBEINVEST,EQ,2005-11-29,467.7,465.0,470.9,450.0,467.95,467.2,466.91,"6,316","29,49,016.45",-,"5,462",86.48
TUBEINVEST,EQ,2005-11-30,467.2,468.25,470.0,455.1,460.05,461.55,466.29,"7,979","37,20,500.60",-,"6,015",75.39
TUBEINVEST,EQ,2005-12-01,461.55,474.0,488.0,464.9,485.0,482.85,478.89,"11,480","54,97,675.70",-,"8,814",76.78
TUBEINVEST,EQ,2005-12-02,482.85,490.0,494.0,475.05,475.1,478.7,485.39,"7,502","36,41,426.90",-,"4,874",64.97
TUBEINVEST,EQ,2005-12-05,478.7,477.0,483.0,473.5,475.0,476.2,478.15,"5,584","26,69,966.45",-,"4,976",89.11
TUBEINVEST,EQ,2005-12-06,476.2,473.15,483.0,473.0,480.0,482.0,479.06,"9,010","43,16,337.55",-,"8,634",95.83
TUBEINVEST,EQ,2005-12-07,482.0,480.0,505.0,475.6,505.0,499.55,493.01,"22,134","1,09,12,306.15",-,"20,033",90.51
TUBEINVEST,EQ,2005-12-08,499.55,507.0,512.0,496.0,497.5,499.5,502.65,"4,086","20,53,842.75",-,"3,249",79.52
TUBEINVEST,EQ,2005-12-09,499.5,500.5,510.0,499.9,503.0,500.05,501.64,"11,052","55,44,180.40",-,"10,469",94.72
TUBEINVEST,EQ,2005-12-12,500.05,520.0,545.0,505.0,505.0,508.5,510.54,"24,987","1,27,56,961.70",-,"16,924",67.73
TUBEINVEST,EQ,2005-12-13,508.5,510.0,517.05,501.0,510.0,511.0,509.97,"39,375","2,00,80,225.15",-,"37,856",96.14
TUBEINVEST,EQ,2005-12-14,511.0,511.0,544.95,510.0,530.0,531.25,529.77,"53,166","2,81,65,539.60",-,"45,846",86.23
TUBEINVEST,EQ,2005-12-15,531.25,530.0,548.8,520.0,530.0,526.55,536.56,"15,525","83,30,150.95",-,"10,701",68.93
TUBEINVEST,EQ,2005-12-16,526.55,540.0,546.0,523.0,527.0,532.0,533.82,"6,064","32,37,112.40",-,"3,205",52.85
TUBEINVEST,EQ,2005-12-19,532.0,548.0,585.2,526.0,575.0,575.7,572.96,"47,469","2,71,98,067.65",-,"23,023",48.5
TUBEINVEST,EQ,2005-12-20,575.7,579.85,579.85,552.0,560.0,557.8,561.2,"7,813","43,84,676.40",-,"4,728",60.51
TUBEINVEST,EQ,2005-12-21,557.8,573.95,613.6,559.0,585.1,587.15,593.56,"68,695","4,07,74,734.25",-,"38,709",56.35
TUBEINVEST,EQ,2005-12-22,587.15,599.7,599.7,580.05,589.95,590.35,589.25,"13,546","79,81,985.75",-,"6,095",44.99
TUBEINVEST,EQ,2005-12-23,590.35,598.95,598.95,575.0,582.5,583.35,584.39,"8,208","47,96,669.95",-,"4,235",51.6
TUBEINVEST,EQ,2005-12-26,583.35,575.0,577.5,559.0,561.15,563.3,565.48,"7,091","40,09,853.50",-,"4,789",67.54
TUBEINVEST,EQ,2005-12-27,563.3,560.0,600.0,560.0,580.0,580.9,579.74,"5,133","29,75,802.65",-,"2,720",52.99
TUBEINVEST,EQ,2005-12-28,580.9,584.55,585.0,575.5,583.0,580.0,580.49,"12,347","71,67,272.75",-,"10,647",86.23
TUBEINVEST,EQ,2005-12-29,580.0,585.0,596.0,582.0,590.0,590.65,590.51,"13,915","82,16,967.40",-,"12,337",88.66
TUBEINVEST,EQ,2005-12-30,590.65,596.0,596.0,583.0,583.0,586.05,591.68,"11,843","70,07,280.35",-,"10,369",87.55
TUBEINVEST,EQ,2006-01-02,586.05,593.0,599.0,585.05,588.0,592.45,593.67,"12,343","73,27,660.40",-,"11,206",90.79
TUBEINVEST,EQ,2006-01-03,592.45,590.2,598.0,585.0,588.2,592.75,590.03,"3,884","22,91,664.30",-,"3,204",82.49
TUBEINVEST,EQ,2006-01-04,592.75,587.0,593.0,576.0,580.0,580.1,584.66,"3,132","18,31,152.10",-,"2,957",94.41
TUBEINVEST,EQ,2006-01-05,580.1,580.0,584.0,574.95,584.0,575.1,576.11,"3,234","18,63,140.80",-,"2,954",91.34
TUBEINVEST,EQ,2006-01-06,575.1,595.0,609.0,580.0,604.0,601.6,596.88,"7,299","43,56,647.70",-,"6,342",86.89
TUBEINVEST,EQ,2006-01-09,601.6,600.0,611.0,590.0,600.0,601.4,602.78,"6,943","41,85,131.45",-,"4,975",71.65
TUBEINVEST,EQ,2006-01-10,601.4,603.0,615.0,603.0,603.1,604.75,607.75,"3,869","23,51,379.65",-,"2,257",58.34
TUBEINVEST,EQ,2006-01-12,604.75,581.1,605.0,581.1,593.5,598.15,600.24,"7,879","47,29,284.55",-,"5,878",74.60
TUBEINVEST,EQ,2006-01-13,598.15,605.1,607.95,597.15,597.15,598.15,600.4,"2,118","12,71,648.05",-,"1,611",76.06
TUBEINVEST,EQ,2006-01-16,598.15,600.0,614.0,595.0,600.0,607.9,606.06,"4,268","25,86,660.10",-,"2,972",69.63
TUBEINVEST,EQ,2006-01-17,607.9,616.0,616.0,591.0,595.1,599.8,600.4,"28,620","1,71,83,410.55",-,"27,823",97.22
TUBEINVEST,EQ,2006-01-18,599.8,613.0,613.0,591.35,605.1,604.05,602.02,"5,684","34,21,883.80",-,"4,582",80.61
TUBEINVEST,EQ,2006-01-19,604.05,610.0,633.7,610.0,618.25,619.85,624.46,"41,096","2,56,62,630.55",-,"22,792",55.46
TUBEINVEST,EQ,2006-01-20,619.85,630.0,630.0,615.0,620.05,622.6,623.47,"7,013","43,72,419.60",-,"5,083",72.48
TUBEINVEST,EQ,2006-01-23,622.6,627.95,629.7,613.5,620.0,620.55,621.85,"5,012","31,16,736.80",-,"4,589",91.56
TUBEINVEST,EQ,2006-01-24,620.55,624.5,625.0,605.1,620.0,619.7,619.03,"6,821","42,22,436.20",-,"5,476",80.28
TUBEINVEST,EQ,2006-01-25,619.7,638.95,638.95,620.0,630.0,627.9,626.28,"68,557","4,29,35,809.05",-,"56,588",82.54
TUBEINVEST,EQ,2006-01-27,627.9,649.0,649.0,618.0,622.95,621.8,630.65,"16,873","1,06,41,026.60",-,"11,030",65.37
TUBEINVEST,EQ,2006-01-30,621.8,627.0,629.0,585.0,595.85,593.9,605.11,"15,280","92,46,075.00",-,"13,060",85.47
TUBEINVEST,EQ,2006-01-31,593.9,582.0,608.9,582.0,596.0,593.9,597.78,"10,778","64,42,838.85",-,"8,088",75.04
TUBEINVEST,EQ,2006-02-01,593.9,600.0,603.45,573.05,573.2,576.6,594.63,"12,596","74,89,962.10",-,"10,539",83.67
TUBEINVEST,EQ,2006-02-02,576.6,582.0,586.85,570.0,575.0,575.95,578.48,"3,992","23,09,272.20",-,"2,917",73.07
TUBEINVEST,EQ,2006-02-03,575.95,580.0,584.95,571.5,577.5,579.55,579.65,"2,960","17,15,767.20",-,"2,471",83.48
TUBEINVEST,EQ,2006-02-06,579.55,570.3,582.5,570.3,580.1,579.35,579.84,"3,298","19,12,309.10",-,"2,210",67.01
TUBEINVEST,EQ,2006-02-07,579.35,585.0,625.0,575.0,602.0,614.6,609.3,"42,399","2,58,33,868.90",-,"34,647",81.72
TUBEINVEST,EQ,2006-02-08,614.6,604.0,607.0,590.0,600.0,599.3,597.41,"4,961","29,63,729.15",-,"4,149",83.63
TUBEINVEST,EQ,2006-02-10,599.3,590.0,605.0,586.0,586.0,590.05,594.96,"4,041","24,04,225.30",-,"3,288",81.37
TUBEINVEST,EQ,2006-02-13,590.05,586.1,600.0,586.1,594.0,596.85,593.47,"1,917","11,37,673.80",-,"1,378",71.88
TUBEINVEST,EQ,2006-02-14,596.85,585.0,600.0,580.35,588.0,587.95,593.44,"2,371","14,07,044.50",-,"1,394",58.79
TUBEINVEST,EQ,2006-02-15,587.95,590.0,599.95,580.5,582.0,586.8,588.5,"2,108","12,40,548.35",-,"1,343",63.71
TUBEINVEST,EQ,2006-02-16,586.8,585.0,598.4,581.1,586.5,585.45,589.1,"1,341","7,89,981.80",-,774,57.72
TUBEINVEST,EQ,2006-02-17,585.45,590.95,590.95,565.0,575.0,574.2,580.22,"4,028","23,37,114.70",-,"1,708",42.40
TUBEINVEST,EQ,2006-02-20,574.2,574.2,575.0,550.0,558.0,559.95,557.58,"12,585","70,17,205.20",-,"5,811",46.17
TUBEINVEST,EQ,2006-02-21,559.95,568.7,570.95,552.0,559.5,562.9,560.63,"6,428","36,03,702.45",-,"3,145",48.93
TUBEINVEST,EQ,2006-02-22,562.9,563.0,567.2,550.1,560.0,558.1,559.86,"3,846","21,53,239.90",-,"3,531",91.81
TUBEINVEST,EQ,2006-02-23,558.1,565.0,577.8,558.0,560.0,560.05,565.75,"4,089","23,13,342.95",-,"3,386",82.81
TUBEINVEST,EQ,2006-02-24,560.05,560.5,560.5,545.0,550.0,551.4,550.41,"8,981","49,43,202.80",-,"6,963",77.53
TUBEINVEST,EQ,2006-02-27,551.4,545.0,562.25,545.0,552.0,552.2,556.82,"8,535","47,52,437.45",-,"7,779",91.14
TUBEINVEST,EQ,2006-02-28,552.2,550.0,561.8,546.0,550.0,550.2,552.24,"2,363","13,04,945.15",-,"1,908",80.74
TUBEINVEST,EQ,2006-03-01,550.2,551.2,555.0,544.1,549.4,547.55,550.39,"5,307","29,20,943.40",-,"4,079",76.86
TUBEINVEST,EQ,2006-03-02,547.55,554.95,567.85,547.0,549.5,549.15,552.44,"7,344","40,57,144.90",-,"5,454",74.26
TUBEINVEST,EQ,2006-03-03,549.15,552.05,570.0,550.7,570.0,556.35,555.48,"2,163","12,01,509.15",-,"1,855",85.76
TUBEINVEST,EQ,2006-03-06,556.35,559.95,582.0,559.95,577.0,578.35,574.0,"5,192","29,80,194.50",-,"3,466",66.76
TUBEINVEST,EQ,2006-03-07,578.35,565.0,580.0,561.5,568.5,571.5,573.19,"1,947","11,15,993.40",-,"1,115",57.27
TUBEINVEST,EQ,2006-03-08,571.5,565.0,575.0,550.0,550.0,554.85,559.68,"2,445","13,68,409.20",-,"1,790",73.21
TUBEINVEST,EQ,2006-03-09,554.85,574.9,574.9,530.05,542.95,541.45,544.58,"5,537","30,15,342.15",-,"4,224",76.29
TUBEINVEST,EQ,2006-03-10,541.45,569.0,569.0,535.0,546.0,546.4,551.74,"7,146","39,42,704.35",-,"5,682",79.51
TUBEINVEST,EQ,2006-03-13,546.4,564.7,564.7,552.0,560.0,559.1,560.22,"12,935","72,46,416.75",-,"12,102",93.56
TUBEINVEST,EQ,2006-03-14,559.1,584.0,584.0,557.5,560.0,559.3,562.27,"27,908","1,56,91,857.50",-,"27,459",98.39
TUBEINVEST,EQ,2006-03-16,559.3,575.0,615.25,575.0,602.0,600.95,602.25,"82,116","4,94,54,710.80",-,"65,569",79.85
TUBEINVEST,EQ,2006-03-17,600.95,613.0,613.0,590.25,599.6,596.1,605.39,"46,655","2,82,44,637.95",-,"26,905",57.67
TUBEINVEST,EQ,2006-03-20,596.1,600.0,604.5,590.0,599.2,599.85,599.66,"15,074","90,39,301.85",-,"11,701",77.62
TUBEINVEST,EQ,2006-03-21,599.85,604.0,604.0,595.05,596.0,597.85,598.51,"24,029","1,43,81,639.25",-,"20,698",86.14
TUBEINVEST,EQ,2006-03-22,597.85,602.5,603.95,590.0,599.9,599.65,597.43,"11,670","69,72,001.85",-,"10,392",89.05
TUBEINVEST,EQ,2006-03-23,599.65,602.0,607.5,572.7,597.0,594.8,599.48,"22,943","1,37,53,881.95",-,"15,632",68.13
TUBEINVEST,EQ,2006-03-24,594.8,649.8,649.8,615.0,624.0,623.45,631.11,"1,18,208","7,46,02,121.25",-,"59,629",50.44
TUBEINVEST,EQ,2006-03-27,623.45,628.0,631.75,610.0,610.0,614.95,621.77,"35,435","2,20,32,518.65",-,"23,376",65.97
TUBEINVEST,EQ,2006-03-28,614.95,610.0,616.0,585.15,593.6,589.7,596.59,"12,373","73,81,558.80",-,"8,212",66.37
TUBEINVEST,EQ,2006-03-29,589.7,595.0,595.0,571.05,577.0,576.15,578.76,"10,950","63,37,419.20",-,"7,511",68.59
TUBEINVEST,EQ,2006-03-30,576.15,582.0,589.85,578.0,582.5,579.8,582.73,"6,787","39,54,982.55",-,"4,083",60.16
TUBEINVEST,EQ,2006-03-31,579.8,585.0,594.0,578.0,593.0,587.55,586.35,"6,383","37,42,642.40",-,"4,111",64.41
TUBEINVEST,EQ,2006-04-03,587.55,599.0,609.0,588.0,598.0,596.95,595.97,"15,658","93,31,634.85",-,"10,593",67.65
TUBEINVEST,EQ,2006-04-04,596.95,600.0,605.0,594.0,596.0,598.55,599.42,"7,957","47,69,574.70",-,"5,295",66.55
TUBEINVEST,EQ,2006-04-05,598.55,598.55,603.0,590.0,595.05,597.95,599.26,"24,172","1,44,85,200.80",-,"19,705",81.52
TUBEINVEST,EQ,2006-04-07,597.95,603.0,604.0,555.5,583.0,582.95,593.86,"17,874","1,06,14,654.25",-,"13,508",75.57
TUBEINVEST,EQ,2006-04-10,582.95,589.0,599.0,581.0,581.0,586.1,589.04,"7,169","42,22,803.20",-,"5,330",74.35
TUBEINVEST,EQ,2006-04-12,586.1,585.0,595.9,579.95,579.95,580.65,588.62,"8,709","51,26,253.10",-,"6,692",76.84
TUBEINVEST,EQ,2006-04-13,580.65,580.0,584.0,575.0,580.0,577.85,579.7,"6,876","39,85,994.25",-,"5,942",86.42
TUBEINVEST,EQ,2006-04-17,577.85,582.0,594.0,582.0,585.0,585.05,587.22,"1,895","11,12,778.45",-,"1,381",72.88
TUBEINVEST,EQ,2006-04-18,585.05,576.0,580.0,575.1,577.0,576.85,577.8,"8,913","51,49,958.00",-,"6,642",74.52
TUBEINVEST,EQ,2006-04-19,576.85,578.0,580.0,556.0,575.0,572.0,576.27,"7,556","43,54,295.75",-,"4,635",61.34
TUBEINVEST,EQ,2006-04-20,572.0,576.0,579.85,565.0,565.0,568.1,569.95,"7,072","40,30,675.25",-,"4,660",65.89
TUBEINVEST,EQ,2006-04-21,568.1,570.0,576.0,560.1,566.0,565.1,568.4,"4,629","26,31,136.00",-,"3,615",78.09
TUBEINVEST,EQ,2006-04-24,565.1,574.9,575.0,561.0,561.0,564.85,567.56,"9,792","55,57,553.05",-,"6,501",66.39
TUBEINVEST,EQ,2006-04-25,564.85,573.0,573.0,561.0,569.9,567.85,567.73,"2,843","16,14,042.80",-,"2,386",83.93
TUBEINVEST,EQ,2006-04-26,567.85,568.0,588.95,561.2,571.75,569.1,575.6,"7,206","41,47,762.10",-,"5,389",74.78
TUBEINVEST,EQ,2006-04-27,569.1,584.0,590.0,568.0,580.0,575.65,578.68,"17,271","99,94,305.00",-,"12,604",72.98
TUBEINVEST,EQ,2006-04-28,575.65,575.0,575.0,521.0,559.0,555.7,561.31,"25,240","1,41,67,423.20",-,"15,130",59.94
TUBEINVEST,EQ,2006-04-29,555.7,570.0,585.0,560.15,573.0,573.5,575.91,"6,185","35,61,985.20",-,"3,959",64.01
TUBEINVEST,EQ,2006-05-02,573.5,598.0,598.0,501.0,574.4,573.85,571.08,"12,340","70,47,094.65",-,"8,516",69.01
TUBEINVEST,EQ,2006-05-03,573.85,588.8,588.8,568.6,575.0,574.8,574.9,"16,507","94,89,813.05",-,"15,350",92.99
TUBEINVEST,EQ,2006-05-04,574.8,575.0,581.8,570.05,570.05,571.6,574.12,"4,243","24,36,006.40",-,"3,311",78.03
TUBEINVEST,EQ,2006-05-05,571.6,577.9,588.4,561.0,573.7,569.65,573.88,"14,578","83,66,007.80",-,"10,371",71.14
TUBEINVEST,EQ,2006-05-08,569.65,575.0,579.9,565.0,566.0,567.65,568.85,"2,868","16,31,469.50",-,"1,892",65.97
TUBEINVEST,EQ,2006-05-09,567.65,566.0,567.45,552.6,553.0,555.75,558.08,"11,824","65,98,756.30",-,"8,832",74.70
TUBEINVEST,EQ,2006-05-10,555.75,564.0,574.85,556.0,561.05,561.15,566.5,"9,005","51,01,366.40",-,"6,921",76.86
TUBEINVEST,EQ,2006-05-11,561.15,571.0,571.0,560.0,569.65,567.9,565.64,"7,736","43,75,814.90",-,"6,217",80.36
TUBEINVEST,EQ,2006-05-12,567.9,575.0,615.0,575.0,591.0,589.2,589.24,"40,623","2,39,36,804.35",-,"28,488",70.13
TUBEINVEST,EQ,2006-05-15,589.2,600.0,600.0,574.0,574.0,579.4,590.58,"32,960","1,94,65,587.40",-,"25,057",76.02
TUBEINVEST,EQ,2006-05-16,579.4,588.0,590.0,545.0,585.1,579.4,570.84,"14,826","84,63,227.00",-,"10,887",73.43
TUBEINVEST,EQ,2006-05-17,579.4,585.0,598.0,585.0,590.0,593.0,591.45,"30,720","1,81,69,230.15",-,"28,362",92.32
TUBEINVEST,EQ,2006-05-18,593.0,552.5,595.0,552.5,587.0,571.25,580.46,"20,629","1,19,74,281.10",-,"15,211",73.74
TUBEINVEST,EQ,2006-05-19,571.25,581.0,594.9,580.0,590.0,589.45,589.76,"1,40,166","8,26,64,180.35",-,"1,36,278",97.23
TUBEINVEST,EQ,2006-05-22,589.45,609.0,675.0,531.55,550.0,549.75,573.55,"33,202","1,90,42,885.20",-,"29,121",87.71
TUBEINVEST,EQ,2006-05-23,549.75,525.0,569.8,525.0,569.0,561.2,553.69,"5,638","31,21,681.45",-,"3,962",70.27
TUBEINVEST,EQ,2006-05-24,561.2,575.0,575.0,535.5,540.0,544.9,554.31,"4,524","25,07,695.25",-,"3,455",76.37
TUBEINVEST,EQ,2006-05-25,544.9,540.0,563.0,532.0,556.05,556.05,546.17,"3,734","20,39,388.30",-,"2,597",69.55
TUBEINVEST,EQ,2006-05-26,556.05,552.05,573.0,540.0,551.0,548.4,560.64,"10,574","59,28,216.30",-,"7,234",68.41
TUBEINVEST,EQ,2006-05-29,548.4,571.0,573.9,541.05,567.0,564.7,559.8,"11,632","65,11,612.35",-,"5,753",49.46
TUBEINVEST,EQ,2006-05-30,564.7,572.9,580.0,556.15,565.0,564.45,566.78,"9,595","54,38,250.25",-,"6,846",71.35
TUBEINVEST,EQ,2006-05-31,564.45,114.7,124.25,110.0,119.5,118.7,116.66,"1,99,075","2,32,24,813.60",-,-,-
TUBEINVEST,EQ,2006-06-01,118.7,121.0,123.85,114.9,115.5,115.4,118.65,"1,09,105","1,29,45,610.40",-,-,-
TUBEINVEST,EQ,2006-06-02,115.4,114.1,116.0,106.0,109.0,109.95,110.19,"1,24,559","1,37,25,642.30",-,-,-
TUBEINVEST,EQ,2006-06-05,109.95,116.0,116.0,99.55,100.5,100.7,103.1,"68,677","70,80,434.05",-,-,-
TUBEINVEST,EQ,2006-06-06,100.7,107.0,119.0,88.5,89.75,89.9,93.29,"90,959","84,86,015.25",-,-,-
TUBEINVEST,EQ,2006-06-07,89.9,96.0,96.0,75.55,78.0,78.85,82.22,"1,34,733","1,10,77,497.15",-,"2,11,241",29.05
TUBEINVEST,EQ,2006-06-08,78.85,84.0,84.0,70.1,73.0,74.4,74.32,"74,029","55,02,057.05",-,"46,419",62.70
TUBEINVEST,EQ,2006-06-09,74.4,71.0,82.9,70.9,79.5,81.1,79.05,"52,898","41,81,729.45",-,"31,883",60.27
TUBEINVEST,EQ,2006-06-12,81.1,88.4,88.4,75.0,78.8,78.25,78.88,"93,493","73,74,587.30",-,"77,808",83.22
TUBEINVEST,EQ,2006-06-13,78.25,75.0,75.5,68.0,68.1,69.85,71.27,"1,27,282","90,71,832.55",-,"99,811",78.42
TUBEINVEST,EQ,2006-06-14,69.85,78.0,78.0,61.5,65.0,64.2,67.63,"3,75,487","2,53,94,178.50",-,"3,26,379",86.92
TUBEINVEST,EQ,2006-06-15,64.2,69.0,69.9,66.5,68.45,68.0,68.35,"1,60,050","1,09,39,979.25",-,"1,27,018",79.36
TUBEINVEST,EQ,2006-06-16,68.0,71.0,75.0,69.05,72.0,70.65,71.81,"2,03,056","1,45,81,252.00",-,"1,74,772",86.07
TUBEINVEST,EQ,2006-06-19,70.65,75.0,75.0,69.55,70.0,69.95,71.25,"72,445","51,62,047.95",-,"56,219",77.60
TUBEINVEST,EQ,2006-06-20,69.95,73.9,77.5,69.9,73.2,73.9,74.08,"1,96,558","1,45,61,530.15",-,"1,10,813",56.38
TUBEINVEST,EQ,2006-06-21,73.9,74.0,81.5,74.0,80.0,79.7,78.07,"1,43,327","1,11,89,290.20",-,"75,818",52.90
TUBEINVEST,EQ,2006-06-22,79.7,82.4,84.8,80.6,82.2,81.7,82.34,"61,437","50,58,799.00",-,"35,829",58.32
TUBEINVEST,EQ,2006-06-23,81.7,81.7,83.4,79.0,79.8,80.15,80.64,"34,244","27,61,389.35",-,"18,923",55.26
TUBEINVEST,EQ,2006-06-25,80.15,82.7,83.65,81.0,81.5,81.35,81.79,"4,863","3,97,749.90",-,"3,084",63.42
TUBEINVEST,EQ,2006-06-26,81.35,80.1,80.6,74.0,76.8,75.25,77.32,"41,655","32,20,969.00",-,"30,709",73.72
TUBEINVEST,EQ,2006-06-27,75.25,74.25,76.95,70.3,73.35,73.0,73.1,"29,173","21,32,562.35",-,"19,836",67.99
TUBEINVEST,EQ,2006-06-28,73.0,73.0,77.45,70.2,76.2,76.4,74.68,"65,387","48,82,941.30",-,"37,495",57.34
TUBEINVEST,EQ,2006-06-29,76.4,75.45,83.15,75.0,79.5,79.25,80.14,"81,824","65,57,147.10",-,"50,795",62.08
TUBEINVEST,EQ,2006-06-30,79.25,83.0,85.0,80.0,82.75,82.65,81.71,"91,129","74,45,863.80",-,"69,996",76.81
TUBEINVEST,EQ,2006-07-03,82.65,85.0,85.0,79.0,79.45,79.95,80.99,"23,856","19,32,179.25",-,"15,643",65.57
TUBEINVEST,EQ,2006-07-04,79.95,82.9,82.9,80.0,80.5,80.45,81.0,"28,424","23,02,306.50",-,"21,571",75.89
TUBEINVEST,EQ,2006-07-05,80.45,82.0,86.5,79.75,85.75,85.05,84.3,"78,301","66,00,528.05",-,"49,924",63.76
TUBEINVEST,EQ,2006-07-06,85.05,83.0,85.0,80.6,81.5,81.2,82.26,"29,505","24,27,019.20",-,"17,823",60.41
TUBEINVEST,EQ,2006-07-07,81.2,83.05,83.65,79.0,79.85,79.75,81.8,"69,489","56,84,103.75",-,"52,147",75.04
TUBEINVEST,EQ,2006-07-10,79.75,79.0,82.45,78.35,82.3,81.6,80.42,"26,127","21,01,101.70",-,"17,476",66.89
TUBEINVEST,EQ,2006-07-11,81.6,79.2,82.0,79.15,80.0,79.8,80.22,"20,300","16,28,519.05",-,"11,591",57.10
TUBEINVEST,EQ,2006-07-12,79.8,79.0,81.7,76.3,81.0,80.6,78.87,"48,883","38,55,529.80",-,"30,205",61.79
TUBEINVEST,EQ,2006-07-13,80.6,81.7,81.7,79.0,80.3,80.6,80.2,"19,244","15,43,351.40",-,"9,836",51.11
TUBEINVEST,EQ,2006-07-14,80.6,79.0,82.45,77.5,80.1,81.35,80.42,"23,300","18,73,683.05",-,"14,972",64.26
TUBEINVEST,EQ,2006-07-17,81.35,80.45,81.1,78.05,78.75,79.9,79.69,"35,021","27,90,875.05",-,"22,606",64.55
TUBEINVEST,EQ,2006-07-18,79.9,83.0,83.9,76.0,76.6,76.85,78.7,"54,969","43,26,324.40",-,"40,210",73.15
TUBEINVEST,EQ,2006-07-19,76.85,77.8,79.5,72.0,75.0,75.1,76.28,"38,531","29,39,117.40",-,"24,638",63.94
TUBEINVEST,EQ,2006-07-20,75.1,79.7,79.7,75.2,76.3,76.6,76.42,"51,072","39,02,971.00",-,"38,929",76.22
TUBEINVEST,EQ,2006-07-21,76.6,76.1,76.1,70.35,74.95,73.2,72.34,"88,336","63,89,985.85",-,"57,411",64.99
TUBEINVEST,EQ,2006-07-24,73.2,73.0,73.0,68.5,69.1,70.05,70.15,"35,805","25,11,563.65",-,"21,430",59.85
TUBEINVEST,EQ,2006-07-25,70.05,71.9,73.8,70.5,71.75,71.95,72.19,"70,737","51,06,523.15",-,"63,402",89.63
TUBEINVEST,EQ,2006-07-26,71.95,71.9,73.5,70.85,71.25,71.95,72.04,"79,179","57,03,832.95",-,"66,432",83.90
TUBEINVEST,EQ,2006-07-27,71.95,73.5,74.5,71.7,74.0,73.85,73.34,"34,008","24,94,041.90",-,"24,864",73.11
TUBEINVEST,EQ,2006-07-28,73.85,73.0,76.25,73.0,76.25,75.5,74.64,"33,229","24,80,337.35",-,"21,401",64.40
TUBEINVEST,EQ,2006-07-31,75.5,76.5,80.0,71.5,74.0,73.25,75.85,"77,702","58,94,025.35",-,"54,238",69.80
TUBEINVEST,EQ,2006-08-01,73.25,74.0,74.9,73.0,73.8,73.75,73.89,"19,710","14,56,291.40",-,"11,523",58.46
TUBEINVEST,EQ,2006-08-02,73.75,74.8,74.8,72.25,72.25,72.7,73.05,"31,889","23,29,539.25",-,"26,362",82.67
TUBEINVEST,EQ,2006-08-03,72.7,72.25,74.65,72.25,73.5,73.2,73.6,"17,924","13,19,237.95",-,"10,942",61.05
TUBEINVEST,EQ,2006-08-04,73.2,74.35,74.5,72.2,72.8,72.45,73.49,"20,347","14,95,347.65",-,"14,077",69.18
TUBEINVEST,EQ,2006-08-07,72.45,72.5,74.0,72.2,73.0,73.05,73.2,"7,437","5,44,380.65",-,"5,422",72.91
TUBEINVEST,EQ,2006-08-08,73.05,73.9,73.95,72.8,73.6,73.5,73.34,"19,135","14,03,364.80",-,"11,597",60.61
TUBEINVEST,EQ,2006-08-09,73.5,73.5,80.0,73.5,79.0,79.45,76.86,"95,866","73,68,649.20",-,"61,027",63.66
TUBEINVEST,EQ,2006-08-10,79.45,79.75,81.4,75.5,77.7,78.0,78.91,"93,376","73,68,065.30",-,"62,785",67.24
TUBEINVEST,EQ,2006-08-11,78.0,78.0,80.5,77.15,78.0,78.0,79.38,"71,992","57,14,629.25",-,"51,301",71.26
TUBEINVEST,EQ,2006-08-14,78.0,77.55,81.8,77.5,80.8,79.8,80.19,"67,172","53,86,852.30",-,"44,482",66.22
TUBEINVEST,EQ,2006-08-16,79.8,81.0,82.8,80.05,82.0,81.95,81.23,"44,408","36,07,107.25",-,"32,498",73.18
TUBEINVEST,EQ,2006-08-17,81.95,81.0,83.0,78.3,79.0,79.35,80.14,"22,481","18,01,586.65",-,"16,112",71.67
TUBEINVEST,EQ,2006-08-18,79.35,81.2,81.2,78.1,79.2,79.25,79.57,"19,236","15,30,566.15",-,"13,309",69.19
TUBEINVEST,EQ,2006-08-21,79.25,79.5,80.25,78.5,79.65,79.65,79.7,"47,230","37,64,378.20",-,"40,708",86.19
TUBEINVEST,EQ,2006-08-22,79.65,80.1,81.25,78.7,79.05,79.6,80.07,"52,838","42,30,712.50",-,"36,960",69.95
TUBEINVEST,EQ,2006-08-23,79.6,79.9,79.9,77.2,78.9,78.55,78.72,"32,286","25,41,683.75",-,"23,941",74.15
TUBEINVEST,EQ,2006-08-24,78.55,78.0,79.25,77.0,78.65,78.4,77.97,"28,335","22,09,300.95",-,"21,795",76.92
TUBEINVEST,EQ,2006-08-25,78.4,80.0,80.0,77.75,78.5,79.05,78.67,"30,267","23,81,159.10",-,"21,758",71.89
TUBEINVEST,EQ,2006-08-28,79.05,79.3,79.95,78.0,78.9,78.95,78.71,"25,663","20,19,833.15",-,"20,293",79.07
TUBEINVEST,EQ,2006-08-29,78.95,79.1,80.0,77.5,79.0,78.55,78.91,"22,428","17,69,813.35",-,"13,957",62.23
TUBEINVEST,EQ,2006-08-30,78.55,79.25,79.25,77.5,77.9,78.1,78.04,"12,561","9,80,315.20",-,"9,124",72.64
TUBEINVEST,EQ,2006-08-31,78.1,83.0,83.0,77.5,79.0,78.45,78.43,"33,233","26,06,483.10",-,"24,713",74.36
TUBEINVEST,EQ,2006-09-01,78.45,79.8,84.0,78.6,83.3,82.9,82.28,"1,26,420","1,04,02,163.55",-,"78,007",61.70
TUBEINVEST,EQ,2006-09-04,82.9,85.0,87.5,84.1,85.75,85.4,85.58,"85,987","73,59,031.80",-,"45,637",53.07
TUBEINVEST,EQ,2006-09-05,85.4,85.95,86.5,82.6,83.35,83.6,84.77,"35,899","30,43,271.85",-,"22,160",61.73
TUBEINVEST,EQ,2006-09-06,83.6,84.0,84.5,82.0,82.35,82.55,83.27,"27,000","22,48,221.20",-,"18,593",68.86
TUBEINVEST,EQ,2006-09-07,82.55,82.65,82.75,81.05,82.0,81.9,81.77,"32,688","26,72,737.60",-,"23,801",72.81
TUBEINVEST,EQ,2006-09-08,81.9,81.1,84.45,81.1,82.8,83.2,82.88,"28,284","23,44,131.65",-,"13,121",46.39
TUBEINVEST,EQ,2006-09-11,83.2,84.8,86.0,81.05,81.15,82.15,83.77,"47,620","39,89,321.85",-,"30,899",64.89
TUBEINVEST,EQ,2006-09-12,82.15,81.6,82.5,79.15,80.8,80.4,80.82,"28,090","22,70,200.65",-,"14,785",52.63
TUBEINVEST,EQ,2006-09-13,80.4,81.35,83.95,81.0,81.0,81.45,82.01,"51,296","42,06,740.45",-,"40,320",78.60
TUBEINVEST,EQ,2006-09-14,81.45,82.5,82.95,81.7,81.7,82.25,82.29,"17,096","14,06,847.25",-,"9,999",58.49
TUBEINVEST,EQ,2006-09-15,82.25,82.6,82.6,80.4,80.45,80.8,80.99,"29,635","24,00,213.05",-,"23,310",78.66
TUBEINVEST,EQ,2006-09-18,80.8,82.5,82.5,80.85,80.85,81.4,81.5,"43,186","35,19,639.75",-,"37,346",86.48
TUBEINVEST,EQ,2006-09-19,81.4,82.9,82.9,79.55,79.95,80.05,80.94,"34,222","27,69,970.75",-,"23,444",68.51
TUBEINVEST,EQ,2006-09-20,80.05,80.05,81.0,79.1,79.55,79.9,79.87,"22,138","17,68,125.05",-,"13,227",59.75
TUBEINVEST,EQ,2006-09-21,79.9,81.2,82.0,79.05,79.05,79.75,80.65,"41,197","33,22,401.85",-,"20,349",49.39
TUBEINVEST,EQ,2006-09-22,79.75,79.1,80.7,79.1,80.0,80.0,79.62,"14,731","11,72,879.75",-,"8,371",56.83
TUBEINVEST,EQ,2006-09-25,80.0,80.95,80.95,79.0,79.7,79.55,79.74,"23,915","19,07,027.65",-,"19,748",82.58
TUBEINVEST,EQ,2006-09-26,79.55,80.75,88.4,80.65,84.15,84.2,85.01,"2,55,004","2,16,78,997.35",-,"1,18,877",46.62
TUBEINVEST,EQ,2006-09-27,84.2,85.95,87.25,82.5,84.5,84.15,85.22,"1,21,132","1,03,22,547.10",-,"61,057",50.41
TUBEINVEST,EQ,2006-09-28,84.15,85.2,86.4,84.0,85.75,85.35,85.58,"67,196","57,50,774.60",-,"51,080",76.02
TUBEINVEST,EQ,2006-09-29,85.35,85.0,86.0,84.65,84.65,84.85,85.63,"33,326","28,53,557.15",-,"26,755",80.28
TUBEINVEST,EQ,2006-10-03,84.85,85.5,86.05,83.55,83.55,83.8,84.65,"35,027","29,65,135.45",-,"29,172",83.28
TUBEINVEST,EQ,2006-10-04,83.8,84.6,85.0,82.4,82.85,83.15,83.27,"50,431","41,99,249.70",-,"40,795",80.89
TUBEINVEST,EQ,2006-10-05,83.15,86.85,95.8,85.0,92.6,93.2,90.77,"13,70,735","12,44,26,541.35",-,"5,38,188",39.26
TUBEINVEST,EQ,2006-10-06,93.2,93.8,95.4,90.3,91.0,91.15,92.75,"8,39,168","7,78,30,979.00",-,"2,83,547",33.79
TUBEINVEST,EQ,2006-10-09,91.15,91.25,91.25,86.5,87.0,87.05,88.12,"7,70,373","6,78,83,095.75",-,"3,85,866",50.09
TUBEINVEST,EQ,2006-10-10,87.05,88.0,90.0,87.5,88.55,88.2,89.02,"3,05,142","2,71,64,116.70",-,"1,75,310",57.45
TUBEINVEST,EQ,2006-10-11,88.2,89.0,89.4,83.55,85.25,84.6,85.88,"2,39,071","2,05,31,805.10",-,"1,38,375",57.88
TUBEINVEST,EQ,2006-10-12,84.6,86.5,87.85,84.0,86.0,86.25,85.63,"1,67,653","1,43,55,327.35",-,"74,647",44.52
TUBEINVEST,EQ,2006-10-13,86.25,86.0,87.45,85.25,86.4,86.2,86.41,"89,803","77,59,970.45",-,"49,721",55.37
TUBEINVEST,EQ,2006-10-16,86.2,86.2,88.25,85.1,85.2,85.4,86.61,"98,723","85,49,924.30",-,"52,310",52.99
TUBEINVEST,EQ,2006-10-17,85.4,86.0,86.0,83.05,83.1,83.4,84.09,"63,754","53,61,073.10",-,"43,854",68.79
TUBEINVEST,EQ,2006-10-18,83.4,84.45,85.1,83.15,83.75,84.05,84.05,"74,646","62,73,833.30",-,"49,798",66.71
TUBEINVEST,EQ,2006-10-19,84.05,84.05,84.85,83.05,84.0,83.85,84.02,"58,240","48,93,161.00",-,"47,749",81.99
TUBEINVEST,EQ,2006-10-20,83.85,84.15,84.95,84.0,84.35,84.2,84.33,"51,937","43,79,745.10",-,"33,203",63.93
TUBEINVEST,EQ,2006-10-21,84.2,85.9,86.0,84.1,85.5,85.05,85.22,"15,675","13,35,890.60",-,"8,868",56.57
TUBEINVEST,EQ,2006-10-23,85.05,85.1,85.1,83.55,83.8,83.65,84.1,"26,746","22,49,328.00",-,"18,878",70.58
TUBEINVEST,EQ,2006-10-26,83.65,83.65,84.45,82.5,83.2,83.65,83.47,"41,827","34,91,147.45",-,"28,235",67.50
TUBEINVEST,EQ,2006-10-27,83.65,83.2,85.0,83.0,83.75,83.9,83.84,"50,469","42,31,328.05",-,"34,502",68.36
TUBEINVEST,EQ,2006-10-30,83.9,83.9,84.3,82.35,83.8,83.85,83.63,"67,462","56,41,515.85",-,"44,314",65.69
TUBEINVEST,EQ,2006-10-31,83.85,83.1,84.6,80.8,83.5,82.85,82.9,"1,29,421","1,07,28,984.40",-,"87,620",67.70
TUBEINVEST,EQ,2006-11-01,82.85,83.7,83.7,80.45,80.75,80.65,81.35,"92,628","75,35,564.25",-,"68,203",73.63
TUBEINVEST,EQ,2006-11-02,80.65,81.95,84.2,81.0,83.1,83.65,83.07,"2,59,416","2,15,50,459.85",-,"1,07,837",41.57
TUBEINVEST,EQ,2006-11-03,83.65,83.65,83.85,82.7,83.0,83.0,83.26,"70,070","58,34,170.95",-,"40,785",58.21
TUBEINVEST,EQ,2006-11-06,83.0,83.0,84.4,83.0,83.6,83.55,83.62,"57,862","48,38,459.55",-,"39,560",68.37
TUBEINVEST,EQ,2006-11-07,83.55,84.05,84.45,81.9,82.0,82.25,82.78,"37,914","31,38,599.45",-,"27,612",72.83
TUBEINVEST,EQ,2006-11-08,82.25,82.3,82.85,80.75,81.0,81.2,81.54,"31,543","25,71,876.85",-,"19,198",60.86
TUBEINVEST,EQ,2006-11-09,81.2,82.1,83.0,81.0,81.1,81.15,81.44,"31,046","25,28,349.45",-,"20,224",65.14
TUBEINVEST,EQ,2006-11-10,81.15,81.7,81.7,79.6,80.0,80.1,80.66,"45,892","37,01,708.00",-,"34,348",74.85
TUBEINVEST,EQ,2006-11-13,80.1,78.15,81.5,78.15,78.9,78.9,79.91,"53,703","42,91,315.50",-,"37,705",70.21
TUBEINVEST,EQ,2006-11-14,78.9,78.9,80.4,77.1,77.1,77.45,78.03,"72,825","56,82,872.30",-,"48,476",66.57
TUBEINVEST,EQ,2006-11-15,77.45,77.45,78.25,76.55,76.6,76.65,77.18,"66,027","50,96,080.35",-,"51,787",78.43
TUBEINVEST,EQ,2006-11-16,76.65,76.0,78.45,73.75,74.35,74.3,75.52,"89,037","67,24,360.75",-,"75,218",84.48
TUBEINVEST,EQ,2006-11-17,74.3,74.0,75.7,72.9,73.15,73.45,74.25,"47,251","35,08,190.75",-,"33,802",71.54
TUBEINVEST,EQ,2006-11-20,73.45,72.2,74.0,71.0,73.25,73.25,72.0,"55,109","39,68,086.10",-,"33,277",60.38
TUBEINVEST,EQ,2006-11-21,73.25,73.9,77.8,73.0,77.25,76.35,75.53,"1,09,060","82,36,904.35",-,"62,725",57.51
TUBEINVEST,EQ,2006-11-22,76.35,77.9,78.4,75.95,76.25,76.75,77.23,"91,731","70,84,579.45",-,"68,661",74.85
TUBEINVEST,EQ,2006-11-23,76.75,76.5,77.0,75.8,76.4,76.8,76.61,"59,211","45,36,121.80",-,"39,209",66.22
TUBEINVEST,EQ,2006-11-24,76.8,77.0,77.0,75.0,75.0,75.6,76.14,"27,083","20,61,985.65",-,"18,977",70.07
TUBEINVEST,EQ,2006-11-27,75.6,77.0,83.4,74.3,78.0,77.95,78.36,"28,97,717","22,70,61,347.25",-,"25,69,263",88.67
TUBEINVEST,EQ,2006-11-28,77.95,78.1,78.1,75.0,75.4,75.35,76.38,"2,59,787","1,98,43,468.05",-,"1,82,801",70.37
TUBEINVEST,EQ,2006-11-29,75.35,76.8,76.8,75.0,75.4,75.15,75.67,"68,873","52,11,897.60",-,"46,531",67.56
TUBEINVEST,EQ,2006-11-30,75.15,74.7,75.5,73.7,73.85,73.95,74.49,"89,054","66,33,377.55",-,"76,838",86.28
TUBEINVEST,EQ,2006-12-01,73.95,73.5,77.5,73.5,74.45,74.35,75.28,"1,02,797","77,39,048.05",-,"44,646",43.43
TUBEINVEST,EQ,2006-12-04,74.35,74.0,75.0,73.9,73.9,74.15,74.35,"47,773","35,51,912.60",-,"27,940",58.48
TUBEINVEST,EQ,2006-12-05,74.15,74.25,74.85,73.05,73.5,73.4,73.87,"48,848","36,08,405.80",-,"27,881",57.08
TUBEINVEST,EQ,2006-12-06,73.4,73.55,73.8,72.5,73.0,72.85,73.15,"67,163","49,12,797.15",-,"44,911",66.87
TUBEINVEST,EQ,2006-12-07,72.85,72.85,73.5,71.75,72.6,72.85,72.49,"42,795","31,02,296.10",-,"29,255",68.36
TUBEINVEST,EQ,2006-12-08,72.85,73.35,73.4,72.1,72.1,72.45,72.72,"31,728","23,07,339.60",-,"24,321",76.65
TUBEINVEST,EQ,2006-12-11,72.45,75.3,75.3,70.05,70.55,70.75,71.2,"63,237","45,02,328.60",-,"49,049",77.56
TUBEINVEST,EQ,2006-12-12,70.75,70.95,71.0,65.75,69.5,69.0,69.29,"92,300","63,95,199.15",-,"70,074",75.92
TUBEINVEST,EQ,2006-12-13,69.0,68.45,69.7,67.0,69.2,69.1,68.38,"61,243","41,88,008.90",-,"37,329",60.95
TUBEINVEST,EQ,2006-12-14,69.1,70.5,73.8,70.0,71.15,71.3,71.51,"49,188","35,17,302.40",-,"29,161",59.28
TUBEINVEST,EQ,2006-12-15,71.3,72.4,72.4,71.0,71.0,71.3,71.56,"39,743","28,43,931.35",-,"28,163",70.86
TUBEINVEST,EQ,2006-12-18,71.3,72.0,72.65,70.1,71.4,71.4,71.52,"52,596","37,61,531.40",-,"35,547",67.58
TUBEINVEST,EQ,2006-12-19,71.4,71.85,72.8,71.4,71.9,71.65,72.04,"38,920","28,03,686.85",-,"26,691",68.58
TUBEINVEST,EQ,2006-12-20,71.65,72.3,73.0,71.75,72.0,72.2,72.31,"38,830","28,07,805.70",-,"25,285",65.12
TUBEINVEST,EQ,2006-12-21,72.2,70.1,71.9,69.55,69.85,70.0,70.2,"48,291","33,89,871.90",-,"32,226",66.73
TUBEINVEST,EQ,2006-12-22,70.0,70.0,70.7,69.5,69.95,69.75,70.01,"40,727","28,51,283.05",-,"30,982",76.07
TUBEINVEST,EQ,2006-12-26,69.75,70.0,70.9,69.0,69.0,69.25,69.56,"38,974","27,10,914.60",-,"30,553",78.39
TUBEINVEST,EQ,2006-12-27,69.25,69.85,73.9,69.55,72.0,72.25,72.26,"1,01,983","73,69,431.25",-,"36,978",36.26
TUBEINVEST,EQ,2006-12-28,72.25,73.5,74.5,71.15,71.25,71.35,71.98,"64,844","46,67,455.75",-,"45,506",70.18
TUBEINVEST,EQ,2006-12-29,71.35,71.1,71.85,69.95,69.95,70.35,70.71,"39,703","28,07,396.60",-,"31,835",80.18
TUBEINVEST,EQ,2007-01-02,70.35,70.6,71.7,69.6,69.85,69.95,70.62,"41,676","29,43,178.90",-,"32,286",77.47
TUBEINVEST,EQ,2007-01-03,69.95,70.7,71.65,70.25,70.8,71.05,71.02,"69,789","49,56,264.55",-,"45,440",65.11
TUBEINVEST,EQ,2007-01-04,71.05,71.5,71.6,70.0,70.2,70.4,70.67,"80,068","56,58,207.25",-,"46,344",57.88
TUBEINVEST,EQ,2007-01-05,70.4,70.85,70.9,68.9,69.45,69.1,69.91,"79,689","55,70,931.35",-,"65,757",82.52
TUBEINVEST,EQ,2007-01-08,69.1,71.5,71.5,68.0,68.6,68.25,68.65,"84,287","57,86,169.05",-,"66,119",78.45
TUBEINVEST,EQ,2007-01-09,68.25,68.9,70.95,68.5,69.2,68.9,69.54,"1,24,979","86,90,514.60",-,"79,683",63.76
TUBEINVEST,EQ,2007-01-10,68.9,68.6,69.0,66.35,66.7,66.95,67.54,"1,01,124","68,29,769.35",-,"75,064",74.23
TUBEINVEST,EQ,2007-01-11,66.95,67.9,68.5,66.8,67.9,67.75,67.58,"52,707","35,62,152.40",-,"36,726",69.68
TUBEINVEST,EQ,2007-01-12,67.75,68.2,69.5,67.2,67.9,67.9,67.95,"1,33,009","90,37,770.20",-,"99,210",74.59
TUBEINVEST,EQ,2007-01-15,67.9,68.95,69.1,65.75,66.1,66.1,66.79,"2,05,944","1,37,55,368.15",-,"1,68,132",81.64
TUBEINVEST,EQ,2007-01-16,66.1,66.95,68.65,66.95,67.6,67.7,67.84,"1,77,968","1,20,72,988.55",-,"1,19,577",67.19
TUBEINVEST,EQ,2007-01-17,67.7,68.3,68.55,67.7,68.0,67.9,68.13,"70,747","48,19,988.90",-,"47,487",67.12
TUBEINVEST,EQ,2007-01-18,67.9,69.8,69.8,67.05,67.4,67.4,67.93,"1,11,375","75,65,517.75",-,"84,054",75.47
TUBEINVEST,EQ,2007-01-19,67.4,67.95,67.95,66.15,66.2,66.35,66.93,"79,272","53,05,496.15",-,"64,081",80.84
TUBEINVEST,EQ,2007-01-22,66.35,67.35,67.95,66.1,66.75,66.75,66.98,"89,258","59,78,787.55",-,"65,657",73.56
TUBEINVEST,EQ,2007-01-23,66.75,67.0,67.3,65.1,65.6,65.6,65.94,"65,237","43,01,963.85",-,"50,156",76.88
TUBEINVEST,EQ,2007-01-24,65.6,66.3,66.3,63.5,63.6,63.9,64.24,"1,27,685","82,02,493.55",-,"1,04,642",81.95
TUBEINVEST,EQ,2007-01-25,63.9,64.45,64.9,63.0,63.1,63.35,64.02,"86,460","55,35,092.75",-,"63,060",72.94
TUBEINVEST,EQ,2007-01-29,63.35,64.0,66.0,63.5,63.7,63.95,64.54,"92,832","59,91,054.50",-,"54,897",59.14
TUBEINVEST,EQ,2007-01-31,63.95,64.1,68.25,53.65,64.95,65.1,65.97,"4,36,229","2,87,77,531.05",-,"2,84,192",65.15
TUBEINVEST,EQ,2007-02-01,65.1,66.0,67.0,65.0,65.5,65.5,65.97,"2,21,002","1,45,80,054.30",-,"1,54,995",70.13
TUBEINVEST,EQ,2007-02-02,65.5,65.6,67.8,65.6,67.7,67.5,67.31,"2,68,999","1,81,07,416.00",-,"1,93,764",72.03
TUBEINVEST,EQ,2007-02-05,67.5,68.0,69.0,67.05,67.5,67.3,67.92,"9,59,647","6,51,78,595.80",-,"8,83,790",92.1
TUBEINVEST,EQ,2007-02-06,67.3,67.3,67.5,66.5,67.0,67.0,67.2,"1,39,416","93,68,636.35",-,"1,05,076",75.37
TUBEINVEST,EQ,2007-02-07,67.0,67.0,69.2,66.6,68.7,68.6,68.0,"1,78,654","1,21,48,001.45",-,"1,22,997",68.85
TUBEINVEST,EQ,2007-02-08,68.6,69.05,69.05,67.1,68.0,68.0,68.09,"90,553","61,65,975.50",-,"58,594",64.71
TUBEINVEST,EQ,2007-02-09,68.0,68.1,68.4,66.5,67.1,67.0,67.17,"75,114","50,45,761.30",-,"51,946",69.16
TUBEINVEST,EQ,2007-02-12,67.0,66.5,66.75,63.7,65.0,64.8,64.79,"1,14,594","74,25,018.05",-,"87,784",76.6
TUBEINVEST,EQ,2007-02-13,64.8,67.5,67.5,64.0,65.5,65.1,65.21,"69,585","45,37,824.25",-,"52,873",75.98
TUBEINVEST,EQ,2007-02-14,65.1,63.0,65.0,63.0,64.1,64.2,63.99,"59,794","38,26,024.25",-,"43,608",72.93
TUBEINVEST,EQ,2007-02-15,64.2,64.95,65.7,64.05,64.9,64.65,64.76,"53,955","34,94,334.60",-,"34,538",64.01
TUBEINVEST,EQ,2007-02-19,64.65,64.8,65.2,63.6,63.6,63.75,64.31,"28,551","18,36,143.30",-,"19,133",67.01
TUBEINVEST,EQ,2007-02-20,63.75,64.0,64.0,61.15,62.95,62.85,62.88,"31,509","19,81,375.40",-,"19,709",62.55
TUBEINVEST,EQ,2007-02-21,62.85,63.0,63.5,62.3,62.75,62.8,62.91,"33,962","21,36,712.95",-,"21,643",63.73
TUBEINVEST,EQ,2007-02-22,62.8,63.0,63.2,62.05,62.6,62.75,62.88,"38,895","24,45,826.55",-,"20,440",52.55
TUBEINVEST,EQ,2007-02-23,62.75,62.65,62.95,60.55,61.5,61.0,61.46,"58,198","35,76,704.35",-,"41,787",71.8
TUBEINVEST,EQ,2007-02-26,61.0,61.0,61.8,60.1,61.0,60.6,60.78,"36,717","22,31,789.50",-,"25,119",68.41
TUBEINVEST,EQ,2007-02-27,60.6,62.5,62.5,60.25,60.25,60.45,60.87,"51,746","31,49,540.70",-,"36,656",70.84
TUBEINVEST,EQ,2007-02-28,60.45,58.6,60.45,57.25,58.5,58.55,58.99,"58,754","34,66,046.25",-,"37,562",63.93
TUBEINVEST,EQ,2007-03-01,58.55,58.7,59.8,57.0,58.85,58.45,58.28,"39,666","23,11,816.40",-,"24,814",62.56
TUBEINVEST,EQ,2007-03-02,58.45,58.1,60.45,57.1,57.2,57.7,59.03,"41,960","24,77,020.10",-,"27,632",65.85
TUBEINVEST,EQ,2007-03-05,57.7,54.5,57.9,51.9,53.45,53.8,54.05,"1,14,239","61,74,089.00",-,"90,893",79.56
TUBEINVEST,EQ,2007-03-06,53.8,54.2,55.7,53.05,54.0,53.7,54.18,"36,299","19,66,705.20",-,"23,208",63.94
TUBEINVEST,EQ,2007-03-07,53.7,55.0,55.15,51.5,52.6,52.4,53.37,"54,238","28,94,837.00",-,"37,102",68.41
TUBEINVEST,EQ,2007-03-08,52.4,52.4,53.7,50.7,52.4,52.5,51.99,"44,221","22,99,244.50",-,"26,954",60.95
TUBEINVEST,EQ,2007-03-09,52.5,53.1,54.85,51.5,54.5,53.75,53.98,"13,12,488","7,08,45,209.00",-,"12,86,041",97.98
TUBEINVEST,EQ,2007-03-12,53.75,54.0,55.5,53.95,55.5,55.2,54.78,"40,671","22,27,812.10",-,"23,735",58.36
TUBEINVEST,EQ,2007-03-13,55.2,55.15,56.0,55.0,55.75,55.45,55.62,"25,692","14,29,037.00",-,"19,427",75.61
TUBEINVEST,EQ,2007-03-14,55.45,50.5,54.8,50.5,53.5,53.75,53.46,"31,846","17,02,539.10",-,"20,692",64.98
TUBEINVEST,EQ,2007-03-15,53.75,48.4,56.9,48.4,56.9,55.65,54.67,"13,10,682","7,16,52,034.75",-,"12,76,777",97.41
TUBEINVEST,EQ,2007-03-16,55.65,56.6,56.6,53.7,53.7,54.05,54.53,"46,162","25,17,361.55",-,"36,522",79.12
TUBEINVEST,EQ,2007-03-19,54.05,54.9,54.9,53.0,53.8,53.65,53.56,"43,354","23,22,007.85",-,"38,183",88.07
TUBEINVEST,EQ,2007-03-20,53.65,54.0,55.25,53.1,54.0,54.35,54.47,"22,298","12,14,653.25",-,"14,461",64.85
TUBEINVEST,EQ,2007-03-21,54.35,53.95,54.3,52.45,52.5,52.7,53.2,"46,814","24,90,599.00",-,"38,214",81.63
TUBEINVEST,EQ,2007-03-22,52.7,53.45,53.55,52.7,52.9,53.05,53.22,"40,916","21,77,368.50",-,"27,171",66.41
TUBEINVEST,EQ,2007-03-23,53.05,53.0,53.0,52.15,52.15,52.65,52.67,"43,013","22,65,507.85",-,"38,135",88.66
TUBEINVEST,EQ,2007-03-26,52.65,53.35,58.0,53.0,53.4,53.25,53.92,"1,58,426","85,42,424.90",-,"1,00,637",63.52
TUBEINVEST,EQ,2007-03-28,53.25,54.2,54.2,51.9,52.05,52.3,53.16,"1,56,469","83,17,506.30",-,"1,27,543",81.51
TUBEINVEST,EQ,2007-03-29,52.3,52.9,53.25,52.0,52.9,52.4,52.59,"71,915","37,82,014.85",-,"56,397",78.42
TUBEINVEST,EQ,2007-03-30,52.4,52.95,54.1,52.65,53.5,53.95,53.59,"51,450","27,57,428.55",-,"41,051",79.79
TUBEINVEST,EQ,2007-04-02,53.95,53.5,53.5,51.6,52.75,52.8,53.01,"21,105","11,18,731.95",-,"13,464",63.8
TUBEINVEST,EQ,2007-04-03,52.8,53.4,53.4,52.5,53.4,53.0,52.93,"32,937","17,43,483.95",-,"27,900",84.71
TUBEINVEST,EQ,2007-04-04,53.0,54.2,56.95,53.0,55.5,55.4,55.89,"2,50,475","1,39,98,486.15",-,"1,89,021",75.47
TUBEINVEST,EQ,2007-04-05,55.4,55.4,57.75,54.7,57.0,56.25,56.41,"1,94,526","1,09,72,706.25",-,"1,49,362",76.78
TUBEINVEST,EQ,2007-04-09,56.25,58.8,59.2,57.4,58.1,57.95,57.92,"31,960","18,51,195.70",-,"20,049",62.73
TUBEINVEST,EQ,2007-04-10,57.95,59.9,59.95,58.1,58.6,58.7,58.95,"57,815","34,08,416.45",-,"38,115",65.93
TUBEINVEST,EQ,2007-04-11,58.7,59.0,60.0,58.95,59.1,59.15,59.38,"35,919","21,32,721.85",-,"23,777",66.2
TUBEINVEST,EQ,2007-04-12,59.15,59.0,61.5,58.0,61.45,61.1,60.18,"71,746","43,17,431.50",-,"45,469",63.37
TUBEINVEST,EQ,2007-04-13,61.1,61.1,64.15,61.05,63.05,63.35,62.94,"1,08,172","68,08,656.30",-,"66,907",61.85
TUBEINVEST,EQ,2007-04-16,63.35,64.45,66.8,64.0,65.5,66.05,65.72,"99,784","65,57,647.65",-,"60,998",61.13
TUBEINVEST,EQ,2007-04-17,66.05,66.95,67.3,57.0,65.0,65.05,65.94,"68,869","45,41,307.80",-,"42,607",61.87
TUBEINVEST,EQ,2007-04-18,65.05,64.0,65.75,64.0,65.25,65.0,65.07,"41,563","27,04,556.95",-,"33,029",79.47
TUBEINVEST,EQ,2007-04-19,65.0,64.5,65.5,64.0,65.0,65.0,64.95,"67,216","43,65,448.70",-,"58,289",86.72
TUBEINVEST,EQ,2007-04-20,65.0,66.25,66.8,65.0,65.0,65.05,65.56,"35,790","23,46,411.95",-,"26,267",73.39
TUBEINVEST,EQ,2007-04-23,65.05,65.05,66.25,65.0,65.85,65.45,65.41,"33,098","21,65,101.90",-,"23,688",71.57
TUBEINVEST,EQ,2007-04-24,65.45,63.1,65.8,63.1,65.25,65.3,65.21,"38,032","24,79,932.25",-,"32,707",86.0
TUBEINVEST,EQ,2007-04-25,65.3,64.8,67.4,64.8,67.2,66.7,65.81,"53,469","35,18,683.80",-,"44,086",82.45
TUBEINVEST,EQ,2007-04-26,66.7,67.4,68.5,67.0,68.1,67.9,67.85,"78,028","52,94,249.25",-,"67,291",86.24
TUBEINVEST,EQ,2007-04-27,67.9,66.1,68.85,66.1,67.0,67.05,67.16,"60,746","40,79,556.45",-,"52,064",85.71
TUBEINVEST,EQ,2007-04-30,67.05,67.0,69.9,67.0,69.45,69.35,68.9,"1,51,921","1,04,66,726.85",-,"1,05,238",69.27
TUBEINVEST,EQ,2007-05-03,69.35,71.7,71.7,69.35,70.35,70.1,70.23,"1,39,954","98,29,452.20",-,"1,12,179",80.15
TUBEINVEST,EQ,2007-05-04,70.1,70.3,70.8,69.6,70.05,70.05,70.02,"1,22,725","85,93,815.60",-,"1,11,920",91.2
TUBEINVEST,EQ,2007-05-07,70.05,71.0,71.0,68.0,69.4,68.9,69.9,"1,08,350","75,73,844.30",-,"93,901",86.66
TUBEINVEST,EQ,2007-05-08,68.9,69.0,70.0,68.75,69.0,69.1,69.14,"71,272","49,27,595.05",-,"62,774",88.08
TUBEINVEST,EQ,2007-05-09,69.1,71.5,71.5,67.5,69.1,69.05,69.01,"70,672","48,77,261.40",-,"64,965",91.92
TUBEINVEST,EQ,2007-05-10,69.05,69.5,70.5,69.0,70.0,70.1,69.8,"1,34,207","93,67,140.65",-,"1,15,874",86.34
TUBEINVEST,EQ,2007-05-11,70.1,70.0,72.3,70.0,71.8,71.9,71.17,"1,08,459","77,18,936.55",-,"83,589",77.07
TUBEINVEST,EQ,2007-05-14,71.9,63.5,73.0,63.5,72.0,72.4,71.56,"71,032","50,83,246.10",-,"50,273",70.78
TUBEINVEST,EQ,2007-05-15,72.4,72.25,73.5,72.0,72.0,72.1,72.21,"50,612","36,54,506.30",-,"39,178",77.41
TUBEINVEST,EQ,2007-05-16,72.1,73.2,75.9,72.25,75.05,75.4,74.57,"1,76,473","1,31,60,313.20",-,"1,48,951",84.4
TUBEINVEST,EQ,2007-05-17,75.4,75.4,76.25,75.0,76.0,76.0,75.54,"88,058","66,51,874.50",-,"73,247",83.18
TUBEINVEST,EQ,2007-05-18,76.0,75.0,75.9,75.0,75.0,75.05,75.14,"37,426","28,12,133.95",-,"31,735",84.79
TUBEINVEST,EQ,2007-05-21,75.05,75.75,75.75,75.0,75.05,75.05,75.12,"62,264","46,76,970.20",-,"49,069",78.81
TUBEINVEST,EQ,2007-05-22,75.05,76.0,76.0,75.0,75.0,75.25,75.53,"52,408","39,58,445.15",-,"41,517",79.22
TUBEINVEST,EQ,2007-05-23,75.25,75.8,76.25,75.0,75.0,75.05,75.18,"51,420","38,65,748.40",-,"36,024",70.06
TUBEINVEST,EQ,2007-05-24,75.05,75.0,75.6,74.25,75.15,75.0,75.13,"52,628","39,53,966.80",-,"39,465",74.99
TUBEINVEST,EQ,2007-05-25,75.0,74.0,76.0,74.0,75.0,75.1,75.26,"47,570","35,80,354.15",-,"36,787",77.33
TUBEINVEST,EQ,2007-05-28,75.1,75.3,79.6,75.0,75.8,76.4,77.63,"1,74,376","1,35,36,807.35",-,"75,975",43.57
TUBEINVEST,EQ,2007-05-29,76.4,75.5,79.0,75.0,75.0,75.05,75.94,"46,055","34,97,219.75",-,"33,401",72.52
TUBEINVEST,EQ,2007-05-30,75.05,75.05,77.5,75.0,77.0,77.05,76.82,"85,856","65,95,191.40",-,"75,881",88.38
TUBEINVEST,EQ,2007-05-31,77.05,77.0,79.65,77.0,78.1,78.3,78.48,"1,01,785","79,88,566.30",-,"74,073",72.77
TUBEINVEST,EQ,2007-06-01,78.3,79.9,81.2,77.0,79.25,80.25,78.83,"2,30,883","1,82,01,114.20",-,"1,90,939",82.7
TUBEINVEST,EQ,2007-06-04,80.25,82.8,82.8,77.5,78.0,78.05,79.16,"60,475","47,87,383.65",-,"44,934",74.3
TUBEINVEST,EQ,2007-06-05,78.05,75.0,79.7,75.0,78.35,78.2,78.26,"46,539","36,42,371.45",-,"37,790",81.2
TUBEINVEST,EQ,2007-06-06,78.2,78.0,79.4,76.0,76.2,77.05,77.95,"55,883","43,56,335.85",-,"45,315",81.09
TUBEINVEST,EQ,2007-06-07,77.05,70.5,78.0,70.5,78.0,77.85,77.28,"78,081","60,34,251.90",-,"65,624",84.05
TUBEINVEST,EQ,2007-06-08,77.85,73.1,79.9,73.1,75.2,75.75,76.58,"32,783","25,10,672.70",-,"22,858",69.73
TUBEINVEST,EQ,2007-06-11,75.75,75.35,77.9,74.0,74.5,75.85,75.93,"63,170","47,96,288.95",-,"56,438",89.34
TUBEINVEST,EQ,2007-06-12,75.85,76.0,76.0,72.0,73.6,73.9,73.58,"41,382","30,45,050.80",-,"27,460",66.36
TUBEINVEST,EQ,2007-06-13,73.9,73.5,76.0,73.5,75.1,75.55,74.73,"38,199","28,54,509.40",-,"27,512",72.02
TUBEINVEST,EQ,2007-06-14,75.55,76.0,77.55,74.8,74.8,75.2,76.02,"40,487","30,77,723.75",-,"29,182",72.08
TUBEINVEST,EQ,2007-06-15,75.2,75.5,77.25,73.5,74.0,73.9,75.39,"81,622","61,53,341.15",-,"66,811",81.85
TUBEINVEST,EQ,2007-06-18,73.9,74.0,74.85,71.1,73.5,73.8,73.63,"31,563","23,24,090.45",-,"26,476",83.88
TUBEINVEST,EQ,2007-06-19,73.8,73.5,75.4,73.5,74.5,74.1,74.38,"21,723","16,15,732.30",-,"15,591",71.77
TUBEINVEST,EQ,2007-06-20,74.1,75.5,76.0,73.5,74.0,74.2,74.74,"20,916","15,63,198.85",-,"13,413",64.13
TUBEINVEST,EQ,2007-06-21,74.2,74.2,76.1,74.0,74.0,74.55,75.19,"1,57,421","1,18,36,803.75",-,"1,44,286",91.66
TUBEINVEST,EQ,2007-06-22,74.55,73.75,76.0,73.75,75.6,75.0,75.08,"41,729","31,33,130.45",-,"25,544",61.21
TUBEINVEST,EQ,2007-06-25,75.0,74.8,75.0,71.15,71.25,71.6,73.37,"67,110","49,23,641.65",-,"51,636",76.94
TUBEINVEST,EQ,2007-06-26,71.6,74.45,74.45,69.6,70.05,69.95,70.96,"75,497","53,56,939.85",-,"66,243",87.74
TUBEINVEST,EQ,2007-06-27,69.95,68.1,71.15,68.1,69.45,69.55,70.09,"28,201","19,76,502.35",-,"18,676",66.22
TUBEINVEST,EQ,2007-06-28,69.55,69.0,71.0,69.0,69.8,69.8,70.18,"31,348","21,99,935.20",-,"18,407",58.72
TUBEINVEST,EQ,2007-06-29,69.8,70.7,71.8,69.5,69.75,70.1,70.69,"33,253","23,50,492.80",-,"20,187",60.71
TUBEINVEST,EQ,2007-07-02,70.1,71.0,71.75,69.1,69.1,69.4,70.13,"16,856","11,82,044.50",-,"13,182",78.2
TUBEINVEST,EQ,2007-07-03,69.4,69.1,71.0,68.4,68.4,68.55,69.25,"31,003","21,46,874.70",-,"24,609",79.38
TUBEINVEST,EQ,2007-07-04,68.55,68.45,70.0,68.1,70.0,69.8,69.13,"23,622","16,33,042.90",-,"15,025",63.61
TUBEINVEST,EQ,2007-07-05,69.8,69.05,70.9,68.4,69.55,69.95,69.52,"19,680","13,68,136.60",-,"13,435",68.27
TUBEINVEST,EQ,2007-07-06,69.95,71.9,72.0,70.0,71.3,70.9,71.01,"43,477","30,87,366.75",-,"32,052",73.72
TUBEINVEST,EQ,2007-07-09,70.9,70.0,72.9,69.65,70.0,70.05,70.72,"38,183","27,00,116.80",-,"24,917",65.26
TUBEINVEST,EQ,2007-07-10,70.05,72.9,72.9,56.9,68.8,69.2,69.58,"31,110","21,64,679.55",-,"27,843",89.5
TUBEINVEST,EQ,2007-07-11,69.2,68.8,70.4,67.8,68.75,68.45,68.74,"47,947","32,96,103.40",-,"34,311",71.56
TUBEINVEST,EQ,2007-07-12,68.45,78.0,78.0,67.8,68.55,68.8,68.44,"36,840","25,21,408.75",-,"28,728",77.98
TUBEINVEST,EQ,2007-07-13,68.8,66.0,73.0,66.0,68.9,68.65,69.74,"22,727","15,84,976.55",-,"15,658",68.9
TUBEINVEST,EQ,2007-07-16,68.65,71.95,71.95,66.45,67.0,67.2,67.27,"81,391","54,75,283.65",-,"65,602",80.6
TUBEINVEST,EQ,2007-07-17,67.2,72.0,72.0,67.0,68.1,67.85,67.6,"32,967","22,28,449.00",-,"27,117",82.25
TUBEINVEST,EQ,2007-07-18,67.85,71.0,71.0,61.1,67.2,67.05,67.28,"1,22,567","82,46,008.40",-,"1,17,532",95.89
TUBEINVEST,EQ,2007-07-19,67.05,68.0,70.0,66.0,66.7,66.45,66.64,"86,881","57,89,842.85",-,"77,935",89.7
TUBEINVEST,EQ,2007-07-20,66.45,66.7,67.8,65.55,66.75,66.65,66.58,"35,748","23,79,923.90",-,"22,141",61.94
TUBEINVEST,EQ,2007-07-23,66.65,65.6,67.95,65.0,65.3,65.15,65.56,"20,846","13,66,621.55",-,"14,210",68.17
TUBEINVEST,EQ,2007-07-24,65.15,64.05,68.2,64.05,66.0,66.05,66.2,"37,237","24,65,271.10",-,"32,011",85.97
TUBEINVEST,EQ,2007-07-25,66.05,65.0,67.0,65.0,66.0,66.05,66.0,"55,893","36,88,782.40",-,"50,906",91.08
TUBEINVEST,EQ,2007-07-26,66.05,66.0,66.7,65.0,65.25,65.65,65.77,"50,707","33,34,996.20",-,"36,489",71.96
TUBEINVEST,EQ,2007-07-27,65.65,65.0,65.7,63.0,63.45,63.25,63.83,"25,465","16,25,354.35",-,"18,719",73.51
TUBEINVEST,EQ,2007-07-30,63.25,63.25,63.5,61.05,61.75,62.25,62.32,"34,695","21,62,229.25",-,"25,529",73.58
TUBEINVEST,EQ,2007-07-31,62.25,62.05,64.5,62.05,62.8,62.9,62.96,"17,247","10,85,822.75",-,"9,893",57.36
TUBEINVEST,EQ,2007-08-01,62.9,62.9,63.5,60.0,60.0,60.7,62.11,"47,725","29,64,161.95",-,"39,557",82.89
TUBEINVEST,EQ,2007-08-02,60.7,60.7,63.0,55.6,62.0,62.25,62.1,"92,774","57,61,180.35",-,"56,828",61.25
TUBEINVEST,EQ,2007-08-03,62.25,64.0,64.0,60.25,62.95,62.4,62.58,"42,414","26,54,108.70",-,"27,891",65.76
TUBEINVEST,EQ,2007-08-06,62.4,62.45,62.45,60.5,61.5,61.2,61.66,"35,203","21,70,504.30",-,"29,405",83.53
TUBEINVEST,EQ,2007-08-07,61.2,63.95,64.0,61.45,61.9,61.8,62.19,"32,051","19,93,176.90",-,"21,884",68.28
TUBEINVEST,EQ,2007-08-08,61.8,62.0,62.75,61.35,61.8,61.85,62.01,"21,718","13,46,675.05",-,"13,371",61.57
TUBEINVEST,EQ,2007-08-09,61.85,62.0,62.85,60.5,60.75,60.9,61.7,"25,238","15,57,088.80",-,"18,826",74.59
TUBEINVEST,EQ,2007-08-10,60.9,60.2,61.75,58.05,60.65,60.85,60.58,"33,181","20,10,123.30",-,"22,188",66.87
TUBEINVEST,EQ,2007-08-13,60.85,61.4,62.0,60.15,61.0,60.85,60.92,"34,300","20,89,460.65",-,"26,917",78.48
TUBEINVEST,EQ,2007-08-14,60.85,61.3,62.0,60.15,60.5,60.4,61.11,"34,198","20,89,904.50",-,"25,053",73.26
TUBEINVEST,EQ,2007-08-16,60.4,59.0,60.0,58.0,58.5,58.7,59.2,"37,741","22,34,167.25",-,"26,729",70.82
TUBEINVEST,EQ,2007-08-17,58.7,58.75,58.75,54.55,57.95,57.65,56.64,"68,494","38,79,680.65",-,"41,877",61.14
TUBEINVEST,EQ,2007-08-20,57.65,61.0,63.9,58.0,58.25,58.35,58.81,"27,285","16,04,623.10",-,"22,567",82.71
TUBEINVEST,EQ,2007-08-21,58.35,58.5,63.4,57.0,58.3,57.85,59.03,"49,710","29,34,334.35",-,"24,816",49.92
TUBEINVEST,EQ,2007-08-22,57.85,57.85,62.6,53.0,58.0,57.8,57.14,"20,337","11,62,047.05",-,"13,385",65.82
TUBEINVEST,EQ,2007-08-23,57.8,56.8,59.0,55.15,56.45,55.95,56.65,"26,170","14,82,476.95",-,"12,799",48.91
TUBEINVEST,EQ,2007-08-24,55.95,55.5,57.15,54.0,57.0,56.9,56.0,"16,472","9,22,431.80",-,"9,963",60.48
TUBEINVEST,EQ,2007-08-27,56.9,59.8,59.8,57.7,58.95,58.7,58.46,"12,393","7,24,486.10",-,"8,606",69.44
TUBEINVEST,EQ,2007-08-28,58.7,55.9,62.4,55.9,58.05,58.05,58.56,"15,658","9,17,010.50",-,"11,505",73.48
TUBEINVEST,EQ,2007-08-29,58.05,57.8,58.85,56.5,58.0,58.05,58.11,"16,256","9,44,621.05",-,"12,014",73.91
TUBEINVEST,EQ,2007-08-30,58.05,58.55,58.55,57.05,58.05,58.15,58.26,"20,152","11,74,047.10",-,"14,888",73.88
TUBEINVEST,EQ,2007-08-31,58.15,62.0,62.0,57.05,58.0,58.2,58.53,"25,363","14,84,398.65",-,"15,664",61.76
TUBEINVEST,EQ,2007-09-03,58.2,59.65,59.65,57.5,58.7,58.6,58.73,"17,821","10,46,680.15",-,"11,249",63.12
TUBEINVEST,EQ,2007-09-04,58.6,59.55,59.55,58.3,58.9,58.7,58.69,"30,255","17,75,522.70",-,"23,980",79.26
TUBEINVEST,EQ,2007-09-05,58.7,59.15,59.15,58.3,58.75,58.6,58.84,"16,708","9,83,098.15",-,"12,949",77.5
TUBEINVEST,EQ,2007-09-06,58.6,58.6,58.7,57.1,58.0,57.75,58.01,"33,824","19,62,104.10",-,"28,782",85.09
TUBEINVEST,EQ,2007-09-07,57.75,59.4,59.4,57.55,57.9,57.8,58.15,"22,463","13,06,316.85",-,"15,156",67.47
TUBEINVEST,EQ,2007-09-10,57.8,57.8,58.0,56.5,57.75,57.8,57.24,"55,686","31,87,482.15",-,"44,881",80.6
TUBEINVEST,EQ,2007-09-11,57.8,58.35,58.5,57.0,57.5,57.35,57.62,"21,329","12,28,998.50",-,"14,676",68.81
TUBEINVEST,EQ,2007-09-12,57.35,57.75,57.8,56.75,57.35,57.25,57.16,"53,303","30,46,993.45",-,"50,264",94.3
TUBEINVEST,EQ,2007-09-13,57.25,58.9,58.9,56.9,57.05,57.2,57.15,"1,04,213","59,55,344.10",-,"85,158",81.72
TUBEINVEST,EQ,2007-09-14,57.2,57.7,58.95,57.5,58.6,58.4,58.53,"66,905","39,15,819.25",-,"41,390",61.86
TUBEINVEST,BL,2007-09-14,451.3,57.0,57.0,57.0,57.0,57.0,57.0,"12,50,000","7,12,50,000.00",-,"12,50,000",100.0
TUBEINVEST,EQ,2007-09-17,58.4,58.5,62.45,58.0,60.3,60.8,61.1,"2,11,194","1,29,03,907.15",-,"1,06,549",50.45
TUBEINVEST,EQ,2007-09-18,60.8,61.0,64.1,61.0,63.4,63.45,63.24,"2,72,766","1,72,50,320.95",-,"1,83,496",67.27
TUBEINVEST,EQ,2007-09-19,63.45,64.0,66.75,64.0,64.35,64.6,64.91,"1,87,565","1,21,74,594.80",-,"1,16,799",62.27
TUBEINVEST,EQ,2007-09-20,64.6,64.6,65.0,63.0,63.5,63.6,63.91,"74,292","47,47,737.05",-,"47,722",64.24
TUBEINVEST,EQ,2007-09-21,63.6,63.5,64.3,61.9,62.05,62.05,62.73,"46,589","29,22,726.75",-,"30,672",65.84
TUBEINVEST,EQ,2007-09-24,62.05,63.8,63.8,60.2,61.0,61.05,61.35,"50,855","31,19,733.50",-,"35,898",70.59
TUBEINVEST,EQ,2007-09-25,61.05,62.0,62.0,58.2,58.8,59.0,59.69,"84,009","50,14,085.50",-,"67,241",80.04
TUBEINVEST,EQ,2007-09-26,59.0,59.5,60.25,58.4,59.9,59.9,59.61,"59,528","35,48,452.85",-,"48,049",80.72
TUBEINVEST,EQ,2007-09-27,59.9,61.0,62.4,60.15,60.55,60.3,60.99,"57,862","35,29,133.75",-,"45,310",78.31
TUBEINVEST,EQ,2007-09-28,60.3,61.9,61.9,59.45,60.0,60.0,60.27,"1,14,772","69,17,622.70",-,"1,06,151",92.49
TUBEINVEST,EQ,2007-10-01,60.0,60.95,63.0,59.15,61.9,61.9,61.68,"75,192","46,37,638.90",-,"52,606",69.96
TUBEINVEST,EQ,2007-10-03,61.9,61.9,63.0,59.05,59.7,59.8,60.74,"65,559","39,82,298.30",-,"43,509",66.37
TUBEINVEST,EQ,2007-10-04,59.8,59.1,60.0,58.3,58.85,58.8,59.36,"60,152","35,70,681.10",-,"42,325",70.36
TUBEINVEST,EQ,2007-10-05,58.8,59.85,59.85,58.1,58.7,58.45,58.53,"36,415","21,31,204.05",-,"26,056",71.55
TUBEINVEST,EQ,2007-10-08,58.45,61.3,61.3,54.6,55.25,55.7,56.18,"1,09,579","61,56,302.15",-,"71,857",65.58
TUBEINVEST,EQ,2007-10-09,55.7,56.45,60.0,54.2,60.0,59.25,56.22,"5,77,537","3,24,66,720.50",-,"5,46,216",94.58
TUBEINVEST,EQ,2007-10-10,59.25,59.25,60.0,57.1,57.55,57.45,58.34,"73,133","42,66,297.75",-,"54,569",74.62
TUBEINVEST,EQ,2007-10-11,57.45,57.85,57.85,54.6,54.75,54.95,55.67,"1,08,204","60,23,812.60",-,"92,651",85.63
TUBEINVEST,EQ,2007-10-12,54.95,55.35,56.6,54.05,55.7,55.5,55.58,"64,609","35,91,114.15",-,"44,259",68.5
TUBEINVEST,EQ,2007-10-15,55.5,57.5,57.5,54.8,55.35,55.25,55.77,"80,961","45,15,415.55",-,"56,959",70.35
TUBEINVEST,EQ,2007-10-16,55.25,55.0,57.5,55.0,56.9,56.6,56.53,"1,12,280","63,46,691.50",-,"93,744",83.49
TUBEINVEST,EQ,2007-10-17,56.6,54.1,56.95,50.05,56.0,56.0,55.6,"25,395","14,12,063.05",-,"15,301",60.25
TUBEINVEST,EQ,2007-10-18,56.0,56.1,57.1,55.05,55.1,55.7,56.15,"42,567","23,90,179.65",-,"25,063",58.88
TUBEINVEST,EQ,2007-10-19,55.7,54.55,55.7,53.9,54.25,54.35,54.4,"24,018","13,06,594.45",-,"16,202",67.46
TUBEINVEST,EQ,2007-10-22,54.35,53.0,54.55,51.25,53.95,53.8,53.85,"19,185","10,33,031.40",-,"13,073",68.14
TUBEINVEST,EQ,2007-10-23,53.8,56.0,60.0,54.0,55.4,55.3,54.94,"49,375","27,12,798.25",-,"31,716",64.23
TUBEINVEST,EQ,2007-10-24,55.3,55.95,56.6,54.55,55.1,55.1,55.48,"34,091","18,91,516.35",-,"20,108",58.98
TUBEINVEST,EQ,2007-10-25,55.1,56.9,60.4,55.1,60.0,59.75,57.94,"8,67,456","5,02,59,080.55",-,"8,32,092",95.92
TUBEINVEST,EQ,2007-10-26,59.75,60.0,68.0,59.1,64.25,64.25,64.48,"6,22,819","4,01,57,061.50",-,"2,00,484",32.19
TUBEINVEST,EQ,2007-10-29,64.25,67.3,69.9,65.0,65.6,65.7,66.9,"2,26,397","1,51,44,848.25",-,"1,26,286",55.78
TUBEINVEST,EQ,2007-10-30,65.7,64.0,68.6,62.15,63.0,62.85,64.18,"1,12,030","71,90,591.50",-,"70,432",62.87
TUBEINVEST,EQ,2007-10-31,62.85,62.85,63.9,61.05,61.1,61.55,62.35,"78,031","48,65,362.70",-,"55,004",70.49
TUBEINVEST,EQ,2007-11-01,61.55,63.0,67.8,58.0,59.0,58.85,61.58,"1,28,787","79,30,397.35",-,"74,473",57.83
TUBEINVEST,EQ,2007-11-02,58.85,57.15,61.0,56.1,59.5,59.4,59.16,"94,621","55,97,692.00",-,"62,302",65.84
TUBEINVEST,EQ,2007-11-05,59.4,62.2,62.2,58.7,60.85,60.15,60.3,"81,343","49,05,309.25",-,"47,711",58.65
TUBEINVEST,EQ,2007-11-06,60.15,60.85,62.35,60.0,60.05,60.2,61.22,"87,078","53,30,822.90",-,"62,152",71.38
TUBEINVEST,EQ,2007-11-07,60.2,61.9,61.9,57.7,58.0,58.05,58.35,"61,806","36,06,291.05",-,"47,725",77.22
TUBEINVEST,EQ,2007-11-08,58.05,58.0,59.5,57.4,58.75,58.75,58.58,"30,687","17,97,565.95",-,"22,105",72.03
TUBEINVEST,EQ,2007-11-09,58.75,59.5,61.3,58.05,59.1,59.65,59.64,"8,597","5,12,715.20",-,"5,450",63.39
TUBEINVEST,EQ,2007-11-12,59.65,57.4,59.7,57.0,57.3,57.5,57.63,"28,785","16,58,890.35",-,"18,884",65.6
TUBEINVEST,EQ,2007-11-13,57.5,60.0,60.0,57.5,58.9,58.45,58.71,"40,054","23,51,558.95",-,"22,464",56.08
TUBEINVEST,EQ,2007-11-14,58.45,59.0,62.9,58.2,60.3,60.05,60.17,"1,27,061","76,44,870.55",-,"70,310",55.34
TUBEINVEST,EQ,2007-11-15,60.05,61.3,61.5,60.1,60.55,60.5,60.84,"95,398","58,04,132.95",-,"72,915",76.43
TUBEINVEST,EQ,2007-11-16,60.5,68.1,68.1,61.0,63.0,63.1,63.5,"1,22,832","77,99,704.65",-,"63,747",51.9
TUBEINVEST,EQ,2007-11-19,63.1,64.0,65.1,63.0,64.75,64.5,64.36,"1,40,748","90,59,219.85",-,"82,851",58.86
TUBEINVEST,EQ,2007-11-20,64.5,63.95,67.9,63.95,65.1,65.5,66.39,"1,06,981","71,02,518.90",-,"67,702",63.28
TUBEINVEST,EQ,2007-11-21,65.5,64.1,67.95,63.0,67.0,66.35,65.63,"1,88,266","1,23,56,266.50",-,"1,49,038",79.16
TUBEINVEST,EQ,2007-11-22,66.35,66.1,67.0,63.1,65.55,65.95,65.24,"1,38,886","90,61,212.00",-,"77,161",55.56
TUBEINVEST,EQ,2007-11-23,65.95,66.0,68.5,64.6,66.1,65.95,65.59,"75,296","49,38,358.65",-,"44,706",59.37
TUBEINVEST,EQ,2007-11-26,65.95,66.1,68.0,63.75,63.75,64.3,65.72,"39,143","25,72,523.35",-,"23,495",60.02
TUBEINVEST,EQ,2007-11-27,64.3,64.0,67.0,64.0,65.65,66.35,65.94,"73,569","48,51,302.95",-,"39,879",54.21
TUBEINVEST,EQ,2007-11-28,66.35,67.0,72.75,67.0,69.0,69.45,69.85,"2,36,295","1,65,05,635.55",-,"1,39,568",59.07
TUBEINVEST,EQ,2007-11-29,69.45,70.0,71.65,68.0,68.0,68.1,69.48,"82,006","56,97,701.30",-,"53,037",64.67
TUBEINVEST,EQ,2007-11-30,68.1,54.95,70.1,54.95,68.8,68.35,68.58,"49,140","33,70,029.95",-,"30,951",62.99
TUBEINVEST,EQ,2007-12-03,68.35,69.0,69.9,66.55,68.2,67.7,68.12,"75,820","51,64,480.90",-,"49,732",65.59
TUBEINVEST,EQ,2007-12-04,67.7,67.0,75.0,67.0,71.1,71.45,72.04,"2,31,728","1,66,94,175.80",-,"1,10,373",47.63
TUBEINVEST,EQ,2007-12-05,71.45,71.45,74.0,71.45,73.1,73.2,73.23,"83,508","61,14,923.10",-,"56,939",68.18
TUBEINVEST,EQ,2007-12-06,73.2,75.0,77.0,74.0,75.0,75.0,75.33,"1,60,524","1,20,92,616.60",-,"1,07,302",66.84
TUBEINVEST,EQ,2007-12-07,75.0,75.5,82.5,75.5,81.9,81.65,80.03,"3,59,159","2,87,44,603.95",-,"2,23,603",62.26
TUBEINVEST,EQ,2007-12-10,81.65,81.65,86.5,79.9,80.0,80.5,82.78,"2,44,307","2,02,24,357.75",-,"1,45,771",59.67
TUBEINVEST,EQ,2007-12-11,80.5,81.0,86.0,80.0,81.5,80.45,82.06,"1,11,130","91,19,060.10",-,"67,880",61.08
TUBEINVEST,EQ,2007-12-12,80.45,80.0,83.0,77.4,82.7,82.45,82.32,"1,25,402","1,03,22,959.65",-,"65,635",52.34
TUBEINVEST,EQ,2007-12-13,82.45,83.0,83.95,79.05,79.8,79.85,81.26,"1,37,000","1,11,32,491.70",-,"97,893",71.45
TUBEINVEST,EQ,2007-12-14,79.85,78.1,81.65,78.1,79.1,79.55,80.59,"66,848","53,87,326.00",-,"47,824",71.54
TUBEINVEST,EQ,2007-12-17,79.55,81.0,83.5,73.1,76.4,75.0,78.55,"77,538","60,90,226.60",-,"55,232",71.23
TUBEINVEST,EQ,2007-12-18,75.0,75.0,80.0,74.0,78.05,78.05,76.98,"42,547","32,75,454.60",-,"25,066",58.91
TUBEINVEST,EQ,2007-12-19,78.05,80.25,81.0,75.25,76.45,75.85,78.48,"74,659","58,59,353.15",-,"39,164",52.46
TUBEINVEST,EQ,2007-12-20,75.85,79.5,79.5,75.5,76.5,76.15,76.1,"37,423","28,47,771.75",-,"26,099",69.74
TUBEINVEST,EQ,2007-12-24,76.15,79.0,80.9,76.35,80.3,79.1,78.2,"90,908","71,09,354.85",-,"69,108",76.02
TUBEINVEST,EQ,2007-12-26,79.1,79.3,82.0,77.05,78.05,78.5,79.42,"48,724","38,69,746.45",-,"33,617",68.99
TUBEINVEST,EQ,2007-12-27,78.5,79.1,80.9,77.6,80.1,80.0,79.17,"1,43,688","1,13,76,093.30",-,"90,770",63.17
TUBEINVEST,EQ,2007-12-28,80.0,78.2,81.5,78.2,81.0,81.0,80.18,"1,39,283","1,11,67,346.65",-,"78,709",56.51
TUBEINVEST,EQ,2007-12-31,81.0,82.8,94.2,81.0,88.0,88.25,89.04,"5,65,003","5,03,05,527.95",-,"2,47,042",43.72
TUBEINVEST,EQ,2008-01-01,88.25,89.9,92.7,88.0,91.0,90.4,90.24,"2,42,745","2,19,05,357.95",-,"1,36,915",56.4
TUBEINVEST,EQ,2008-01-02,90.4,91.0,97.4,88.05,93.55,94.05,93.55,"4,36,425","4,08,25,396.35",-,"2,30,121",52.73
TUBEINVEST,EQ,2008-01-03,94.05,96.0,96.0,89.5,90.75,90.9,92.0,"1,54,771","1,42,38,399.95",-,"91,741",59.28
TUBEINVEST,EQ,2008-01-04,90.9,92.0,93.0,87.1,87.1,87.9,89.42,"74,789","66,87,399.10",-,"50,135",67.04
TUBEINVEST,EQ,2008-01-07,87.9,88.95,91.0,86.75,89.25,89.15,89.78,"1,50,881","1,35,45,366.50",-,"91,916",60.92
TUBEINVEST,EQ,2008-01-08,89.15,87.4,92.5,84.6,88.0,87.85,87.52,"1,50,672","1,31,86,232.90",-,"84,317",55.96
TUBEINVEST,EQ,2008-01-09,87.85,85.15,88.9,85.15,86.0,85.7,86.86,"80,084","69,55,964.20",-,"44,400",55.44
TUBEINVEST,EQ,2008-01-10,85.7,86.25,88.5,82.0,83.0,84.35,86.58,"1,13,286","98,08,048.25",-,"64,625",57.05
TUBEINVEST,EQ,2008-01-11,84.35,83.45,84.0,80.0,82.6,82.7,83.15,"1,12,566","93,59,379.45",-,"57,063",50.69
TUBEINVEST,EQ,2008-01-14,82.7,83.0,84.7,78.0,84.5,83.95,83.25,"48,259","40,17,574.90",-,"27,288",56.54
TUBEINVEST,EQ,2008-01-15,83.95,84.9,85.5,80.5,80.5,84.35,84.14,"60,700","51,07,367.05",-,"32,679",53.84
TUBEINVEST,EQ,2008-01-16,84.35,82.1,82.1,79.0,80.4,81.55,80.65,"86,346","69,63,644.10",-,"43,148",49.97
TUBEINVEST,EQ,2008-01-17,81.55,81.55,84.0,80.6,83.7,83.3,82.4,"32,814","27,03,967.35",-,"15,492",47.21
TUBEINVEST,EQ,2008-01-18,83.3,83.9,83.9,80.45,81.5,81.1,82.08,"81,397","66,81,368.60",-,"42,447",52.15
TUBEINVEST,EQ,2008-01-21,81.1,79.1,80.9,65.0,72.85,71.45,74.68,"1,34,737","1,00,62,239.90",-,"84,377",62.62
TUBEINVEST,EQ,2008-01-22,71.45,66.0,68.0,57.5,62.0,65.25,63.4,"46,420","29,42,976.00",-,"29,428",63.4
TUBEINVEST,EQ,2008-01-23,65.25,62.55,70.0,61.5,66.0,67.1,65.57,"28,932","18,97,033.80",-,"19,246",66.52
TUBEINVEST,EQ,2008-01-24,67.1,68.0,70.9,65.0,68.0,67.9,67.26,"44,476","29,91,647.80",-,"24,519",55.13
TUBEINVEST,EQ,2008-01-25,67.9,66.05,69.9,65.3,68.0,68.15,67.24,"33,070","22,23,631.65",-,"18,126",54.81
TUBEINVEST,EQ,2008-01-28,68.15,66.1,68.55,65.0,68.0,68.1,66.65,"26,014","17,33,865.15",-,"15,091",58.01
TUBEINVEST,EQ,2008-01-29,68.1,68.6,70.5,66.05,66.1,66.6,67.42,"10,840","7,30,861.05",-,"5,737",52.92
TUBEINVEST,EQ,2008-01-30,66.6,69.85,69.85,66.0,66.0,66.1,66.41,"11,253","7,47,309.70",-,"9,462",84.08
TUBEINVEST,EQ,2008-01-31,66.1,65.2,69.5,65.2,68.4,67.65,67.83,"29,489","20,00,378.75",-,"18,741",63.55
TUBEINVEST,EQ,2008-02-01,67.65,69.8,69.8,65.0,65.1,66.3,66.46,"15,195","10,09,789.45",-,"10,128",66.65
TUBEINVEST,EQ,2008-02-04,66.3,66.95,70.0,65.25,69.0,69.15,68.82,"24,289","16,71,499.45",-,"20,261",83.42
TUBEINVEST,EQ,2008-02-05,69.15,69.9,69.9,67.5,69.75,69.35,69.25,"7,001","4,84,842.20",-,"4,683",66.89
TUBEINVEST,EQ,2008-02-06,69.35,68.05,69.5,63.3,67.8,67.55,67.87,"11,589","7,86,511.80",-,"5,469",47.19
TUBEINVEST,EQ,2008-02-07,67.55,69.8,71.0,67.9,69.0,69.9,69.18,"58,993","40,81,143.75",-,"27,844",47.2
TUBEINVEST,EQ,2008-02-08,69.9,71.85,71.85,65.45,69.0,68.85,67.99,"14,934","10,15,369.65",-,"10,132",67.85
TUBEINVEST,EQ,2008-02-11,68.85,66.0,68.65,60.0,64.0,65.75,65.73,"25,937","17,04,832.00",-,"18,723",72.19
TUBEINVEST,EQ,2008-02-12,65.75,64.4,65.05,60.0,60.1,61.0,61.93,"38,196","23,65,479.70",-,"28,000",73.31
TUBEINVEST,EQ,2008-02-13,61.0,63.0,64.85,60.0,64.85,62.65,61.65,"23,928","14,75,095.35",-,"19,642",82.09
TUBEINVEST,EQ,2008-02-14,62.65,62.5,68.1,62.5,65.0,64.8,64.4,"1,90,168","1,22,46,412.65",-,"43,775",23.02
TUBEINVEST,EQ,2008-02-15,64.8,63.0,67.8,62.6,63.6,63.4,64.85,"3,42,121","2,21,86,095.15",-,"1,41,710",41.42
TUBEINVEST,EQ,2008-02-18,63.4,64.6,66.7,62.6,65.45,65.05,64.83,"2,07,282","1,34,37,384.10",-,"1,03,423",49.89
TUBEINVEST,EQ,2008-02-19,65.05,66.9,69.7,65.2,66.5,66.55,67.28,"1,35,951","91,46,249.50",-,"67,305",49.51
TUBEINVEST,EQ,2008-02-20,66.55,61.0,67.5,61.0,65.1,65.45,66.47,"43,544","28,94,408.45",-,"19,287",44.29
TUBEINVEST,EQ,2008-02-21,65.45,67.0,68.3,64.45,64.75,65.1,65.42,"1,60,440","1,04,96,436.30",-,"1,29,752",80.87
TUBEINVEST,EQ,2008-02-22,65.1,65.7,65.7,63.05,63.15,63.65,64.45,"16,050","10,34,448.35",-,"10,563",65.81
TUBEINVEST,EQ,2008-02-25,63.65,64.25,65.0,62.05,63.4,63.45,63.16,"37,457","23,65,810.25",-,"20,298",54.19
TUBEINVEST,EQ,2008-02-26,63.45,63.9,64.25,62.95,63.1,63.45,63.56,"42,645","27,10,727.15",-,"28,939",67.86
TUBEINVEST,EQ,2008-02-27,63.45,63.0,65.3,62.5,62.5,62.95,63.88,"28,406","18,14,709.85",-,"21,445",75.49
TUBEINVEST,EQ,2008-02-28,62.95,63.75,64.0,62.1,63.3,63.35,63.2,"26,610","16,81,875.35",-,"18,639",70.05
TUBEINVEST,EQ,2008-02-29,63.35,62.55,63.95,60.15,63.0,61.65,62.1,"25,913","16,09,325.60",-,"15,626",60.3
TUBEINVEST,EQ,2008-03-03,61.65,60.5,62.5,57.0,60.1,60.25,60.98,"24,424","14,89,389.65",-,"15,533",63.6
TUBEINVEST,EQ,2008-03-04,60.25,60.0,61.75,57.5,58.6,58.6,58.87,"32,447","19,10,306.40",-,"21,683",66.83
TUBEINVEST,EQ,2008-03-05,58.6,57.5,60.0,55.6,56.15,56.25,56.84,"18,469","10,49,775.65",-,"15,488",83.86
TUBEINVEST,EQ,2008-03-07,56.25,56.0,56.0,53.0,55.3,55.3,54.44,"29,134","15,86,027.85",-,"16,449",56.46
TUBEINVEST,EQ,2008-03-10,55.3,51.15,57.0,49.5,56.3,56.0,52.54,"76,613","40,25,468.60",-,"49,428",64.52
TUBEINVEST,EQ,2008-03-11,56.0,54.3,58.0,54.3,55.7,56.45,56.7,"15,865","8,99,588.35",-,"7,107",44.8
TUBEINVEST,EQ,2008-03-12,56.45,58.4,59.5,54.0,54.5,54.2,56.51,"34,581","19,54,020.30",-,"24,423",70.63
TUBEINVEST,EQ,2008-03-13,54.2,54.9,55.9,54.0,54.5,54.2,54.34,"13,105","7,12,096.80",-,"9,482",72.35
TUBEINVEST,EQ,2008-03-14,54.2,54.5,56.0,54.0,55.3,55.35,54.29,"14,770","8,01,838.90",-,"11,797",79.87
TUBEINVEST,EQ,2008-03-17,55.35,56.8,57.25,53.0,56.0,56.95,56.79,"5,63,326","3,19,91,652.15",-,"5,30,842",94.23
TUBEINVEST,EQ,2008-03-18,56.95,56.0,56.0,54.0,54.75,54.35,55.06,"15,977","8,79,688.45",-,"12,421",77.74
TUBEINVEST,EQ,2008-03-19,54.35,56.0,57.7,54.0,57.55,56.8,57.47,"15,93,321","9,15,66,614.75",-,"15,66,740",98.33
TUBEINVEST,EQ,2008-03-24,56.8,58.0,58.5,53.0,53.45,53.25,54.54,"26,438","14,41,998.35",-,"18,526",70.07
TUBEINVEST,EQ,2008-03-25,53.25,56.0,58.0,55.0,56.0,56.2,57.43,"9,50,621","5,45,93,606.40",-,"9,45,432",99.45
TUBEINVEST,EQ,2008-03-26,56.2,56.1,57.0,56.0,56.4,56.35,56.21,"22,366","12,57,088.45",-,"19,512",87.24
TUBEINVEST,EQ,2008-03-27,56.35,56.9,57.0,55.0,56.15,56.35,56.22,"16,839","9,46,664.55",-,"12,238",72.68
TUBEINVEST,EQ,2008-03-28,56.35,57.0,57.9,56.2,57.0,57.15,56.88,"9,123","5,18,912.10",-,"6,191",67.86
TUBEINVEST,BL,2008-03-31,57.0,57.5,57.5,57.5,57.5,57.5,57.5,"57,50,000","33,06,25,000.00",-,"57,50,000",100.0
TUBEINVEST,EQ,2008-03-31,57.15,57.0,60.5,56.8,58.5,57.45,58.53,"39,870","23,33,675.60",-,"22,591",56.66
TUBEINVEST,EQ,2008-04-01,57.45,60.0,60.0,56.65,58.5,59.2,58.67,"11,689","6,85,738.70",-,"8,820",75.46
TUBEINVEST,EQ,2008-04-02,59.2,60.0,60.0,57.3,57.3,58.15,58.87,"22,453","13,21,770.65",-,"15,948",71.03
TUBEINVEST,EQ,2008-04-03,58.15,58.5,59.5,54.1,56.0,56.1,56.87,"23,783","13,52,516.55",-,"20,242",85.11
TUBEINVEST,EQ,2008-04-04,56.1,57.9,57.9,55.0,55.7,55.15,55.36,"17,063","9,44,626.45",-,"13,039",76.42
TUBEINVEST,EQ,2008-04-07,55.15,55.25,56.0,54.5,54.55,55.1,55.07,"18,751","10,32,691.15",-,"15,500",82.66
TUBEINVEST,EQ,2008-04-08,55.1,54.8,55.95,54.2,54.2,54.3,54.84,"12,002","6,58,198.35",-,"6,862",57.17
TUBEINVEST,EQ,2008-04-09,54.3,55.0,55.5,54.55,54.7,54.8,54.9,"11,087","6,08,703.10",-,"10,039",90.55
TUBEINVEST,EQ,2008-04-10,54.8,54.05,55.9,54.05,54.55,54.9,55.33,"12,839","7,10,378.50",-,"6,358",49.52
TUBEINVEST,EQ,2008-04-11,54.9,55.15,55.65,54.65,55.3,55.05,55.05,"6,598","3,63,234.75",-,"4,724",71.6
TUBEINVEST,EQ,2008-04-15,55.05,55.2,55.45,54.7,55.1,54.8,54.98,"7,700","4,23,356.05",-,"4,189",54.4
TUBEINVEST,EQ,2008-04-16,54.8,55.75,55.95,55.45,55.9,55.8,55.72,"8,724","4,86,061.25",-,"7,990",91.59
TUBEINVEST,EQ,2008-04-17,55.8,55.25,57.4,55.25,57.25,57.0,56.85,"19,205","10,91,855.10",-,"12,722",66.24
TUBEINVEST,EQ,2008-04-21,57.0,57.25,59.0,55.75,57.8,58.65,58.0,"29,599","17,16,825.80",-,"13,533",45.72
TUBEINVEST,EQ,2008-04-22,58.65,58.45,59.9,57.6,57.95,57.9,58.84,"18,822","11,07,545.95",-,"9,896",52.58
TUBEINVEST,EQ,2008-04-23,57.9,58.85,59.0,57.1,58.3,57.8,58.02,"15,895","9,22,276.60",-,"12,158",76.49
TUBEINVEST,EQ,2008-04-24,57.8,55.8,58.9,55.8,57.9,57.65,58.09,"16,544","9,61,073.70",-,"11,841",71.57
TUBEINVEST,EQ,2008-04-25,57.65,58.6,58.6,55.4,56.6,56.9,56.91,"15,455","8,79,492.50",-,"10,600",68.59
TUBEINVEST,EQ,2008-04-28,56.9,56.25,58.45,55.25,57.0,56.5,56.65,"16,065","9,10,087.80",-,"11,820",73.58
TUBEINVEST,EQ,2008-04-29,56.5,58.55,58.55,55.75,56.7,56.5,56.68,"14,502","8,22,003.75",-,"6,910",47.65
TUBEINVEST,EQ,2008-04-30,56.5,54.9,56.95,53.25,56.4,55.9,56.26,"24,512","13,79,145.05",-,"18,260",74.49
TUBEINVEST,EQ,2008-05-02,55.9,57.1,57.1,44.75,55.0,55.2,54.87,"98,880","54,25,595.55",-,"69,650",70.44
TUBEINVEST,EQ,2008-05-05,55.2,57.9,58.0,54.1,54.75,55.0,55.28,"47,227","26,10,865.35",-,"31,230",66.13
TUBEINVEST,EQ,2008-05-06,55.0,54.55,56.3,54.0,55.3,55.5,55.47,"30,116","16,70,496.95",-,"19,648",65.24
TUBEINVEST,EQ,2008-05-07,55.5,54.05,55.95,53.05,53.6,53.35,54.28,"42,468","23,05,016.30",-,"33,409",78.67
TUBEINVEST,EQ,2008-05-08,53.35,53.2,54.3,43.05,52.75,52.8,52.51,"29,694","15,59,128.95",-,"17,721",59.68
TUBEINVEST,EQ,2008-05-09,52.8,55.25,55.55,48.05,48.75,49.0,50.35,"91,119","45,87,468.80",-,"74,872",82.17
TUBEINVEST,EQ,2008-05-12,49.0,49.9,51.25,48.5,50.05,49.55,49.8,"46,155","22,98,694.10",-,"27,065",58.64
TUBEINVEST,EQ,2008-05-13,49.55,51.0,51.45,50.0,50.05,50.25,50.65,"17,256","8,73,960.75",-,"13,628",78.98
TUBEINVEST,EQ,2008-05-14,50.25,50.5,50.9,50.0,50.5,50.4,50.34,"11,387","5,73,223.55",-,"8,107",71.2
TUBEINVEST,EQ,2008-05-15,50.4,50.1,52.25,50.1,52.25,51.65,51.08,"24,528","12,52,930.80",-,"17,224",70.22
TUBEINVEST,EQ,2008-05-16,51.65,52.0,53.0,51.0,51.8,52.15,51.96,"16,601","8,62,665.50",-,"12,142",73.14
TUBEINVEST,EQ,2008-05-20,52.15,51.8,52.85,51.8,52.65,52.55,52.27,"8,374","4,37,670.10",-,"6,028",71.98
TUBEINVEST,EQ,2008-05-21,52.55,52.95,53.0,51.3,51.8,52.05,52.05,"6,490","3,37,794.10",-,"4,811",74.13
TUBEINVEST,EQ,2008-05-22,52.05,51.95,52.0,51.05,51.15,51.2,51.59,"6,484","3,34,478.50",-,"5,453",84.1
TUBEINVEST,EQ,2008-05-23,51.2,51.2,51.2,49.75,50.4,50.15,50.5,"15,619","7,88,814.50",-,"13,492",86.38
TUBEINVEST,EQ,2008-05-26,50.15,50.4,50.85,49.3,50.0,49.85,49.95,"7,574","3,78,306.65",-,"6,211",82.0
TUBEINVEST,EQ,2008-05-27,49.85,50.5,50.5,48.6,48.6,48.95,49.39,"5,362","2,64,833.30",-,"4,386",81.8
TUBEINVEST,EQ,2008-05-28,48.95,48.0,50.95,48.0,49.35,49.0,48.8,"7,244","3,53,513.90",-,"5,803",80.11
TUBEINVEST,EQ,2008-05-29,49.0,49.95,50.05,48.05,48.1,48.1,48.63,"10,796","5,24,985.80",-,"8,267",76.57
TUBEINVEST,EQ,2008-05-30,48.1,49.75,49.75,46.0,46.6,46.7,47.61,"25,163","11,97,912.60",-,"17,978",71.45
TUBEINVEST,EQ,2008-06-02,46.7,46.85,48.0,46.45,47.25,47.0,46.95,"14,085","6,61,355.80",-,"7,869",55.87
TUBEINVEST,EQ,2008-06-03,47.0,47.0,48.0,45.75,47.15,47.55,46.97,"11,830","5,55,696.70",-,"8,145",68.85
TUBEINVEST,EQ,2008-06-04,47.55,48.2,48.2,46.1,46.1,46.3,47.16,"11,450","5,39,984.60",-,"10,147",88.62
TUBEINVEST,EQ,2008-06-05,46.3,46.3,46.3,45.1,45.3,45.25,45.47,"14,636","6,65,514.25",-,"12,433",84.95
TUBEINVEST,EQ,2008-06-06,45.25,46.7,46.7,45.6,45.65,45.7,45.86,"10,012","4,59,171.90",-,"7,735",77.26
TUBEINVEST,EQ,2008-06-09,45.7,51.95,51.95,37.25,43.25,43.4,43.94,"13,934","6,12,223.45",-,"9,295",66.71
TUBEINVEST,EQ,2008-06-10,43.4,42.95,44.65,42.5,43.25,43.0,43.4,"19,674","8,53,935.30",-,"11,448",58.19
TUBEINVEST,EQ,2008-06-11,43.0,43.5,45.0,43.1,43.1,43.2,43.6,"8,312","3,62,441.00",-,"5,592",67.28
TUBEINVEST,EQ,2008-06-12,43.2,44.45,45.0,42.3,45.0,44.65,43.78,"21,234","9,29,665.10",-,"16,070",75.68
TUBEINVEST,EQ,2008-06-13,44.65,45.9,46.6,44.85,46.4,46.0,46.0,"12,830","5,90,140.40",-,"9,112",71.02
TUBEINVEST,EQ,2008-06-16,46.0,46.15,48.0,45.0,46.0,46.05,46.34,"19,517","9,04,456.25",-,"8,871",45.45
TUBEINVEST,EQ,2008-06-17,46.05,46.0,46.7,45.6,46.7,46.45,46.04,"3,743","1,72,333.25",-,"2,432",64.97
TUBEINVEST,EQ,2008-06-18,46.45,46.0,46.65,45.1,45.6,46.1,46.04,"8,809","4,05,575.10",-,"5,685",64.54
TUBEINVEST,EQ,2008-06-19,46.1,45.15,45.95,45.0,45.7,45.3,45.32,"3,522","1,59,602.80",-,"2,710",76.94
TUBEINVEST,EQ,2008-06-20,45.3,45.35,47.5,45.0,45.45,45.1,45.26,"16,350","7,39,959.75",-,"11,270",68.93
TUBEINVEST,EQ,2008-06-23,45.1,45.0,45.0,43.15,44.65,43.75,43.7,"9,664","4,22,305.85",-,"6,156",63.7
TUBEINVEST,EQ,2008-06-24,43.75,44.0,44.25,42.5,43.25,42.65,43.0,"12,341","5,30,614.45",-,"10,095",81.8
TUBEINVEST,EQ,2008-06-25,42.65,42.5,43.75,41.6,42.5,42.3,42.08,"12,425","5,22,802.15",-,"8,469",68.16
TUBEINVEST,EQ,2008-06-26,42.3,42.5,42.95,41.3,41.6,41.4,41.82,"8,416","3,51,943.55",-,"6,432",76.43
TUBEINVEST,EQ,2008-06-27,41.4,41.7,42.15,38.3,41.35,41.5,41.32,"9,359","3,86,676.45",-,"5,900",63.04
TUBEINVEST,EQ,2008-06-30,41.5,41.05,48.9,40.75,44.3,44.45,41.79,"85,92,169","35,90,50,264.20",-,"83,47,276",97.15
TUBEINVEST,EQ,2008-07-01,44.45,46.8,47.1,41.0,41.15,41.55,43.54,"63,781","27,76,808.35",-,"23,275",36.49
TUBEINVEST,EQ,2008-07-02,41.55,40.55,44.8,40.0,42.6,43.55,42.02,"31,082","13,06,044.35",-,"16,383",52.71
TUBEINVEST,EQ,2008-07-03,43.55,42.0,43.5,40.1,40.2,40.25,40.74,"24,180","9,85,133.05",-,"20,594",85.17
TUBEINVEST,EQ,2008-07-04,40.25,42.0,42.0,40.15,40.85,41.15,41.2,"10,321","4,25,224.65",-,"5,143",49.83
TUBEINVEST,EQ,2008-07-07,41.15,41.15,43.6,40.25,40.25,41.2,41.72,"16,397","6,84,123.10",-,"11,099",67.69
TUBEINVEST,EQ,2008-07-08,41.2,41.0,41.5,40.55,41.0,41.1,41.08,"10,228","4,20,216.70",-,"5,829",56.99
TUBEINVEST,EQ,2008-07-09,41.1,40.05,45.0,40.05,43.75,44.1,43.08,"26,608","11,46,282.70",-,"20,644",77.59
TUBEINVEST,EQ,2008-07-10,44.1,43.0,43.95,42.45,42.9,43.2,43.4,"7,000","3,03,783.45",-,"4,981",71.16
TUBEINVEST,EQ,2008-07-11,43.2,43.9,44.1,42.1,42.9,42.75,43.17,"5,833","2,51,808.45",-,"2,876",49.31
TUBEINVEST,EQ,2008-07-14,42.75,44.0,44.0,42.1,42.6,42.6,42.55,"6,124","2,60,564.80",-,"4,096",66.88
TUBEINVEST,EQ,2008-07-15,42.6,41.0,42.5,40.85,41.05,41.3,41.51,"8,560","3,55,368.30",-,"4,108",47.99
TUBEINVEST,EQ,2008-07-16,41.3,41.65,42.85,40.0,40.2,40.45,41.21,"8,359","3,44,487.70",-,"6,683",79.95
TUBEINVEST,EQ,2008-07-17,40.45,41.75,43.7,40.1,40.85,40.7,41.39,"14,425","5,97,059.70",-,"8,710",60.38
TUBEINVEST,EQ,2008-07-18,40.7,40.95,42.65,40.95,41.5,42.15,41.98,"13,774","5,78,245.15",-,"11,177",81.15
TUBEINVEST,EQ,2008-07-21,42.15,41.1,41.5,41.0,41.5,41.2,41.2,"10,033","4,13,346.60",-,"6,640",66.18
TUBEINVEST,EQ,2008-07-22,41.2,41.1,43.2,41.0,43.0,42.75,42.57,"12,000","5,10,794.80",-,"7,310",60.92
TUBEINVEST,EQ,2008-07-23,42.75,43.9,45.5,43.0,43.4,43.75,43.96,"19,035","8,36,841.20",-,"14,397",75.63
TUBEINVEST,EQ,2008-07-24,43.75,44.8,45.0,41.5,41.9,41.85,43.34,"14,861","6,44,067.55",-,"9,535",64.16
TUBEINVEST,EQ,2008-07-25,41.85,41.5,43.3,41.5,43.0,42.4,42.32,"7,797","3,29,987.85",-,"5,765",73.94
TUBEINVEST,EQ,2008-07-28,42.4,42.0,44.1,42.0,42.75,43.1,43.43,"10,553","4,58,314.70",-,"6,924",65.61
TUBEINVEST,EQ,2008-07-29,43.1,43.5,44.0,41.05,43.9,43.7,43.38,"11,032","4,78,555.05",-,"7,971",72.25
TUBEINVEST,EQ,2008-07-30,43.7,44.5,45.6,43.05,44.7,44.45,44.54,"16,334","7,27,553.65",-,"9,838",60.23
TUBEINVEST,EQ,2008-07-31,44.45,44.05,44.9,44.0,44.1,44.15,44.26,"7,582","3,35,594.50",-,"6,565",86.59
TUBEINVEST,EQ,2008-08-01,44.15,44.5,51.4,44.1,50.9,49.95,47.92,"67,490","32,34,254.45",-,"40,473",59.97
TUBEINVEST,EQ,2008-08-04,49.95,50.0,54.8,49.0,53.0,52.55,51.33,"66,501","34,13,737.10",-,"35,919",54.01
TUBEINVEST,EQ,2008-08-05,52.55,52.85,54.7,50.0,50.75,50.5,51.71,"16,434","8,49,849.30",-,"10,370",63.1
TUBEINVEST,EQ,2008-08-06,50.5,52.0,53.0,50.55,53.0,52.3,51.5,"27,506","14,16,649.10",-,"20,716",75.31
TUBEINVEST,EQ,2008-08-07,52.3,53.65,53.65,49.05,50.1,49.95,50.18,"62,243","31,23,155.10",-,"49,165",78.99
TUBEINVEST,EQ,2008-08-08,49.95,50.0,50.75,49.6,50.5,50.5,50.19,"1,13,332","56,88,468.85",-,"1,07,850",95.16
TUBEINVEST,EQ,2008-08-11,50.5,50.5,51.5,50.4,51.35,51.25,51.14,"26,365","13,48,262.75",-,"21,315",80.85
TUBEINVEST,EQ,2008-08-12,51.25,51.45,51.5,50.0,50.2,50.05,50.25,"7,150","3,59,295.80",-,"6,341",88.69
TUBEINVEST,EQ,2008-08-13,50.05,49.75,51.25,49.3,49.85,49.65,50.3,"21,370","10,74,952.10",-,"16,194",75.78
TUBEINVEST,EQ,2008-08-14,49.65,49.0,51.5,49.0,49.25,50.25,50.65,"31,067","15,73,547.20",-,"23,945",77.08
TUBEINVEST,EQ,2008-08-18,50.25,48.5,51.3,48.5,49.15,49.75,50.38,"8,476","4,26,990.30",-,"5,148",60.74
TUBEINVEST,EQ,2008-08-19,49.75,48.4,50.4,48.4,50.0,49.75,49.48,"8,832","4,37,033.70",-,"5,934",67.19
TUBEINVEST,EQ,2008-08-20,49.75,50.25,50.5,49.0,49.0,49.1,49.78,"5,989","2,98,159.75",-,"4,277",71.41
TUBEINVEST,EQ,2008-08-21,49.1,49.85,49.85,48.05,48.15,48.25,48.97,"4,681","2,29,210.75",-,"2,970",63.45
TUBEINVEST,EQ,2008-08-22,48.25,47.5,49.0,47.5,47.7,47.9,47.88,"4,878","2,33,544.85",-,"2,789",57.18
TUBEINVEST,EQ,2008-08-25,47.9,48.5,48.5,46.3,46.5,46.7,47.4,"7,015","3,32,501.75",-,"4,952",70.59
TUBEINVEST,EQ,2008-08-26,46.7,46.5,47.4,46.25,46.55,47.0,46.93,"3,783","1,77,553.65",-,"2,663",70.39
TUBEINVEST,EQ,2008-08-27,47.0,48.5,48.5,46.45,46.5,46.9,47.49,"8,713","4,13,812.10",-,"7,046",80.87
TUBEINVEST,EQ,2008-08-28,46.9,47.75,47.95,46.3,47.15,46.65,46.95,"11,129","5,22,480.60",-,"5,793",52.05
TUBEINVEST,EQ,2008-08-29,46.65,46.5,47.6,46.5,47.0,47.35,47.11,"6,450","3,03,886.05",-,"4,861",75.36
TUBEINVEST,EQ,2008-09-01,47.35,46.3,48.0,46.3,46.6,46.75,46.91,"2,689","1,26,141.60",-,"1,915",71.22
TUBEINVEST,EQ,2008-09-02,46.75,46.4,47.5,46.4,46.9,47.05,47.0,"8,763","4,11,828.35",-,"6,128",69.93
TUBEINVEST,EQ,2008-09-04,47.05,46.5,47.9,46.5,47.1,47.2,47.19,"10,295","4,85,816.35",-,"5,734",55.7
TUBEINVEST,EQ,2008-09-05,47.2,46.6,47.45,46.5,47.35,46.9,46.75,"11,297","5,28,143.95",-,"9,799",86.74
TUBEINVEST,EQ,2008-09-08,46.9,47.0,48.0,47.0,47.0,47.25,47.3,"6,514","3,08,093.80",-,"4,791",73.55
TUBEINVEST,EQ,2008-09-09,47.25,48.0,48.0,45.0,45.65,45.75,46.27,"10,479","4,84,888.85",-,"7,155",68.28
TUBEINVEST,EQ,2008-09-10,45.75,45.45,47.8,45.15,47.35,47.3,46.85,"14,335","6,71,571.20",-,"7,651",53.37
TUBEINVEST,EQ,2008-09-11,47.3,47.0,47.0,45.6,45.8,46.05,45.9,"4,130","1,89,568.55",-,"3,451",83.56
TUBEINVEST,EQ,2008-09-12,46.05,47.95,47.95,44.6,44.6,45.15,45.56,"10,813","4,92,607.35",-,"7,593",70.22
TUBEINVEST,EQ,2008-09-15,45.15,46.0,46.0,40.0,41.5,42.0,41.92,"25,408","10,65,084.60",-,"18,693",73.57
TUBEINVEST,EQ,2008-09-16,42.0,41.4,43.0,40.5,41.5,42.85,42.47,"10,920","4,63,779.50",-,"7,431",68.05
TUBEINVEST,EQ,2008-09-17,42.85,42.05,43.0,41.7,42.0,41.95,42.32,"5,050","2,13,729.05",-,"4,298",85.11
TUBEINVEST,EQ,2008-09-18,41.95,41.55,42.7,39.5,39.7,40.05,40.11,"18,866","7,56,702.95",-,"14,081",74.64
TUBEINVEST,EQ,2008-09-19,40.05,41.25,43.25,41.25,42.75,42.35,42.42,"26,115","11,07,897.10",-,"19,186",73.47
TUBEINVEST,EQ,2008-09-22,42.35,42.0,43.0,41.0,42.3,41.95,41.88,"24,525","10,27,184.25",-,"15,306",62.41
TUBEINVEST,EQ,2008-09-23,41.95,41.1,41.7,41.0,41.0,41.2,41.28,"3,779","1,55,992.60",-,"3,351",88.67
TUBEINVEST,EQ,2008-09-24,41.2,41.5,42.8,40.35,40.4,40.5,40.98,"8,293","3,39,882.70",-,"4,465",53.84
TUBEINVEST,EQ,2008-09-25,40.5,40.1,41.0,40.1,40.15,40.25,40.4,"6,284","2,53,887.40",-,"4,447",70.77
TUBEINVEST,EQ,2008-09-26,40.25,40.25,41.0,39.4,39.4,39.6,39.9,"7,732","3,08,489.00",-,"6,070",78.5
TUBEINVEST,EQ,2008-09-29,39.6,40.5,40.5,37.5,38.1,38.25,38.22,"14,319","5,47,204.85",-,"10,549",73.67
TUBEINVEST,EQ,2008-09-30,38.25,35.15,40.0,35.15,39.25,38.75,38.34,"19,526","7,48,612.50",-,"14,461",74.06
TUBEINVEST,EQ,2008-10-01,38.75,40.0,41.2,39.0,39.5,39.5,39.84,"7,320","2,91,648.95",-,"4,493",61.38
TUBEINVEST,EQ,2008-10-03,39.5,38.55,40.0,37.9,37.95,38.0,38.44,"8,342","3,20,664.10",-,"6,480",77.68
TUBEINVEST,EQ,2008-10-06,38.0,38.0,38.1,36.5,36.55,36.7,36.99,"6,106","2,25,886.75",-,"4,730",77.46
TUBEINVEST,EQ,2008-10-07,36.7,38.0,38.3,34.0,35.0,35.0,35.25,"14,120","4,97,755.20",-,"10,884",77.08
TUBEINVEST,EQ,2008-10-08,35.0,34.25,36.6,31.8,34.0,33.25,33.22,"10,735","3,56,598.55",-,"8,697",81.02
TUBEINVEST,EQ,2008-10-10,33.25,33.0,33.5,30.0,30.8,30.95,31.62,"16,388","5,18,117.70",-,"12,019",73.34
TUBEINVEST,EQ,2008-10-13,30.95,31.0,33.7,31.0,31.05,31.55,32.09,"11,390","3,65,495.40",-,"7,143",62.71
TUBEINVEST,EQ,2008-10-14,31.55,34.9,34.9,32.5,34.0,32.95,33.56,"13,387","4,49,276.10",-,"11,267",84.16
TUBEINVEST,EQ,2008-10-15,32.95,33.5,33.8,32.5,32.55,33.1,33.31,"8,682","2,89,200.65",-,"8,330",95.95
TUBEINVEST,EQ,2008-10-16,33.1,32.5,33.0,30.5,30.75,30.95,31.16,"17,964","5,59,825.90",-,"13,637",75.91
TUBEINVEST,EQ,2008-10-17,30.95,32.8,32.8,31.0,31.7,31.3,31.46,"6,019","1,89,380.00",-,"4,139",68.77
TUBEINVEST,EQ,2008-10-20,31.3,30.1,32.6,30.1,31.0,31.3,31.14,"7,954","2,47,727.20",-,"5,028",63.21
TUBEINVEST,EQ,2008-10-21,31.3,31.25,33.5,31.25,33.5,32.2,31.98,"9,292","2,97,117.05",-,"6,731",72.44
TUBEINVEST,EQ,2008-10-22,32.2,32.2,33.9,30.6,33.2,32.7,32.49,"4,314","1,40,179.45",-,"3,482",80.71
TUBEINVEST,EQ,2008-10-23,32.7,33.9,33.9,30.0,30.55,30.7,31.08,"14,299","4,44,484.40",-,"11,269",78.81
TUBEINVEST,EQ,2008-10-24,30.7,29.5,31.25,25.5,26.5,26.3,27.67,"32,107","8,88,528.15",-,"26,927",83.87
TUBEINVEST,EQ,2008-10-27,26.3,27.0,29.85,21.75,22.6,23.05,23.57,"25,758","6,07,055.80",-,"19,393",75.29
TUBEINVEST,EQ,2008-10-28,23.05,26.0,26.95,23.5,26.95,25.9,25.65,"4,513","1,15,778.60",-,"3,383",74.96
TUBEINVEST,EQ,2008-10-29,25.9,28.0,28.0,24.0,24.0,24.25,24.98,"9,026","2,25,453.40",-,"6,813",75.48
TUBEINVEST,EQ,2008-10-31,24.25,24.15,26.1,23.8,24.0,24.1,24.54,"23,958","5,88,017.70",-,"17,324",72.31
TUBEINVEST,EQ,2008-11-03,24.1,27.5,28.95,27.5,28.95,28.95,28.69,"22,281","6,39,257.05",-,"19,168",86.03
TUBEINVEST,EQ,2008-11-04,28.95,34.0,34.75,33.05,34.75,34.5,34.37,"59,780","20,54,629.65",-,"32,122",53.73
TUBEINVEST,EQ,2008-11-05,34.5,36.5,41.0,35.0,35.6,35.05,37.75,"1,08,909","41,11,488.45",-,"53,974",49.56
TUBEINVEST,EQ,2008-11-06,35.05,35.0,37.0,35.0,36.1,36.2,35.91,"36,223","13,00,938.20",-,"20,638",56.97
TUBEINVEST,EQ,2008-11-07,36.2,35.55,36.85,35.55,36.0,36.0,36.06,"20,468","7,38,045.15",-,"14,952",73.05
TUBEINVEST,EQ,2008-11-10,36.0,36.05,37.25,36.0,36.05,36.25,36.4,"13,228","4,81,486.40",-,"7,350",55.56
TUBEINVEST,EQ,2008-11-11,36.25,37.0,37.0,36.0,36.0,36.0,36.02,"43,238","15,57,537.30",-,"40,200",92.97
TUBEINVEST,EQ,2008-11-12,36.0,36.0,38.25,36.0,36.2,36.3,36.9,"15,277","5,63,792.25",-,"10,519",68.86
TUBEINVEST,EQ,2008-11-14,36.3,36.85,37.1,36.0,36.0,36.05,36.25,"16,975","6,15,351.90",-,"13,619",80.23
TUBEINVEST,EQ,2008-11-17,36.05,36.0,36.65,35.3,36.0,36.2,36.02,"16,886","6,08,173.30",-,"15,329",90.78
TUBEINVEST,EQ,2008-11-18,36.2,35.1,36.4,35.1,36.0,36.0,36.02,"10,081","3,63,121.50",-,"8,722",86.52
TUBEINVEST,EQ,2008-11-19,36.0,36.0,36.2,36.0,36.0,36.0,36.02,"13,244","4,77,024.15",-,"11,651",87.97
TUBEINVEST,EQ,2008-11-20,36.0,33.4,36.5,33.4,36.0,36.0,36.0,"21,644","7,79,173.20",-,"20,369",94.11
TUBEINVEST,EQ,2008-11-21,36.0,36.0,36.5,36.0,36.4,36.0,36.05,"6,145","2,21,518.70",-,"5,256",85.53
TUBEINVEST,EQ,2008-11-24,36.0,36.5,36.5,36.0,36.25,36.2,36.03,"9,180","3,30,789.25",-,"8,616",93.86
TUBEINVEST,EQ,2008-11-25,36.2,36.0,37.5,36.0,36.0,36.0,36.16,"3,296","1,19,167.50",-,"2,467",74.85
TUBEINVEST,EQ,2008-11-26,36.0,36.0,36.7,36.0,36.0,36.0,36.07,"6,386","2,30,331.95",-,"4,749",74.37
TUBEINVEST,EQ,2008-11-28,36.0,36.45,36.45,36.0,36.0,36.0,36.04,"2,670","96,231.25",-,"2,055",76.97
TUBEINVEST,EQ,2008-12-01,36.0,36.2,36.2,34.25,35.0,35.0,35.53,"12,168","4,32,374.35",-,"11,771",96.74
TUBEINVEST,EQ,2008-12-02,35.0,35.0,35.95,35.0,35.95,35.75,35.11,"5,233","1,83,737.05",-,"5,050",96.5
TUBEINVEST,EQ,2008-12-03,35.75,36.0,36.45,35.1,35.15,35.25,35.68,"1,414","50,448.65",-,910,64.36
TUBEINVEST,EQ,2008-12-04,35.25,35.0,35.55,35.0,35.0,35.05,35.1,"2,595","91,095.10",-,"2,222",85.63
TUBEINVEST,EQ,2008-12-05,35.05,35.25,35.85,33.95,35.35,35.35,35.06,"4,562","1,59,952.15",-,"4,018",88.08
TUBEINVEST,EQ,2008-12-08,35.35,36.0,36.45,35.0,35.0,35.0,35.17,"2,659","93,511.10",-,"1,753",65.93
TUBEINVEST,EQ,2008-12-10,35.0,35.0,35.7,35.0,35.7,35.1,35.21,"2,867","1,00,959.60",-,"1,962",68.43
TUBEINVEST,EQ,2008-12-11,35.1,36.25,36.25,35.0,35.0,35.05,35.11,"7,546","2,64,926.60",-,"5,813",77.03
TUBEINVEST,EQ,2008-12-12,35.05,35.0,37.5,35.0,36.0,36.15,36.43,"6,299","2,29,462.05",-,"3,505",55.64
TUBEINVEST,EQ,2008-12-15,36.15,36.2,37.0,35.05,36.5,36.1,36.24,"4,429","1,60,493.80",-,"2,424",54.73
TUBEINVEST,EQ,2008-12-16,36.1,36.5,37.95,35.15,36.4,36.6,37.02,"11,123","4,11,772.55",-,"7,025",63.16
TUBEINVEST,EQ,2008-12-17,36.6,37.0,38.7,36.15,36.15,36.45,37.23,"10,121","3,76,756.80",-,"4,928",48.69
TUBEINVEST,EQ,2008-12-18,36.45,36.1,37.7,35.7,36.0,36.1,36.21,"7,524","2,72,462.65",-,"5,991",79.63
TUBEINVEST,EQ,2008-12-19,36.1,36.5,36.8,35.5,35.75,35.85,35.99,"4,686","1,68,659.50",-,"3,777",80.6
TUBEINVEST,EQ,2008-12-22,35.85,35.9,36.8,35.0,35.2,35.2,35.36,"21,338","7,54,541.70",-,"13,303",62.34
TUBEINVEST,EQ,2008-12-23,35.2,35.5,35.5,35.0,35.25,35.25,35.12,"4,271","1,49,983.00",-,"4,014",93.98
TUBEINVEST,EQ,2008-12-24,35.25,35.0,35.6,35.0,35.6,35.15,35.02,"5,438","1,90,455.65",-,"4,784",87.97
TUBEINVEST,EQ,2008-12-26,35.15,35.25,35.65,35.0,35.0,35.0,35.1,"6,674","2,34,284.50",-,"6,545",98.07
TUBEINVEST,EQ,2008-12-29,35.0,35.0,35.55,35.0,35.55,35.5,35.33,"2,601","91,884.85",-,"2,131",81.93
TUBEINVEST,EQ,2008-12-30,35.5,36.0,36.35,35.4,35.4,35.7,35.94,"4,129","1,48,382.40",-,"3,603",87.26
TUBEINVEST,EQ,2008-12-31,35.7,36.0,36.5,35.4,36.0,35.7,35.98,"2,879","1,03,589.50",-,"2,601",90.34
TUBEINVEST,EQ,2009-01-01,35.7,35.25,36.55,35.1,35.8,36.25,36.08,"2,365","85,321.95",-,"1,693",71.59
TUBEINVEST,EQ,2009-01-02,36.25,36.85,37.2,35.55,37.0,36.75,36.72,"5,729","2,10,357.45",-,"4,165",72.7
TUBEINVEST,EQ,2009-01-05,36.75,37.35,37.95,36.1,37.45,37.0,36.85,"6,474","2,38,560.50",-,"4,618",71.33
TUBEINVEST,EQ,2009-01-06,37.0,37.5,37.5,35.65,35.9,35.9,36.49,"3,288","1,19,992.15",-,"2,745",83.49
TUBEINVEST,EQ,2009-01-07,35.9,35.55,36.7,35.0,35.75,35.1,35.24,"7,966","2,80,753.45",-,"7,513",94.31
TUBEINVEST,EQ,2009-01-09,35.1,35.0,35.95,35.0,35.65,35.05,35.18,"9,616","3,38,336.45",-,"8,000",83.19
TUBEINVEST,EQ,2009-01-12,35.05,35.1,36.45,35.0,35.75,35.1,35.2,"25,284","8,89,889.30",-,"24,050",95.12
TUBEINVEST,EQ,2009-01-13,35.1,35.05,35.7,35.0,35.0,35.15,35.2,"4,095","1,44,124.90",-,"2,845",69.47
TUBEINVEST,EQ,2009-01-14,35.15,35.2,36.0,35.0,35.0,35.0,35.28,"1,133","39,969.60",-,"1,021",90.11
TUBEINVEST,EQ,2009-01-15,35.0,34.5,35.5,34.5,35.45,35.25,35.02,"2,027","70,983.45",-,"2,025",99.9
TUBEINVEST,EQ,2009-01-16,35.25,35.25,35.9,32.1,34.0,34.25,34.87,"14,155","4,93,570.80",-,"13,438",94.93
TUBEINVEST,EQ,2009-01-19,34.25,34.5,34.5,33.1,33.75,33.75,34.02,"3,802","1,29,325.75",-,"2,242",58.97
TUBEINVEST,EQ,2009-01-20,33.75,33.1,34.5,33.0,33.1,33.1,33.42,"6,436","2,15,090.45",-,"4,602",71.5
TUBEINVEST,EQ,2009-01-21,33.1,34.55,34.55,33.0,33.75,33.5,33.45,"3,528","1,18,015.45",-,"2,437",69.08
TUBEINVEST,EQ,2009-01-22,33.5,33.1,34.0,32.5,32.5,33.0,33.08,"23,825","7,88,108.90",-,"22,212",93.23
TUBEINVEST,EQ,2009-01-23,33.0,32.9,32.95,32.0,32.0,32.0,32.11,"3,880","1,24,594.25",-,"3,636",93.71
TUBEINVEST,EQ,2009-01-27,32.0,32.3,32.5,30.5,30.7,30.8,31.31,"10,004","3,13,204.55",-,"3,603",36.02
TUBEINVEST,EQ,2009-01-28,30.8,30.75,31.9,30.6,31.8,31.8,31.03,"4,499","1,39,594.85",-,"3,368",74.86
TUBEINVEST,EQ,2009-01-29,31.8,31.0,34.0,30.7,30.85,31.05,31.21,"8,423","2,62,872.45",-,"2,430",28.85
TUBEINVEST,EQ,2009-01-30,31.05,32.0,33.4,30.6,33.4,32.3,31.41,"8,362","2,62,666.50",-,"6,027",72.08
TUBEINVEST,EQ,2009-02-02,32.3,33.0,33.0,29.5,29.5,30.05,30.17,"12,956","3,90,885.45",-,"7,405",57.15
TUBEINVEST,EQ,2009-02-03,30.05,30.85,30.85,29.25,29.5,29.8,30.14,"7,540","2,27,254.35",-,"3,639",48.26
TUBEINVEST,EQ,2009-02-04,29.8,30.0,30.1,28.55,30.0,29.45,29.35,"5,295","1,55,414.20",-,"4,297",81.15
TUBEINVEST,EQ,2009-02-05,29.45,30.0,30.0,27.65,28.95,28.8,28.4,"5,019","1,42,550.15",-,"3,668",73.08
TUBEINVEST,EQ,2009-02-06,28.8,29.0,29.9,28.5,29.15,29.4,29.37,"2,393","70,280.15",-,955,39.91
TUBEINVEST,EQ,2009-02-09,29.4,30.0,30.0,28.5,28.5,28.85,29.41,"2,903","85,380.45",-,"2,702",93.08
TUBEINVEST,EQ,2009-02-10,28.85,29.5,29.95,28.65,29.05,29.05,29.24,"2,132","62,335.70",-,"1,801",84.47
TUBEINVEST,EQ,2009-02-11,29.05,29.0,29.8,28.6,28.8,29.1,29.21,"1,783","52,085.75",-,"1,093",61.3
TUBEINVEST,EQ,2009-02-12,29.1,29.15,29.85,28.8,28.85,28.95,29.08,"3,883","1,12,928.00",-,"3,025",77.9
TUBEINVEST,EQ,2009-02-13,28.95,28.65,30.0,28.65,29.1,29.55,29.42,"2,849","83,811.75",-,"1,591",55.84
TUBEINVEST,EQ,2009-02-16,29.55,29.0,30.0,28.75,29.6,29.75,29.35,"4,686","1,37,553.25",-,"2,900",61.89
TUBEINVEST,EQ,2009-02-17,29.75,29.25,29.55,28.3,28.4,29.3,28.77,"3,711","1,06,750.90",-,"3,601",97.04
TUBEINVEST,EQ,2009-02-18,29.3,28.15,35.2,28.15,32.8,32.7,33.66,"2,62,050","88,21,352.25",-,"40,005",15.27
TUBEINVEST,EQ,2009-02-19,32.7,33.4,33.4,29.55,29.9,30.0,31.09,"44,367","13,79,387.90",-,"16,872",38.03
TUBEINVEST,EQ,2009-02-20,30.0,29.0,29.8,28.15,28.25,28.55,28.9,"9,264","2,67,744.05",-,"6,667",71.97
TUBEINVEST,EQ,2009-02-24,28.55,28.55,28.55,27.1,27.95,27.6,27.68,"5,894","1,63,174.95",-,"5,117",86.82
TUBEINVEST,EQ,2009-02-25,27.6,27.65,28.7,27.6,27.6,27.9,27.95,"3,715","1,03,838.45",-,"3,169",85.3
TUBEINVEST,EQ,2009-02-26,27.9,28.0,28.5,27.6,27.65,27.8,27.98,"2,989","83,620.30",-,"2,436",81.5
TUBEINVEST,EQ,2009-02-27,27.8,27.2,28.4,25.15,26.0,26.1,26.77,"8,488","2,27,215.45",-,"6,440",75.87
TUBEINVEST,EQ,2009-03-02,26.1,26.0,26.95,25.15,26.9,26.2,26.13,"6,217","1,62,433.05",-,"4,386",70.55
TUBEINVEST,EQ,2009-03-03,26.2,25.65,27.5,25.6,26.2,26.4,26.54,"6,536","1,73,479.20",-,"3,701",56.62
TUBEINVEST,EQ,2009-03-04,26.4,26.4,26.7,25.3,26.25,26.0,26.09,"10,745","2,80,332.80",-,"9,177",85.41
TUBEINVEST,EQ,2009-03-05,26.0,26.0,27.2,24.9,25.65,25.1,25.84,"3,938","1,01,754.85",-,"2,959",75.14
TUBEINVEST,EQ,2009-03-06,25.1,25.0,25.65,24.15,24.5,24.5,24.99,"15,362","3,83,895.90",-,"12,734",82.89
TUBEINVEST,EQ,2009-03-09,24.5,24.75,25.0,21.55,22.3,22.25,22.95,"23,856","5,47,457.55",-,"18,478",77.46
TUBEINVEST,EQ,2009-03-12,22.25,26.65,26.65,22.0,23.35,23.35,22.99,"7,912","1,81,908.05",-,"5,382",68.02
TUBEINVEST,EQ,2009-03-13,23.35,23.0,24.85,23.0,23.35,23.55,23.62,"13,459","3,17,917.00",-,"9,289",69.02
TUBEINVEST,EQ,2009-03-16,23.55,23.5,25.0,23.25,23.25,23.9,24.11,"17,554","4,23,150.20",-,"15,060",85.79
TUBEINVEST,EQ,2009-03-17,23.9,24.0,24.95,23.25,23.3,23.55,23.84,"17,439","4,15,742.10",-,"10,193",58.45
TUBEINVEST,EQ,2009-03-18,23.55,24.8,24.8,23.65,24.25,24.35,24.33,"7,971","1,93,900.95",-,"4,389",55.06
TUBEINVEST,EQ,2009-03-19,24.35,24.3,24.75,23.8,24.05,24.25,24.36,"7,770","1,89,252.60",-,"2,992",38.51
TUBEINVEST,EQ,2009-03-20,24.25,24.05,24.9,23.9,24.35,24.25,24.17,"7,280","1,75,983.30",-,"3,989",54.79
TUBEINVEST,EQ,2009-03-23,24.25,24.8,25.4,24.1,24.5,24.45,24.57,"10,597","2,60,387.70",-,"7,786",73.47
TUBEINVEST,EQ,2009-03-24,24.45,24.2,25.1,23.55,25.1,24.65,24.4,"15,675","3,82,526.55",-,"6,918",44.13
TUBEINVEST,EQ,2009-03-25,24.65,24.1,24.95,24.1,24.5,24.5,24.3,"7,508","1,82,429.75",-,"5,086",67.74
TUBEINVEST,EQ,2009-03-26,24.5,25.4,25.4,24.45,25.0,25.15,25.11,"11,915","2,99,181.75",-,"8,790",73.77
TUBEINVEST,EQ,2009-03-27,25.15,25.2,25.6,24.6,25.25,25.35,25.11,"8,689","2,18,167.55",-,"5,986",68.89
TUBEINVEST,EQ,2009-03-30,25.35,25.4,25.6,24.5,24.5,24.85,25.16,"5,396","1,35,765.80",-,"3,730",69.13
TUBEINVEST,EQ,2009-03-31,24.85,25.5,26.0,25.0,25.8,25.7,25.52,"9,438","2,40,888.10",-,"7,119",75.43
TUBEINVEST,EQ,2009-04-01,25.7,25.5,26.5,25.2,26.05,26.3,25.98,"3,488","90,610.45",-,"2,647",75.89
TUBEINVEST,EQ,2009-04-02,26.3,26.05,28.5,26.05,27.65,27.75,27.71,"18,631","5,16,172.75",-,"14,266",76.57
TUBEINVEST,EQ,2009-04-06,27.75,28.9,29.75,28.0,28.4,28.55,28.79,"11,114","3,19,977.30",-,"9,113",82.0
TUBEINVEST,EQ,2009-04-08,28.55,28.55,32.1,27.75,32.05,31.6,30.82,"28,543","8,79,565.35",-,"20,184",70.71
TUBEINVEST,EQ,2009-04-09,31.6,31.2,31.9,30.2,30.65,30.85,31.09,"7,711","2,39,725.20",-,"6,312",81.86
TUBEINVEST,EQ,2009-04-13,30.85,31.1,33.2,31.0,31.4,31.75,32.29,"30,548","9,86,476.35",-,"11,851",38.79
TUBEINVEST,EQ,2009-04-15,31.75,30.9,33.25,30.65,32.85,32.65,32.53,"54,897","17,86,051.40",-,"38,521",70.17
TUBEINVEST,EQ,2009-04-16,32.65,33.5,33.5,30.0,30.05,30.35,31.95,"22,815","7,28,922.05",-,"16,310",71.49
TUBEINVEST,EQ,2009-04-17,30.35,32.0,32.0,30.2,31.1,30.8,31.52,"15,240","4,80,341.65",-,"9,571",62.8
TUBEINVEST,EQ,2009-04-20,30.8,31.0,32.0,30.3,30.3,30.5,31.07,"10,356","3,21,713.15",-,"7,456",72.0
TUBEINVEST,EQ,2009-04-21,30.5,32.45,32.45,30.3,31.0,30.95,31.19,"8,534","2,66,184.30",-,"4,613",54.05
TUBEINVEST,EQ,2009-04-22,30.95,32.5,32.5,30.25,31.0,30.7,31.27,"15,758","4,92,688.90",-,"10,045",63.75
TUBEINVEST,EQ,2009-04-23,30.7,29.35,31.1,29.35,30.3,30.55,30.33,"6,594","1,99,989.30",-,"3,950",59.9
TUBEINVEST,EQ,2009-04-24,30.55,31.5,31.7,30.0,31.2,31.2,31.01,"9,657","2,99,482.45",-,"7,248",75.05
TUBEINVEST,EQ,2009-04-27,31.2,30.0,31.85,30.0,30.5,30.6,31.04,"6,445","2,00,039.45",-,"4,980",77.27
TUBEINVEST,EQ,2009-04-28,30.6,30.5,31.45,29.4,30.55,30.15,30.45,"4,606","1,40,252.25",-,"2,967",64.42
TUBEINVEST,EQ,2009-04-29,30.15,31.25,31.25,30.1,30.6,30.45,30.57,"5,850","1,78,808.15",-,"5,156",88.14
TUBEINVEST,EQ,2009-05-04,30.45,31.1,33.85,30.6,31.7,31.45,31.48,"55,633","17,51,070.45",-,"45,797",82.32
TUBEINVEST,EQ,2009-05-05,31.45,31.1,31.9,28.95,29.95,30.1,29.98,"1,03,812","31,12,750.05",-,"60,980",58.74
TUBEINVEST,EQ,2009-05-06,30.1,30.95,33.0,30.5,31.6,31.75,31.88,"85,775","27,34,281.80",-,"39,745",46.34
TUBEINVEST,EQ,2009-05-07,31.75,32.0,34.1,32.0,32.3,32.5,32.84,"43,867","14,40,699.95",-,"29,340",66.88
TUBEINVEST,EQ,2009-05-08,32.5,32.2,34.25,32.2,32.65,32.75,33.35,"32,946","10,98,599.10",-,"18,855",57.23
TUBEINVEST,EQ,2009-05-11,32.75,34.0,34.5,32.0,32.0,32.2,32.86,"17,492","5,74,767.15",-,"13,098",74.88
TUBEINVEST,EQ,2009-05-12,32.2,31.15,32.55,31.15,31.9,31.9,31.86,"10,620","3,38,319.55",-,"8,944",84.22
TUBEINVEST,EQ,2009-05-13,31.9,31.0,32.25,31.0,31.5,31.5,31.57,"13,742","4,33,859.55",-,"12,646",92.02
TUBEINVEST,EQ,2009-05-14,31.5,32.0,32.2,31.0,32.0,31.8,31.61,"5,122","1,61,887.80",-,"4,376",85.44
TUBEINVEST,EQ,2009-05-15,31.8,32.8,32.9,31.35,32.3,32.1,32.04,"5,852","1,87,502.10",-,"3,926",67.09
TUBEINVEST,EQ,2009-05-19,32.1,35.0,37.2,33.1,36.5,36.6,35.54,"1,20,740","42,91,530.55",-,"81,266",67.31
TUBEINVEST,EQ,2009-05-20,36.6,36.6,41.0,35.05,40.05,40.75,39.4,"59,711","23,52,568.45",-,"40,704",68.17
TUBEINVEST,EQ,2009-05-21,40.75,42.0,46.2,41.0,41.6,41.2,43.22,"70,979","30,67,937.55",-,"39,293",55.36
TUBEINVEST,EQ,2009-05-22,41.2,40.0,44.0,40.0,41.05,41.85,42.06,"24,984","10,50,860.60",-,"12,559",50.27
TUBEINVEST,EQ,2009-05-25,41.85,42.0,47.0,42.0,46.0,46.15,44.98,"57,008","25,64,017.35",-,"35,887",62.95
TUBEINVEST,EQ,2009-05-26,46.15,46.95,47.0,43.0,43.5,43.3,45.93,"62,901","28,88,914.70",-,"51,223",81.43
TUBEINVEST,EQ,2009-05-27,43.3,44.0,47.0,44.0,44.0,44.05,45.15,"20,396","9,20,813.95",-,"14,552",71.35
TUBEINVEST,EQ,2009-05-28,44.05,45.0,45.0,42.1,44.0,43.65,43.24,"46,953","20,30,163.85",-,"27,689",58.97
TUBEINVEST,EQ,2009-05-29,43.65,45.0,46.75,44.0,44.5,44.35,45.02,"53,389","24,03,616.70",-,"33,725",63.17
TUBEINVEST,BL,2009-05-29,57.5,44.05,44.05,44.05,44.05,44.05,44.05,"20,00,000","8,81,00,000.00",-,"20,00,000",100.0
TUBEINVEST,EQ,2009-06-01,44.35,46.0,46.6,44.25,45.5,45.15,45.26,"43,220","19,55,928.70",-,"30,148",69.75
TUBEINVEST,EQ,2009-06-02,45.15,46.6,49.7,45.0,49.7,49.7,47.78,"1,07,782","51,49,441.30",-,"71,597",66.43
TUBEINVEST,EQ,2009-06-03,49.7,49.7,54.4,48.5,49.45,49.55,51.29,"1,24,080","63,64,341.80",-,"65,849",53.07
TUBEINVEST,EQ,2009-06-04,49.55,48.95,52.0,48.95,51.6,51.1,50.44,"47,611","24,01,679.75",-,"29,481",61.92
TUBEINVEST,EQ,2009-06-05,51.1,52.7,53.0,49.75,50.0,50.05,50.98,"57,593","29,36,285.30",-,"34,412",59.75
TUBEINVEST,EQ,2009-06-08,50.05,51.7,51.7,45.3,46.25,46.15,46.74,"42,153","19,70,055.60",-,"30,661",72.74
TUBEINVEST,EQ,2009-06-09,46.15,45.0,47.8,43.7,46.6,46.75,46.41,"31,710","14,71,657.80",-,"19,164",60.44
TUBEINVEST,EQ,2009-06-10,46.75,48.0,49.0,44.6,45.4,45.1,46.99,"32,729","15,38,037.30",-,"20,488",62.6
TUBEINVEST,EQ,2009-06-11,45.1,44.0,45.0,44.0,44.5,44.6,44.57,"13,824","6,16,155.30",-,"9,383",67.87
TUBEINVEST,EQ,2009-06-12,44.6,47.25,47.9,44.4,45.0,45.2,45.57,"39,855","18,16,128.75",-,"31,382",78.74
TUBEINVEST,EQ,2009-06-15,45.2,43.55,49.75,43.35,49.75,48.8,47.47,"84,373","40,05,018.00",-,"65,211",77.29
TUBEINVEST,EQ,2009-06-16,48.8,50.0,53.7,47.55,53.7,53.3,51.43,"2,44,229","1,25,59,492.75",-,"1,18,655",48.58
TUBEINVEST,EQ,2009-06-17,53.3,55.2,57.4,52.05,52.65,52.6,55.46,"2,38,496","1,32,26,899.10",-,"1,12,127",47.01
TUBEINVEST,EQ,2009-06-18,52.6,52.1,55.5,47.35,47.4,47.65,50.98,"71,518","36,45,697.50",-,"29,392",41.1
TUBEINVEST,EQ,2009-06-19,47.65,51.45,51.45,45.5,49.6,49.2,48.28,"91,615","44,23,165.85",-,"66,623",72.72
TUBEINVEST,EQ,2009-06-22,49.2,47.0,50.1,47.0,47.8,48.0,48.43,"22,042","10,67,416.95",-,"15,115",68.57
TUBEINVEST,EQ,2009-06-23,48.0,47.0,49.1,46.0,48.05,47.95,48.17,"93,033","44,81,133.65",-,"71,118",76.44
TUBEINVEST,EQ,2009-06-24,47.95,50.0,50.0,48.0,48.4,48.45,48.65,"17,407","8,46,828.35",-,"9,649",55.43
TUBEINVEST,EQ,2009-06-25,48.45,48.25,51.8,48.25,48.7,49.1,50.24,"83,431","41,91,598.85",-,"34,249",41.05
TUBEINVEST,EQ,2009-06-26,49.1,51.4,51.4,48.05,48.65,48.45,48.84,"12,560","6,13,473.50",-,"8,345",66.44
TUBEINVEST,EQ,2009-06-29,48.45,50.9,50.9,48.0,49.7,49.0,48.74,"19,927","9,71,213.65",-,"12,814",64.3
TUBEINVEST,EQ,2009-06-30,49.0,51.35,53.85,49.05,50.0,49.85,50.89,"68,778","34,99,829.20",-,"33,774",49.11
TUBEINVEST,EQ,2009-07-01,49.85,50.9,51.45,48.0,48.65,48.9,49.72,"33,216","16,51,394.15",-,"20,088",60.48
TUBEINVEST,EQ,2009-07-02,48.9,49.0,50.0,48.5,48.65,48.95,49.2,"14,139","6,95,702.15",-,"8,816",62.35
TUBEINVEST,EQ,2009-07-03,48.95,47.8,50.0,47.8,48.7,48.45,48.8,"12,224","5,96,575.85",-,"7,490",61.27
TUBEINVEST,EQ,2009-07-06,48.45,50.0,52.0,50.0,51.8,51.5,50.71,"81,268","41,21,084.15",-,"69,043",84.96
TUBEINVEST,EQ,2009-07-07,51.5,52.0,52.2,50.8,51.5,51.5,51.33,"43,431","22,29,466.00",-,"35,939",82.75
TUBEINVEST,EQ,2009-07-08,51.5,51.5,54.8,51.05,52.5,52.65,52.44,"79,248","41,55,493.20",-,"61,742",77.91
TUBEINVEST,EQ,2009-07-09,52.65,52.5,52.9,52.0,52.5,52.55,52.36,"20,958","10,97,387.70",-,"16,990",81.07
TUBEINVEST,EQ,2009-07-10,52.55,52.5,55.0,52.5,54.0,54.0,53.98,"72,445","39,10,741.85",-,"48,090",66.38
TUBEINVEST,EQ,2009-07-13,54.0,54.5,56.5,54.0,54.35,54.1,54.68,"56,830","31,07,519.10",-,"38,300",67.39
TUBEINVEST,EQ,2009-07-14,54.1,55.0,57.0,54.25,55.2,55.1,55.82,"1,10,461","61,65,680.10",-,"40,379",36.55
TUBEINVEST,EQ,2009-07-15,55.1,55.6,56.5,55.0,55.95,55.4,55.61,"56,125","31,20,864.40",-,"37,498",66.81
TUBEINVEST,EQ,2009-07-16,55.4,57.0,57.6,55.5,56.7,56.75,56.39,"86,651","48,86,632.55",-,"64,541",74.48
TUBEINVEST,EQ,2009-07-17,56.75,57.5,58.5,56.0,56.4,56.15,57.43,"88,610","50,89,125.10",-,"63,252",71.38
TUBEINVEST,EQ,2009-07-20,56.15,56.25,59.35,56.0,58.95,58.0,57.24,"57,049","32,65,256.70",-,"38,316",67.16
TUBEINVEST,EQ,2009-07-21,58.0,57.05,62.15,57.05,60.05,61.0,60.08,"93,924","56,43,386.15",-,"60,179",64.07
TUBEINVEST,EQ,2009-07-22,61.0,62.3,62.65,59.0,60.15,60.3,60.93,"76,739","46,75,984.50",-,"51,503",67.11
TUBEINVEST,EQ,2009-07-23,60.3,60.5,62.0,60.0,60.6,60.55,60.89,"33,281","20,26,369.90",-,"25,836",77.63
TUBEINVEST,EQ,2009-07-24,60.55,60.5,66.7,60.5,63.5,63.65,63.83,"1,52,688","97,46,376.50",-,"74,361",48.7
TUBEINVEST,EQ,2009-07-27,63.65,64.5,67.4,62.5,65.3,65.35,65.31,"94,659","61,82,359.15",-,"54,811",57.9
TUBEINVEST,EQ,2009-07-28,65.35,67.35,67.35,63.1,63.65,63.6,64.7,"28,724","18,58,412.90",-,"19,241",66.99
TUBEINVEST,EQ,2009-07-29,63.6,64.9,64.9,58.4,59.8,59.8,60.56,"44,569","26,99,133.70",-,"34,686",77.83
TUBEINVEST,EQ,2009-07-30,59.8,61.9,61.9,57.0,59.25,58.95,59.28,"43,899","26,02,236.95",-,"27,533",62.72
TUBEINVEST,EQ,2009-07-31,58.95,60.0,61.85,58.0,58.25,58.55,59.93,"33,573","20,11,935.85",-,"21,605",64.35
TUBEINVEST,EQ,2009-08-03,58.55,60.5,60.6,58.25,59.95,60.1,59.61,"25,842","15,40,535.90",-,"12,147",47.0
TUBEINVEST,EQ,2009-08-04,60.1,62.0,64.6,60.25,62.55,62.95,62.64,"1,06,514","66,71,505.75",-,"67,197",63.09
TUBEINVEST,EQ,2009-08-05,62.95,62.25,64.3,60.35,61.25,61.5,62.17,"30,770","19,12,952.50",-,"14,486",47.08
TUBEINVEST,EQ,2009-08-06,61.5,63.9,64.5,59.0,60.0,60.1,62.23,"51,521","32,05,909.20",-,"27,065",52.53
TUBEINVEST,EQ,2009-08-07,60.1,58.0,62.0,57.0,57.3,57.45,59.02,"44,232","26,10,385.15",-,"28,184",63.72
TUBEINVEST,EQ,2009-08-10,57.45,60.0,60.9,56.25,56.85,56.35,57.2,"26,276","15,03,090.10",-,"19,523",74.3
TUBEINVEST,EQ,2009-08-11,56.35,56.25,58.5,56.25,57.5,56.9,56.69,"34,448","19,52,707.05",-,"19,291",56.0
TUBEINVEST,EQ,2009-08-12,56.9,57.0,57.7,56.5,57.2,57.05,56.64,"27,554","15,60,713.30",-,"23,491",85.25
TUBEINVEST,EQ,2009-08-13,57.05,57.5,60.1,57.0,58.75,58.7,59.0,"30,090","17,75,402.30",-,"17,728",58.92
TUBEINVEST,EQ,2009-08-14,58.7,59.75,59.8,57.05,57.5,57.9,58.45,"18,886","11,03,935.65",-,"13,248",70.15
TUBEINVEST,EQ,2009-08-17,57.9,57.0,57.45,56.5,56.55,56.5,56.57,"27,200","15,38,825.85",-,"21,816",80.21
TUBEINVEST,EQ,2009-08-18,56.5,56.5,59.8,56.5,57.0,57.15,57.33,"10,512","6,02,619.30",-,"6,385",60.74
TUBEINVEST,EQ,2009-08-19,57.15,59.45,67.4,57.9,61.0,60.9,62.06,"2,37,852","1,47,61,995.15",-,"83,116",34.94
TUBEINVEST,EQ,2009-08-20,60.9,61.95,63.85,60.5,61.15,61.05,62.28,"54,564","33,98,325.55",-,"19,897",36.47
TUBEINVEST,EQ,2009-08-21,61.05,61.0,62.0,58.1,60.0,60.7,60.89,"22,110","13,46,221.20",-,"14,443",65.32
TUBEINVEST,EQ,2009-08-24,60.7,62.5,62.5,60.1,60.5,60.55,61.02,"18,893","11,52,783.50",-,"11,773",62.31
TUBEINVEST,EQ,2009-08-25,60.55,60.1,60.75,58.85,60.15,59.75,59.72,"15,767","9,41,619.10",-,"10,578",67.09
TUBEINVEST,EQ,2009-08-26,59.75,61.0,61.0,59.2,59.9,59.85,59.9,"30,238","18,11,246.35",-,"22,253",73.59
TUBEINVEST,EQ,2009-08-27,59.85,60.5,61.8,59.6,59.9,60.05,60.61,"41,965","25,43,643.70",-,"23,987",57.16
TUBEINVEST,EQ,2009-08-28,60.05,60.0,61.5,59.1,60.2,59.95,60.4,"26,541","16,03,064.70",-,"18,448",69.51
TUBEINVEST,EQ,2009-08-31,59.95,60.2,61.0,57.4,58.15,57.75,58.74,"55,050","32,33,675.10",-,"39,122",71.07
TUBEINVEST,EQ,2009-09-01,57.75,58.2,59.85,57.4,57.55,57.65,58.51,"20,318","11,88,746.25",-,"12,868",63.33
TUBEINVEST,EQ,2009-09-02,57.65,57.0,59.5,57.0,57.9,57.6,57.65,"33,651","19,40,009.05",-,"19,649",58.39
TUBEINVEST,EQ,2009-09-03,57.6,58.5,58.7,57.0,57.0,57.2,57.54,"15,150","8,71,732.45",-,"8,669",57.22
TUBEINVEST,EQ,2009-09-04,57.2,57.6,58.2,56.5,57.95,57.85,57.6,"34,844","20,07,155.85",-,"23,959",68.76
TUBEINVEST,EQ,2009-09-07,57.85,58.1,63.75,58.1,61.55,61.9,61.65,"1,17,937","72,70,576.60",-,"50,807",43.08
TUBEINVEST,EQ,2009-09-08,61.9,62.3,65.4,57.0,62.0,62.1,63.83,"1,49,432","95,37,893.25",-,"81,484",54.53
TUBEINVEST,EQ,2009-09-09,62.1,63.0,63.3,59.4,60.0,60.2,61.03,"63,453","38,72,669.60",-,"44,480",70.1
TUBEINVEST,EQ,2009-09-10,60.2,62.0,65.6,58.3,63.2,63.25,63.97,"3,32,453","2,12,65,730.60",-,"2,00,615",60.34
TUBEINVEST,EQ,2009-09-11,63.25,67.0,72.65,63.0,70.0,70.8,69.99,"17,76,557","12,43,39,414.00",-,"8,72,580",49.12
TUBEINVEST,EQ,2009-09-14,70.8,69.9,70.5,64.1,64.25,64.6,66.99,"15,94,658","10,68,18,318.40",-,"6,75,698",42.37
TUBEINVEST,EQ,2009-09-15,64.6,65.85,67.2,64.8,66.0,66.1,66.46,"8,74,315","5,81,04,041.20",-,"5,56,316",63.63
TUBEINVEST,EQ,2009-09-16,66.1,66.9,72.65,66.9,70.8,71.3,70.66,"23,47,117","16,58,55,363.45",-,"7,94,001",33.83
TUBEINVEST,EQ,2009-09-17,71.3,72.0,73.4,69.0,70.8,71.5,71.85,"10,27,368","7,38,14,277.10",-,"3,40,461",33.14
TUBEINVEST,EQ,2009-09-18,71.5,71.5,73.9,71.5,72.4,73.05,72.84,"5,99,314","4,36,55,438.45",-,"2,71,581",45.32
TUBEINVEST,EQ,2009-09-22,73.05,72.05,75.15,72.05,72.5,72.75,73.66,"3,46,927","2,55,55,764.40",-,"1,94,350",56.02
TUBEINVEST,EQ,2009-09-23,72.75,72.75,73.75,69.25,69.4,69.9,72.09,"2,81,641","2,03,04,772.80",-,"1,49,064",52.93
TUBEINVEST,EQ,2009-09-24,69.9,69.0,74.45,68.1,71.9,71.3,72.17,"6,80,175","4,90,88,135.50",-,"3,40,862",50.11
TUBEINVEST,EQ,2009-09-25,71.3,71.3,72.95,70.05,70.3,70.45,71.4,"2,11,884","1,51,28,030.15",-,"1,05,956",50.01
TUBEINVEST,EQ,2009-09-29,70.45,71.95,71.95,69.05,69.6,69.45,70.22,"1,93,998","1,36,23,213.60",-,"1,10,025",56.71
TUBEINVEST,EQ,2009-09-30,69.45,66.55,72.15,66.05,70.0,70.15,70.88,"2,51,309","1,78,12,629.20",-,"88,800",35.33
TUBEINVEST,EQ,2009-10-01,70.15,70.0,71.0,68.0,68.35,68.3,69.38,"1,50,205","1,04,21,915.90",-,"81,133",54.01
TUBEINVEST,EQ,2009-10-05,68.3,67.35,69.45,65.5,66.35,66.05,67.38,"1,32,089","88,99,828.05",-,"66,160",50.09
TUBEINVEST,EQ,2009-10-06,66.05,66.55,67.45,63.6,64.1,64.75,65.21,"1,15,027","75,01,047.00",-,"50,054",43.51
TUBEINVEST,EQ,2009-10-07,64.75,65.9,67.25,64.15,64.5,64.8,65.75,"1,51,034","99,31,206.35",-,"65,626",43.45
TUBEINVEST,EQ,2009-10-08,64.8,64.5,65.95,63.6,64.0,64.2,64.76,"87,825","56,87,597.15",-,"57,060",64.97
TUBEINVEST,EQ,2009-10-09,64.2,65.5,66.0,63.25,63.5,63.8,64.61,"96,377","62,27,039.55",-,"41,662",43.23
TUBEINVEST,EQ,2009-10-12,63.8,63.75,65.85,63.05,64.8,65.05,64.8,"1,10,930","71,87,760.20",-,"48,818",44.01
TUBEINVEST,EQ,2009-10-14,65.05,65.3,66.8,64.7,65.65,65.35,65.53,"88,146","57,76,248.75",-,"42,573",48.3
TUBEINVEST,EQ,2009-10-15,65.35,65.55,68.2,65.3,67.8,67.55,66.74,"2,38,485","1,59,16,012.50",-,"1,40,067",58.73
TUBEINVEST,EQ,2009-10-16,67.55,67.8,68.7,66.4,66.5,66.7,67.55,"80,937","54,67,198.75",-,"49,551",61.22
TUBEINVEST,EQ,2009-10-17,66.7,67.8,67.9,66.8,67.75,67.25,67.32,"34,555","23,26,363.30",-,"24,692",71.46
TUBEINVEST,EQ,2009-10-20,67.25,67.55,71.25,67.5,68.25,68.1,69.35,"1,45,499","1,00,90,213.30",-,"95,361",65.54
TUBEINVEST,EQ,2009-10-21,68.1,67.6,68.9,67.15,68.0,67.75,67.95,"61,128","41,53,924.90",-,"41,243",67.47
TUBEINVEST,EQ,2009-10-22,67.75,67.05,71.2,66.0,67.65,67.35,68.92,"2,03,034","1,39,92,514.80",-,"81,149",39.97
TUBEINVEST,EQ,2009-10-23,67.35,68.25,69.3,66.45,67.0,66.95,67.93,"96,860","65,80,004.90",-,"48,501",50.07
TUBEINVEST,EQ,2009-10-26,66.95,67.25,67.75,65.1,65.4,66.15,66.72,"36,555","24,38,921.30",-,"24,147",66.06
TUBEINVEST,EQ,2009-10-27,66.15,65.0,65.0,62.1,63.0,62.45,63.4,"53,839","34,13,378.30",-,"30,364",56.4
TUBEINVEST,EQ,2009-10-28,62.45,61.2,62.6,60.1,62.0,61.8,61.45,"39,436","24,23,443.95",-,"19,083",48.39
TUBEINVEST,EQ,2009-10-29,61.8,60.0,63.45,60.0,61.8,61.4,61.77,"41,928","25,89,707.10",-,"16,831",40.14
TUBEINVEST,EQ,2009-10-30,61.4,62.0,64.95,58.5,58.85,59.05,61.16,"85,148","52,08,028.20",-,"41,664",48.93
TUBEINVEST,EQ,2009-11-03,59.05,59.0,59.0,53.55,53.95,54.2,55.91,"1,11,099","62,11,160.85",-,"75,444",67.91
TUBEINVEST,EQ,2009-11-04,54.2,55.4,57.0,54.0,56.7,56.6,55.4,"58,212","32,24,725.15",-,"40,053",68.81
TUBEINVEST,EQ,2009-11-05,56.6,57.0,57.5,54.1,56.8,56.7,55.94,"54,234","30,33,595.05",-,"19,464",35.89
TUBEINVEST,EQ,2009-11-06,56.7,56.8,58.7,56.15,57.2,57.3,57.27,"44,519","25,49,610.05",-,"17,738",39.84
TUBEINVEST,EQ,2009-11-09,57.3,58.4,59.7,57.3,58.0,58.45,58.05,"46,744","27,13,307.00",-,"24,471",52.35
TUBEINVEST,EQ,2009-11-10,58.45,59.5,59.5,57.1,57.5,57.75,57.97,"67,073","38,87,945.40",-,"37,934",56.56
TUBEINVEST,EQ,2009-11-11,57.75,57.2,58.8,56.8,58.5,58.15,57.48,"43,777","25,16,113.35",-,"25,647",58.59
TUBEINVEST,EQ,2009-11-12,58.15,58.85,58.85,57.05,57.65,57.75,58.0,"27,544","15,97,627.00",-,"15,063",54.69
TUBEINVEST,EQ,2009-11-13,57.75,57.35,61.4,57.35,60.5,60.5,60.07,"82,129","49,33,608.55",-,"53,641",65.31
TUBEINVEST,EQ,2009-11-16,60.5,60.9,64.65,60.3,62.25,62.5,63.34,"1,00,848","63,87,657.55",-,"42,510",42.15
TUBEINVEST,EQ,2009-11-17,62.5,63.05,63.05,60.0,61.25,60.85,61.14,"56,645","34,63,160.80",-,"31,982",56.46
TUBEINVEST,EQ,2009-11-18,60.85,61.1,61.25,58.6,59.3,59.15,59.9,"80,889","48,45,167.05",-,"51,920",64.19
TUBEINVEST,EQ,2009-11-19,59.15,59.5,60.2,59.0,59.25,59.35,59.56,"34,306","20,43,105.20",-,"22,412",65.33
TUBEINVEST,EQ,2009-11-20,59.35,58.8,62.2,58.8,60.0,60.05,60.37,"1,18,846","71,74,776.35",-,"52,661",44.31
TUBEINVEST,EQ,2009-11-23,60.05,60.0,62.3,59.7,60.3,60.4,61.19,"2,16,458","1,32,44,831.75",-,"68,028",31.43
TUBEINVEST,EQ,2009-11-24,60.4,61.0,61.55,58.65,58.85,59.0,60.08,"68,921","41,40,495.25",-,"46,536",67.52
TUBEINVEST,EQ,2009-11-25,59.0,59.1,59.95,57.35,58.5,58.1,58.46,"90,896","53,13,701.30",-,"58,130",63.95
TUBEINVEST,EQ,2009-11-26,58.1,57.2,58.4,57.2,57.75,58.0,58.01,"47,440","27,52,144.20",-,"38,186",80.49
TUBEINVEST,EQ,2009-11-27,58.0,57.0,57.5,50.1,54.0,54.2,53.44,"1,76,117","94,10,885.80",-,"97,167",55.17
TUBEINVEST,EQ,2009-11-30,54.2,55.0,59.15,55.0,58.95,58.05,56.97,"1,12,914","64,32,632.65",-,"70,351",62.3
TUBEINVEST,EQ,2009-12-01,58.05,60.0,62.0,58.25,59.8,59.5,60.37,"1,40,153","84,61,478.25",-,"60,304",43.03
TUBEINVEST,EQ,2009-12-02,59.5,62.8,64.0,59.15,60.85,60.65,61.06,"80,183","48,95,654.95",-,"36,515",45.54
TUBEINVEST,EQ,2009-12-03,60.65,61.0,61.8,60.35,60.35,60.65,61.06,"37,157","22,68,893.70",-,"22,394",60.27
TUBEINVEST,EQ,2009-12-04,60.65,58.3,71.8,58.3,70.0,70.2,69.59,"30,27,109","21,06,44,855.10",-,"4,46,479",14.75
TUBEINVEST,EQ,2009-12-07,70.2,71.15,72.0,64.75,65.3,65.65,68.27,"13,84,869","9,45,50,216.15",-,"7,11,478",51.38
TUBEINVEST,EQ,2009-12-08,65.65,66.9,67.25,65.25,65.35,65.7,66.2,"1,85,096","1,22,53,336.90",-,"66,591",35.98
TUBEINVEST,EQ,2009-12-09,65.7,65.6,70.6,64.55,67.0,67.0,68.69,"6,56,455","4,50,91,410.10",-,"1,97,141",30.03
TUBEINVEST,EQ,2009-12-10,67.0,67.65,68.05,66.1,66.95,66.75,67.29,"1,28,312","86,33,653.90",-,"48,637",37.91
TUBEINVEST,EQ,2009-12-11,66.75,66.5,68.2,65.1,65.65,65.75,66.66,"1,55,756","1,03,82,632.40",-,"55,616",35.71
TUBEINVEST,EQ,2009-12-14,65.75,66.15,66.7,64.55,64.75,64.85,65.28,"78,095","50,97,934.25",-,"38,554",49.37
TUBEINVEST,EQ,2009-12-15,64.85,64.9,65.55,62.0,62.15,62.8,63.8,"1,23,939","79,07,365.00",-,"61,694",49.78
TUBEINVEST,EQ,2009-12-16,62.8,62.1,68.45,61.85,65.65,65.85,65.71,"2,96,923","1,95,09,553.95",-,"72,660",24.47
TUBEINVEST,EQ,2009-12-17,65.85,66.0,66.0,63.55,64.2,64.35,64.58,"1,42,855","92,25,562.15",-,"55,914",39.14
TUBEINVEST,EQ,2009-12-18,64.35,64.0,65.45,62.6,62.9,63.4,64.42,"96,124","61,91,926.30",-,"43,260",45.0
TUBEINVEST,EQ,2009-12-21,63.4,63.15,64.0,62.1,62.5,62.25,63.06,"43,541","27,45,623.40",-,"24,331",55.88
TUBEINVEST,EQ,2009-12-22,62.25,63.0,63.9,62.55,62.55,63.1,63.32,"52,913","33,50,604.80",-,"24,658",46.6
TUBEINVEST,EQ,2009-12-23,63.1,64.0,64.75,62.85,63.25,63.4,63.66,"85,917","54,69,491.85",-,"36,549",42.54
TUBEINVEST,EQ,2009-12-24,63.4,63.45,69.25,62.7,67.15,66.8,65.11,"25,62,357","16,68,47,009.10",-,"11,36,103",44.34
TUBEINVEST,EQ,2009-12-29,66.8,67.75,72.25,67.35,70.8,71.0,70.19,"12,09,586","8,48,97,243.25",-,"4,30,343",35.58
TUBEINVEST,EQ,2009-12-30,71.0,71.0,72.5,69.4,70.75,70.8,71.29,"4,71,070","3,35,83,046.40",-,"1,86,742",39.64
TUBEINVEST,EQ,2009-12-31,70.8,71.6,71.95,68.35,68.55,68.65,70.28,"2,27,690","1,60,01,399.50",-,"99,242",43.59
TUBEINVEST,EQ,2010-01-04,68.65,69.45,70.1,68.5,69.25,69.15,69.38,"2,27,945","1,58,14,468.35",-,"81,700",35.84
TUBEINVEST,EQ,2010-01-05,69.15,70.1,72.35,69.4,69.75,70.1,71.04,"3,17,975","2,25,89,050.75",-,"1,12,510",35.38
TUBEINVEST,EQ,2010-01-06,70.1,71.0,71.1,69.0,69.9,69.6,69.72,"1,16,321","81,09,800.70",-,"49,749",42.77
TUBEINVEST,EQ,2010-01-07,69.6,70.85,71.5,68.65,70.0,70.0,70.16,"1,81,855","1,27,58,057.50",-,"85,528",47.03
TUBEINVEST,EQ,2010-01-08,70.0,71.0,77.3,71.0,74.8,74.4,75.22,"21,45,850","16,14,06,363.30",-,"7,18,121",33.47
TUBEINVEST,EQ,2010-01-11,74.4,75.0,77.4,75.0,75.1,75.25,76.07,"7,79,082","5,92,63,870.15",-,"2,81,151",36.09
TUBEINVEST,EQ,2010-01-12,75.25,75.2,76.25,72.0,72.1,72.2,73.6,"2,75,203","2,02,55,281.65",-,"1,52,154",55.29
TUBEINVEST,EQ,2010-01-13,72.2,72.4,74.0,72.0,73.5,73.6,73.2,"1,95,457","1,43,07,204.45",-,"76,996",39.39
TUBEINVEST,EQ,2010-01-14,73.6,74.0,88.35,73.75,88.35,88.0,84.48,"77,01,759","65,06,75,310.40",-,"15,92,036",20.67
TUBEINVEST,EQ,2010-01-15,88.0,89.6,89.7,82.1,82.5,83.5,85.47,"24,30,529","20,77,48,124.95",-,"6,38,243",26.26
TUBEINVEST,EQ,2010-01-18,83.5,80.5,82.85,80.5,81.2,81.15,81.76,"3,87,418","3,16,73,926.85",-,"1,57,098",40.55
TUBEINVEST,EQ,2010-01-19,81.15,80.95,86.45,80.6,81.8,81.35,84.06,"9,96,256","8,37,43,214.40",-,"2,33,727",23.46
TUBEINVEST,EQ,2010-01-20,81.35,82.35,85.3,81.55,81.55,81.85,83.26,"4,60,504","3,83,41,578.05",-,"1,29,924",28.21
TUBEINVEST,EQ,2010-01-21,81.85,81.0,81.8,75.05,76.1,76.2,77.36,"5,05,213","3,90,81,836.00",-,"2,46,105",48.71
TUBEINVEST,EQ,2010-01-22,76.2,75.0,79.3,72.5,76.4,76.4,76.12,"6,03,158","4,59,14,076.25",-,"2,27,299",37.68
TUBEINVEST,EQ,2010-01-25,76.4,75.25,79.45,74.7,74.75,75.55,77.22,"2,46,098","1,90,04,387.85",-,"78,142",31.75
TUBEINVEST,EQ,2010-01-27,75.55,76.3,76.3,70.0,70.0,70.55,71.84,"3,43,829","2,47,00,082.45",-,"1,54,659",44.98
TUBEINVEST,EQ,2010-01-28,70.55,70.7,78.75,70.7,75.6,75.15,74.86,"7,72,791","5,78,53,664.25",-,"2,92,048",37.79
TUBEINVEST,EQ,2010-01-29,75.15,75.0,75.5,71.6,74.45,74.25,73.53,"2,47,511","1,81,98,463.65",-,"66,128",26.72
TUBEINVEST,EQ,2010-02-01,74.25,75.2,77.45,73.3,75.0,75.05,75.87,"2,02,428","1,53,58,264.05",-,"79,498",39.27
TUBEINVEST,EQ,2010-02-02,75.05,76.4,77.7,74.1,74.95,74.55,76.19,"2,71,040","2,06,51,700.35",-,"97,797",36.08
TUBEINVEST,EQ,2010-02-03,74.55,75.8,76.8,74.75,75.75,75.5,75.59,"1,79,050","1,35,35,063.25",-,"92,476",51.65
TUBEINVEST,EQ,2010-02-04,75.5,75.7,75.7,72.5,72.75,72.9,74.32,"85,519","63,55,477.60",-,"46,864",54.8
TUBEINVEST,EQ,2010-02-05,72.9,69.2,71.8,69.1,70.6,70.7,70.81,"1,54,117","1,09,13,677.85",-,"91,288",59.23
TUBEINVEST,EQ,2010-02-06,70.7,70.5,73.2,70.3,72.45,72.45,72.05,"26,967","19,42,855.20",-,"17,303",64.16
TUBEINVEST,EQ,2010-02-08,72.45,73.85,74.4,71.55,74.0,73.9,73.25,"1,16,783","85,54,362.55",-,"74,367",63.68
TUBEINVEST,EQ,2010-02-09,73.9,74.4,75.9,72.8,73.1,73.2,74.41,"1,15,323","85,80,957.10",-,"33,404",28.97
TUBEINVEST,EQ,2010-02-10,73.2,73.3,75.9,73.3,74.0,74.15,74.69,"1,10,131","82,25,627.05",-,"55,787",50.66
TUBEINVEST,EQ,2010-02-11,74.15,74.2,75.4,72.1,73.5,72.85,73.64,"79,916","58,85,261.80",-,"42,063",52.63
TUBEINVEST,EQ,2010-02-15,72.85,75.2,81.0,74.6,75.55,75.45,77.8,"12,52,901","9,74,78,630.50",-,"2,70,533",21.59
TUBEINVEST,EQ,2010-02-16,75.45,76.0,77.9,75.25,76.0,75.65,76.31,"3,34,708","2,55,42,695.55",-,"87,461",26.13
TUBEINVEST,EQ,2010-02-17,75.65,76.9,76.9,74.15,74.6,74.5,75.51,"1,62,984","1,23,06,882.50",-,"64,808",39.76
TUBEINVEST,EQ,2010-02-18,74.5,75.0,76.55,74.2,74.35,74.7,75.17,"1,58,593","1,19,22,198.45",-,"59,899",37.77
TUBEINVEST,EQ,2010-02-19,74.7,74.2,76.0,73.05,74.5,74.95,74.2,"1,42,079","1,05,42,598.95",-,"89,477",62.98
TUBEINVEST,EQ,2010-02-22,74.95,75.0,76.8,73.1,73.9,73.8,74.81,"1,08,188","80,93,254.95",-,"55,643",51.43
TUBEINVEST,EQ,2010-02-23,73.8,73.8,75.2,72.2,74.1,74.45,73.5,"2,63,138","1,93,41,434.90",-,"1,95,941",74.46
TUBEINVEST,EQ,2010-02-24,74.45,72.6,74.5,72.6,74.5,74.15,74.08,"69,481","51,47,487.50",-,"51,786",74.53
TUBEINVEST,EQ,2010-02-25,74.15,73.05,75.8,73.0,75.2,75.0,75.0,"1,56,309","1,17,22,662.65",-,"1,06,029",67.83
TUBEINVEST,EQ,2010-02-26,75.0,75.9,78.9,73.85,76.4,76.55,76.63,"2,06,919","1,58,56,244.55",-,"1,18,093",57.07
TUBEINVEST,EQ,2010-03-02,76.55,77.8,78.2,76.05,77.5,77.25,77.14,"67,554","52,11,185.75",-,"43,874",64.95
TUBEINVEST,EQ,2010-03-03,77.25,76.5,79.6,76.5,78.0,78.75,78.31,"1,77,333","1,38,86,484.75",-,"98,418",55.5
TUBEINVEST,EQ,2010-03-04,78.75,80.0,80.0,77.5,77.95,77.8,77.95,"41,500","32,34,995.10",-,"19,242",46.37
TUBEINVEST,EQ,2010-03-05,77.8,77.5,78.5,77.0,77.3,77.25,77.6,"56,585","43,90,953.20",-,"34,579",61.11
TUBEINVEST,EQ,2010-03-08,77.25,77.25,79.5,77.25,77.8,77.55,78.3,"58,833","46,06,501.90",-,"37,255",63.32
TUBEINVEST,EQ,2010-03-09,77.55,77.7,78.0,77.15,77.45,77.3,77.51,"40,911","31,70,962.55",-,"21,273",52.0
TUBEINVEST,EQ,2010-03-10,77.3,77.6,79.5,77.0,77.25,77.35,78.16,"92,295","72,13,884.45",-,"50,615",54.84
TUBEINVEST,EQ,2010-03-11,77.35,77.9,78.4,77.0,77.0,77.25,77.55,"45,597","35,36,036.25",-,"24,056",52.76
TUBEINVEST,EQ,2010-03-12,77.25,77.85,77.9,77.0,77.0,77.25,77.3,"49,096","37,95,068.50",-,"41,381",84.29
TUBEINVEST,EQ,2010-03-15,77.25,76.25,78.9,75.5,77.6,77.5,77.43,"1,12,011","86,72,942.75",-,"47,611",42.51
TUBEINVEST,EQ,2010-03-16,77.5,78.0,78.0,77.1,77.5,77.5,77.44,"25,712","19,91,191.55",-,"18,550",72.15
TUBEINVEST,EQ,2010-03-17,77.5,78.5,78.5,76.55,77.3,76.8,77.58,"37,709","29,25,469.20",-,"21,028",55.76
TUBEINVEST,EQ,2010-03-18,76.8,77.0,77.5,76.25,76.75,76.55,76.75,"27,924","21,43,054.45",-,"19,545",69.99
TUBEINVEST,EQ,2010-03-19,76.55,77.0,77.0,75.4,75.5,75.85,76.31,"36,195","27,62,191.75",-,"29,677",81.99
TUBEINVEST,EQ,2010-03-22,75.85,75.0,76.0,73.3,73.8,74.05,74.66,"34,581","25,81,879.85",-,"25,567",73.93
TUBEINVEST,EQ,2010-03-23,74.05,74.55,75.3,71.8,72.1,72.1,73.36,"84,338","61,87,104.50",-,"54,859",65.05
TUBEINVEST,EQ,2010-03-25,72.1,72.0,72.95,70.65,71.35,71.85,71.38,"1,41,362","1,00,90,279.85",-,"97,271",68.81
TUBEINVEST,EQ,2010-03-26,71.85,71.9,75.95,71.9,75.2,75.3,74.78,"1,38,797","1,03,79,382.40",-,"83,925",60.47
TUBEINVEST,EQ,2010-03-29,75.3,75.3,76.65,74.6,75.0,75.0,75.1,"69,751","52,38,327.45",-,"56,034",80.33
TUBEINVEST,EQ,2010-03-30,75.0,78.2,78.2,74.15,75.25,74.5,75.06,"61,200","45,93,623.65",-,"40,860",66.76
TUBEINVEST,EQ,2010-03-31,74.5,76.5,79.75,75.15,75.3,75.7,77.56,"4,81,390","3,73,37,192.90",-,"1,69,882",35.29
TUBEINVEST,EQ,2010-04-01,75.7,76.0,78.95,76.0,78.45,78.45,77.94,"5,26,142","4,10,08,241.95",-,"4,72,518",89.81
TUBEINVEST,EQ,2010-04-05,78.45,78.5,79.2,76.0,76.3,76.45,77.72,"1,55,468","1,20,82,446.95",-,"88,280",56.78
TUBEINVEST,EQ,2010-04-06,76.45,79.0,79.0,76.2,78.05,78.2,77.76,"1,23,370","95,92,931.40",-,"75,522",61.22
TUBEINVEST,EQ,2010-04-07,78.2,81.0,83.9,77.1,83.3,83.05,81.21,"6,79,196","5,51,60,595.00",-,"3,60,353",53.06
TUBEINVEST,EQ,2010-04-08,83.05,83.25,85.4,80.25,83.0,82.45,83.39,"3,85,563","3,21,53,001.05",-,"2,05,322",53.25
TUBEINVEST,EQ,2010-04-09,82.45,83.25,87.5,83.25,85.8,85.4,85.66,"5,39,844","4,62,41,497.55",-,"2,99,129",55.41
TUBEINVEST,EQ,2010-04-12,85.4,85.8,86.9,84.2,85.75,84.95,85.3,"2,54,175","2,16,82,175.45",-,"1,64,730",64.81
TUBEINVEST,EQ,2010-04-13,84.95,85.9,90.75,85.0,89.1,89.05,88.33,"5,36,222","4,73,62,625.60",-,"2,57,538",48.03
TUBEINVEST,EQ,2010-04-15,89.05,90.0,90.4,87.2,88.2,88.05,88.51,"3,75,483","3,32,32,236.95",-,"2,06,013",54.87
TUBEINVEST,EQ,2010-04-16,88.05,88.9,90.4,87.5,88.4,88.35,88.98,"2,82,667","2,51,51,881.15",-,"1,44,064",50.97
TUBEINVEST,EQ,2010-04-19,88.35,88.9,91.4,86.0,89.3,89.5,89.01,"5,47,190","4,87,07,830.70",-,"2,20,502",40.3
TUBEINVEST,EQ,2010-04-20,89.5,90.5,94.0,88.5,93.25,93.45,91.96,"8,09,903","7,44,80,623.10",-,"4,14,335",51.16
TUBEINVEST,EQ,2010-04-21,93.45,94.5,96.4,92.0,93.0,93.25,94.63,"7,35,706","6,96,23,068.35",-,"2,73,563",37.18
TUBEINVEST,EQ,2010-04-22,93.25,92.9,93.75,90.3,93.4,92.9,92.69,"3,42,041","3,17,02,574.95",-,"1,87,513",54.82
TUBEINVEST,EQ,2010-04-23,92.9,92.8,94.65,91.0,91.4,91.4,92.69,"92,041","85,31,155.30",-,"45,098",49.0
TUBEINVEST,EQ,2010-04-26,91.4,91.65,93.0,90.3,91.0,91.15,92.27,"1,59,438","1,47,11,408.00",-,"82,552",51.78
TUBEINVEST,EQ,2010-04-27,91.15,91.4,91.65,90.05,90.5,90.15,90.49,"1,16,872","1,05,75,282.65",-,"75,720",64.79
TUBEINVEST,EQ,2010-04-28,90.15,90.4,91.0,88.05,88.05,88.35,89.35,"1,39,264","1,24,43,255.30",-,"92,059",66.1
TUBEINVEST,EQ,2010-04-29,88.35,88.5,98.2,88.5,95.8,95.45,94.72,"8,33,493","7,89,52,353.80",-,"2,80,547",33.66
TUBEINVEST,EQ,2010-04-30,95.45,96.0,98.9,95.5,96.5,96.5,97.54,"5,59,226","5,45,47,981.55",-,"2,31,544",41.4
TUBEINVEST,EQ,2010-05-03,96.5,96.4,101.8,94.3,96.3,96.8,99.07,"9,12,388","9,03,87,696.85",-,"1,85,867",20.37
TUBEINVEST,EQ,2010-05-04,96.8,97.9,101.2,92.15,93.8,93.6,98.19,"5,56,297","5,46,21,484.25",-,"1,56,621",28.15
TUBEINVEST,EQ,2010-05-05,93.6,92.0,99.45,92.0,99.0,98.45,96.6,"9,88,342","9,54,75,830.80",-,"1,88,357",19.06
TUBEINVEST,EQ,2010-05-06,98.45,98.4,99.8,94.6,95.55,95.35,97.01,"2,47,520","2,40,10,723.90",-,"95,191",38.46
TUBEINVEST,EQ,2010-05-07,95.35,92.5,94.7,92.15,93.0,92.65,93.09,"1,80,689","1,68,20,133.85",-,"86,750",48.01
TUBEINVEST,EQ,2010-05-10,92.65,94.9,105.85,94.0,102.65,103.25,102.51,"14,41,044","14,77,27,170.95",-,"3,67,247",25.48
TUBEINVEST,EQ,2010-05-11,103.25,103.9,105.5,100.0,101.2,100.75,102.55,"5,24,107","5,37,44,890.85",-,"1,25,436",23.93
TUBEINVEST,EQ,2010-05-12,100.75,97.65,107.1,97.65,101.5,101.9,104.42,"11,04,094","11,52,94,963.50",-,"2,52,668",22.88
TUBEINVEST,EQ,2010-05-13,101.9,103.6,104.5,100.5,102.7,102.4,102.61,"3,84,272","3,94,31,691.15",-,"1,50,930",39.28
TUBEINVEST,EQ,2010-05-14,102.4,101.05,109.55,100.1,105.0,105.8,107.04,"13,97,117","14,95,42,917.75",-,"3,28,695",23.53
TUBEINVEST,EQ,2010-05-17,105.8,103.95,107.9,102.0,107.9,107.05,105.56,"4,68,671","4,94,74,138.00",-,"1,17,240",25.02
TUBEINVEST,EQ,2010-05-18,107.05,108.2,114.75,105.5,113.5,111.35,111.97,"12,16,606","13,62,22,339.35",-,"2,61,342",21.48
TUBEINVEST,EQ,2010-05-19,111.35,110.0,113.2,105.05,107.0,106.25,109.96,"5,30,315","5,83,14,976.40",-,"2,04,715",38.6
TUBEINVEST,EQ,2010-05-20,106.25,107.1,115.8,107.1,115.0,113.9,112.87,"12,37,087","13,96,30,326.65",-,"1,99,741",16.15
TUBEINVEST,EQ,2010-05-21,113.9,110.0,112.55,108.15,110.6,110.75,110.64,"6,39,102","7,07,08,875.75",-,"1,80,928",28.31
TUBEINVEST,EQ,2010-05-24,110.75,112.9,113.9,110.1,111.3,111.45,111.86,"1,76,454","1,97,38,257.30",-,"71,412",40.47
TUBEINVEST,EQ,2010-05-25,111.45,110.0,110.0,103.0,104.0,104.15,106.03,"2,22,457","2,35,86,117.40",-,"1,03,970",46.74
TUBEINVEST,EQ,2010-05-26,104.15,106.35,108.7,104.9,107.4,106.85,106.85,"2,78,870","2,97,96,959.75",-,"1,75,943",63.09
TUBEINVEST,EQ,2010-05-27,106.85,106.0,108.2,103.2,105.8,104.75,105.28,"97,525","1,02,67,703.35",-,"33,262",34.11
TUBEINVEST,EQ,2010-05-28,104.75,107.0,109.75,105.8,107.65,107.35,108.34,"2,81,913","3,05,43,676.55",-,"84,134",29.84
TUBEINVEST,EQ,2010-05-31,107.35,108.5,109.0,105.6,107.4,106.95,107.26,"1,24,756","1,33,81,258.80",-,"38,763",31.07
TUBEINVEST,EQ,2010-06-01,106.95,106.0,108.0,103.8,104.6,104.55,105.58,"1,30,902","1,38,20,093.40",-,"68,244",52.13
TUBEINVEST,EQ,2010-06-02,104.55,106.7,109.9,105.2,106.9,106.4,107.14,"3,36,810","3,60,86,074.15",-,"1,02,013",30.29
TUBEINVEST,EQ,2010-06-03,106.4,107.65,108.65,105.1,106.35,106.0,106.31,"1,05,459","1,12,11,015.55",-,"47,831",45.36
TUBEINVEST,EQ,2010-06-04,106.0,106.0,108.35,105.15,105.3,105.9,106.86,"1,62,116","1,73,23,162.20",-,"46,200",28.5
TUBEINVEST,EQ,2010-06-07,105.9,104.0,104.9,101.3,104.45,103.9,103.14,"1,58,144","1,63,10,971.00",-,"63,213",39.97
TUBEINVEST,EQ,2010-06-08,103.9,103.5,105.9,100.2,101.35,101.05,102.77,"1,30,347","1,33,95,858.15",-,"58,519",44.89
TUBEINVEST,EQ,2010-06-09,101.05,102.3,102.45,98.45,101.0,100.2,100.32,"1,31,176","1,31,59,653.35",-,"60,380",46.03
TUBEINVEST,EQ,2010-06-10,100.2,101.1,102.1,97.05,101.4,100.45,99.36,"2,42,448","2,40,90,546.55",-,"1,46,133",60.27
TUBEINVEST,EQ,2010-06-11,100.45,102.5,102.5,99.25,101.8,101.45,101.29,"1,43,087","1,44,92,637.90",-,"77,754",54.34
TUBEINVEST,EQ,2010-06-14,101.45,102.5,104.4,100.55,104.0,103.85,103.22,"1,42,231","1,46,81,650.70",-,"71,463",50.24
TUBEINVEST,EQ,2010-06-15,103.85,103.45,107.5,103.0,103.0,103.85,105.43,"2,52,553","2,66,27,491.20",-,"1,01,673",40.26
TUBEINVEST,EQ,2010-06-16,103.85,105.0,107.5,103.5,104.95,105.35,106.08,"2,36,238","2,50,59,567.80",-,"97,517",41.28
TUBEINVEST,EQ,2010-06-17,105.35,104.0,105.7,103.2,104.15,104.65,104.24,"1,21,076","1,26,20,483.90",-,"73,611",60.8
TUBEINVEST,EQ,2010-06-18,104.65,105.95,110.15,105.0,109.35,108.85,108.75,"5,68,558","6,18,32,502.40",-,"1,96,333",34.53
TUBEINVEST,EQ,2010-06-21,108.85,110.5,115.0,109.5,115.0,114.6,113.17,"5,45,909","6,17,79,253.35",-,"2,86,102",52.41
TUBEINVEST,EQ,2010-06-22,114.6,111.9,121.0,111.9,120.25,120.15,117.77,"8,56,625","10,08,87,434.50",-,"2,34,589",27.39
TUBEINVEST,EQ,2010-06-23,120.15,119.5,123.75,118.1,119.0,118.7,120.36,"5,49,860","6,61,83,214.75",-,"2,32,038",42.2
TUBEINVEST,EQ,2010-06-24,118.7,119.9,121.0,115.5,117.25,116.8,118.43,"1,65,271","1,95,73,576.55",-,"74,829",45.28
TUBEINVEST,EQ,2010-06-25,116.8,116.0,119.15,116.0,116.05,116.45,117.49,"1,23,031","1,44,54,820.10",-,"65,351",53.12
TUBEINVEST,EQ,2010-06-28,116.45,116.0,126.5,116.0,125.1,124.65,123.85,"8,26,631","10,23,79,511.70",-,"2,06,755",25.01
TUBEINVEST,EQ,2010-06-29,124.65,123.9,124.85,120.4,121.8,121.6,122.16,"1,75,418","2,14,28,947.90",-,"67,440",38.45
TUBEINVEST,EQ,2010-06-30,121.6,121.0,125.7,119.0,124.3,123.9,123.86,"3,40,555","4,21,82,792.10",-,"85,475",25.1
TUBEINVEST,EQ,2010-07-01,123.9,124.0,124.35,122.1,123.45,123.2,123.28,"93,804","1,15,63,725.25",-,"29,207",31.14
TUBEINVEST,EQ,2010-07-02,123.2,124.65,129.3,123.0,126.1,126.75,127.52,"3,69,898","4,71,68,208.20",-,"1,22,219",33.04
TUBEINVEST,EQ,2010-07-05,126.75,126.5,128.35,125.3,127.8,126.9,126.84,"92,746","1,17,64,263.65",-,"40,500",43.67
TUBEINVEST,EQ,2010-07-06,126.9,125.75,128.25,124.0,125.2,125.5,125.89,"1,09,325","1,37,62,852.85",-,"52,884",48.37
TUBEINVEST,EQ,2010-07-07,125.5,124.1,126.5,124.0,124.05,124.25,124.98,"78,886","98,59,454.55",-,"30,668",38.88
TUBEINVEST,EQ,2010-07-08,124.25,128.0,128.5,123.15,125.0,124.9,126.26,"1,88,177","2,37,59,636.00",-,"76,525",40.67
TUBEINVEST,EQ,2010-07-09,124.9,127.8,127.8,124.9,125.5,125.6,125.69,"55,050","69,18,975.35",-,"29,358",53.33
TUBEINVEST,EQ,2010-07-12,125.6,125.0,129.9,125.0,129.0,128.55,128.68,"3,07,635","3,95,86,089.90",-,"1,24,216",40.38
TUBEINVEST,EQ,2010-07-13,128.55,130.0,132.4,128.8,130.0,129.9,130.81,"3,96,456","5,18,59,343.90",-,"1,22,941",31.01
TUBEINVEST,EQ,2010-07-14,129.9,130.15,133.55,127.55,127.6,128.0,130.76,"2,45,589","3,21,13,043.00",-,"1,28,825",52.46
TUBEINVEST,EQ,2010-07-15,128.0,129.9,129.9,125.2,128.0,127.2,127.04,"1,26,390","1,60,56,285.20",-,"65,750",52.02
TUBEINVEST,EQ,2010-07-16,127.2,127.2,131.0,127.0,129.9,129.75,129.51,"2,98,907","3,87,11,886.30",-,"99,471",33.28
TUBEINVEST,EQ,2010-07-19,129.75,129.75,129.75,126.2,126.6,127.15,127.74,"99,076","1,26,56,259.40",-,"59,990",60.55
TUBEINVEST,EQ,2010-07-20,127.15,128.45,128.45,125.1,126.0,125.9,126.7,"73,518","93,14,739.10",-,"36,606",49.79
TUBEINVEST,EQ,2010-07-21,125.9,126.15,127.95,125.2,126.0,126.15,126.69,"69,640","88,22,510.85",-,"27,093",38.9
TUBEINVEST,EQ,2010-07-22,126.15,126.7,134.7,126.1,131.5,130.95,131.87,"8,40,814","11,08,74,021.55",-,"2,28,573",27.18
TUBEINVEST,EQ,2010-07-23,130.95,131.5,133.3,129.0,129.15,129.4,130.6,"1,48,510","1,93,95,821.85",-,"69,128",46.55
TUBEINVEST,EQ,2010-07-26,129.4,129.0,130.7,126.55,127.0,127.05,127.61,"1,00,458","1,28,19,903.80",-,"42,147",41.95
TUBEINVEST,EQ,2010-07-27,127.05,127.95,128.5,125.15,128.0,127.35,126.77,"86,081","1,09,12,817.30",-,"31,591",36.7
TUBEINVEST,EQ,2010-07-28,127.35,127.5,129.0,122.35,125.25,124.8,125.07,"1,07,855","1,34,89,491.90",-,"62,260",57.73
TUBEINVEST,EQ,2010-07-29,124.8,125.95,128.4,121.2,121.6,122.9,125.01,"1,67,610","2,09,53,503.75",-,"90,286",53.87
TUBEINVEST,EQ,2010-07-30,122.9,123.25,125.25,120.0,121.0,120.55,122.38,"1,20,059","1,46,92,531.80",-,"70,837",59.0
TUBEINVEST,EQ,2010-08-02,120.55,124.0,124.0,120.0,120.25,120.8,122.16,"1,51,052","1,84,52,565.15",-,"80,725",53.44
TUBEINVEST,EQ,2010-08-03,120.8,121.9,123.8,121.6,123.2,122.9,122.44,"83,933","1,02,76,530.30",-,"45,702",54.45
TUBEINVEST,EQ,2010-08-04,122.9,123.9,124.8,121.6,122.7,123.4,123.37,"1,45,555","1,79,56,821.45",-,"88,490",60.79
TUBEINVEST,EQ,2010-08-05,123.4,123.8,128.5,116.0,124.0,123.75,126.1,"5,56,192","7,01,37,064.50",-,"2,68,775",48.32
TUBEINVEST,EQ,2010-08-06,123.75,124.8,127.5,123.15,124.1,124.15,125.52,"1,35,835","1,70,50,165.65",-,"65,363",48.12
TUBEINVEST,EQ,2010-08-09,124.15,124.8,130.9,124.5,128.5,129.05,128.98,"3,72,391","4,80,31,074.95",-,"1,99,405",53.55
TUBEINVEST,EQ,2010-08-10,129.05,128.0,130.1,126.25,127.0,126.95,128.28,"1,95,640","2,50,97,554.80",-,"1,58,055",80.79
TUBEINVEST,EQ,2010-08-11,126.95,127.95,128.95,124.35,124.65,125.1,126.11,"1,31,048","1,65,25,901.65",-,"94,922",72.43
TUBEINVEST,EQ,2010-08-12,125.1,124.0,125.8,122.7,124.0,124.15,123.95,"94,346","1,16,93,763.25",-,"60,589",64.22
TUBEINVEST,EQ,2010-08-13,124.15,125.15,126.5,124.7,125.5,125.15,125.52,"1,11,482","1,39,93,364.85",-,"72,926",65.42
TUBEINVEST,EQ,2010-08-16,125.15,126.0,137.85,125.5,134.4,133.5,133.44,"6,32,229","8,43,63,811.20",-,"2,72,344",43.08
TUBEINVEST,EQ,2010-08-17,133.5,136.0,141.4,135.1,139.8,138.6,139.0,"6,94,884","9,65,85,571.50",-,"2,43,589",35.05
TUBEINVEST,EQ,2010-08-18,138.6,139.2,141.0,137.2,138.1,138.2,138.63,"1,93,973","2,68,90,324.75",-,"78,697",40.57
TUBEINVEST,EQ,2010-08-19,138.2,138.65,139.8,135.35,137.25,136.75,136.33,"1,53,504","2,09,27,362.45",-,"89,584",58.36
TUBEINVEST,EQ,2010-08-20,136.75,135.25,139.75,135.25,136.65,137.35,137.16,"1,52,655","2,09,37,534.50",-,"83,677",54.81
TUBEINVEST,EQ,2010-08-23,137.35,138.2,141.0,136.5,137.75,137.9,139.31,"1,92,726","2,68,49,590.25",-,"89,003",46.18
TUBEINVEST,EQ,2010-08-24,137.9,138.0,138.9,133.6,134.75,135.1,135.42,"1,09,759","1,48,63,152.00",-,"52,038",47.41
TUBEINVEST,EQ,2010-08-25,135.1,135.85,139.45,134.5,134.5,135.0,136.04,"1,17,356","1,59,65,326.55",-,"64,093",54.61
TUBEINVEST,EQ,2010-08-26,135.0,133.0,136.8,133.0,134.0,134.3,134.68,"65,139","87,72,781.00",-,"44,963",69.03
TUBEINVEST,EQ,2010-08-27,134.3,135.0,135.0,132.0,132.0,132.8,133.26,"71,472","95,24,631.85",-,"49,656",69.48
TUBEINVEST,EQ,2010-08-30,132.8,134.35,134.35,128.1,128.8,129.0,130.22,"79,841","1,03,96,724.85",-,"50,442",63.18
TUBEINVEST,EQ,2010-08-31,129.0,129.5,134.8,127.0,128.05,128.05,130.83,"3,01,614","3,94,59,885.60",-,"96,660",32.05
TUBEINVEST,EQ,2010-09-01,128.05,129.8,131.6,127.1,127.7,127.85,128.3,"2,11,684","2,71,59,188.00",-,"1,59,399",75.3
TUBEINVEST,EQ,2010-09-02,127.85,129.75,133.4,126.5,128.75,128.6,130.15,"4,24,346","5,52,26,581.15",-,"1,18,259",27.87
TUBEINVEST,EQ,2010-09-03,128.6,129.0,131.4,127.6,129.5,129.45,129.52,"1,84,757","2,39,29,341.25",-,"1,08,129",58.52
TUBEINVEST,EQ,2010-09-06,129.45,130.8,132.0,128.2,130.0,129.9,131.04,"1,26,149","1,65,30,658.60",-,"73,137",57.98
TUBEINVEST,EQ,2010-09-07,129.9,130.9,134.85,129.3,129.65,130.4,131.83,"5,64,765","7,44,51,472.35",-,"4,22,612",74.83
TUBEINVEST,EQ,2010-09-08,130.4,130.85,131.5,129.0,130.2,130.3,130.16,"64,218","83,58,499.45",-,"34,405",53.58
TUBEINVEST,EQ,2010-09-09,130.3,131.0,137.6,130.25,134.8,134.3,134.55,"4,44,840","5,98,52,454.20",-,"1,73,054",38.9
TUBEINVEST,EQ,2010-09-13,134.3,135.2,140.4,135.2,139.7,138.85,139.54,"15,28,985","21,33,55,027.30",-,"12,92,023",84.5
TUBEINVEST,EQ,2010-09-14,138.85,139.7,144.5,133.5,136.3,136.25,140.31,"5,12,126","7,18,58,672.15",-,"1,44,837",28.28
TUBEINVEST,EQ,2010-09-15,136.25,137.0,138.85,135.5,136.8,136.3,136.95,"71,830","98,36,965.10",-,"31,051",43.23
TUBEINVEST,EQ,2010-09-16,136.3,134.2,137.4,134.1,136.25,135.7,135.07,"1,72,964","2,33,61,500.90",-,"1,31,683",76.13
TUBEINVEST,EQ,2010-09-17,135.7,136.65,142.0,136.0,140.3,140.65,140.1,"3,30,927","4,63,63,401.85",-,"1,46,261",44.2
TUBEINVEST,EQ,2010-09-20,140.65,140.5,142.9,137.0,137.3,138.25,139.24,"1,16,471","1,62,17,566.75",-,"57,633",49.48
TUBEINVEST,EQ,2010-09-21,138.25,139.6,142.0,138.5,139.0,139.25,140.12,"2,34,761","3,28,95,219.65",-,"1,07,488",45.79
TUBEINVEST,EQ,2010-09-22,139.25,140.0,140.8,137.0,138.5,138.45,138.77,"1,01,115","1,40,31,820.95",-,"69,394",68.63
TUBEINVEST,EQ,2010-09-23,138.45,139.7,145.9,137.55,143.0,143.65,143.92,"6,57,169","9,45,79,571.25",-,"3,34,796",50.95
TUBEINVEST,EQ,2010-09-24,143.65,144.9,148.6,144.0,146.1,146.3,146.57,"3,23,646","4,74,35,667.15",-,"1,53,635",47.47
TUBEINVEST,EQ,2010-09-27,146.3,147.75,152.85,145.0,150.0,149.75,150.45,"4,52,282","6,80,47,884.90",-,"2,50,376",55.36
TUBEINVEST,EQ,2010-09-28,149.75,149.0,151.85,146.0,148.0,148.3,148.66,"1,73,892","2,58,50,227.20",-,"89,076",51.22
TUBEINVEST,EQ,2010-09-29,148.3,150.45,150.45,143.1,144.25,143.85,145.86,"1,09,177","1,59,24,818.70",-,"61,678",56.49
TUBEINVEST,EQ,2010-09-30,143.85,141.6,146.5,141.6,144.0,144.35,144.15,"59,807","86,21,150.60",-,"29,722",49.7
TUBEINVEST,EQ,2010-10-01,144.35,145.0,148.7,143.0,143.4,143.8,145.84,"1,19,095","1,73,69,271.75",-,"61,571",51.7
TUBEINVEST,EQ,2010-10-04,143.8,144.9,146.9,141.85,143.0,142.65,143.98,"69,853","1,00,57,492.05",-,"37,910",54.27
TUBEINVEST,EQ,2010-10-05,142.65,144.8,144.8,141.9,143.9,144.05,143.47,"66,352","95,19,460.80",-,"43,645",65.78
TUBEINVEST,EQ,2010-10-06,144.05,147.5,149.0,143.05,146.75,147.75,146.15,"1,61,547","2,36,10,537.15",-,"1,11,952",69.3
TUBEINVEST,EQ,2010-10-07,147.75,149.7,155.9,147.1,148.1,148.55,152.37,"4,48,092","6,82,74,168.30",-,"1,77,438",39.6
TUBEINVEST,EQ,2010-10-08,148.55,150.9,153.7,149.2,149.5,149.9,151.28,"2,74,395","4,15,09,725.20",-,"1,37,432",50.09
TUBEINVEST,EQ,2010-10-11,149.9,153.0,153.5,149.05,150.95,151.0,151.4,"1,56,686","2,37,22,991.75",-,"95,340",60.85
TUBEINVEST,EQ,2010-10-12,151.0,152.9,155.5,151.25,154.0,154.2,153.1,"8,12,596","12,44,07,282.25",-,"6,78,743",83.53
TUBEINVEST,EQ,2010-10-13,154.2,156.0,158.5,153.0,153.9,154.1,156.46,"3,28,090","5,13,34,581.10",-,"1,64,663",50.19
TUBEINVEST,EQ,2010-10-14,154.1,155.1,155.5,150.5,153.8,153.1,153.14,"1,47,663","2,26,13,102.35",-,"84,803",57.43
TUBEINVEST,EQ,2010-10-15,153.1,154.65,154.85,150.5,152.5,152.45,152.33,"97,294","1,48,20,354.10",-,"73,548",75.59
TUBEINVEST,EQ,2010-10-18,152.45,152.15,158.9,150.6,155.5,156.55,155.24,"2,50,391","3,88,70,994.60",-,"1,14,350",45.67
TUBEINVEST,EQ,2010-10-19,156.55,158.2,160.4,155.0,155.8,155.65,158.73,"4,06,363","6,45,01,733.20",-,"1,06,989",26.33
TUBEINVEST,EQ,2010-10-20,155.65,155.25,158.5,155.0,156.3,155.2,156.18,"90,986","1,42,10,260.05",-,"45,444",49.95
TUBEINVEST,EQ,2010-10-21,155.2,155.9,158.35,155.9,157.5,157.2,157.25,"62,850","98,83,008.90",-,"38,642",61.48
TUBEINVEST,EQ,2010-10-22,157.2,156.5,164.6,154.7,162.4,161.8,161.68,"2,11,462","3,41,89,838.90",-,"87,262",41.27
TUBEINVEST,EQ,2010-10-25,161.8,161.8,163.5,159.5,160.65,161.5,161.86,"83,495","1,35,14,633.30",-,"42,767",51.22
TUBEINVEST,EQ,2010-10-26,161.5,162.65,163.35,158.25,159.4,159.15,160.99,"60,600","97,55,880.55",-,"30,900",50.99
TUBEINVEST,EQ,2010-10-27,159.15,159.6,160.35,157.05,157.5,157.85,158.74,"37,651","59,76,541.70",-,"19,779",52.53
TUBEINVEST,EQ,2010-10-28,157.85,159.4,163.5,155.05,156.5,156.4,158.57,"58,758","93,17,493.00",-,"31,492",53.6
TUBEINVEST,EQ,2010-10-29,156.4,157.25,160.0,150.0,152.0,150.95,154.18,"1,22,518","1,88,90,287.40",-,"68,660",56.04
TUBEINVEST,EQ,2010-11-01,150.95,151.0,156.55,151.0,153.5,153.9,154.15,"1,15,514","1,78,06,659.15",-,"72,514",62.78
TUBEINVEST,EQ,2010-11-02,153.9,155.45,155.5,152.5,154.85,154.8,154.37,"61,947","95,62,914.05",-,"41,698",67.31
TUBEINVEST,EQ,2010-11-03,154.8,155.0,158.6,153.1,156.5,157.4,153.81,"18,28,217","28,11,91,789.90",-,"17,33,587",94.82
TUBEINVEST,EQ,2010-11-04,157.4,159.5,159.9,154.5,156.5,156.45,157.05,"1,45,308","2,28,21,056.65",-,"79,090",54.43
TUBEINVEST,EQ,2010-11-05,156.45,156.45,159.5,155.35,158.5,158.2,157.71,"54,563","86,05,326.45",-,"38,930",71.35
TUBEINVEST,EQ,2010-11-08,158.2,159.0,159.0,154.1,154.1,154.9,156.15,"78,252","1,22,19,165.40",-,"48,679",62.21
TUBEINVEST,EQ,2010-11-09,154.9,154.9,156.45,152.1,153.5,153.05,153.47,"77,389","1,18,77,091.65",-,"46,749",60.41
TUBEINVEST,EQ,2010-11-10,153.05,153.85,158.0,151.2,152.0,152.1,155.49,"3,17,271","4,93,32,217.00",-,"2,37,758",74.94
TUBEINVEST,EQ,2010-11-11,152.1,152.9,154.0,150.15,151.35,150.7,151.0,"3,20,037","4,83,24,610.25",-,"2,91,195",90.99
TUBEINVEST,EQ,2010-11-12,150.7,152.4,156.95,149.5,150.0,150.3,153.18,"3,00,541","4,60,38,058.95",-,"1,11,155",36.98
TUBEINVEST,EQ,2010-11-15,150.3,151.0,151.8,146.2,150.6,148.85,148.68,"1,01,330","1,50,65,995.10",-,"50,367",49.71
TUBEINVEST,EQ,2010-11-16,148.85,150.0,150.7,143.15,145.0,144.7,146.59,"1,06,533","1,56,16,582.85",-,"73,969",69.43
TUBEINVEST,EQ,2010-11-18,144.7,145.05,146.45,138.1,145.5,144.75,141.43,"1,04,381","1,47,62,992.70",-,"53,632",51.38
TUBEINVEST,EQ,2010-11-19,144.75,143.0,146.95,141.1,142.6,142.8,143.37,"1,00,718","1,44,39,705.30",-,"64,459",64.0
TUBEINVEST,EQ,2010-11-22,142.8,143.1,149.0,138.5,147.0,145.5,145.1,"2,93,686","4,26,12,944.60",-,"1,06,669",36.32
TUBEINVEST,EQ,2010-11-23,145.5,146.8,147.0,139.4,141.6,142.4,142.51,"99,449","1,41,72,481.70",-,"59,673",60.0
TUBEINVEST,EQ,2010-11-24,142.4,139.5,144.0,136.0,138.0,138.75,140.68,"61,876","87,04,797.10",-,"40,371",65.25
TUBEINVEST,EQ,2010-11-25,138.75,142.9,143.0,132.2,135.8,134.2,137.2,"71,007","97,42,316.50",-,"44,807",63.1
TUBEINVEST,EQ,2010-11-26,134.2,135.2,135.75,125.0,127.0,127.35,128.5,"1,24,631","1,60,15,498.75",-,"75,686",60.73
TUBEINVEST,EQ,2010-11-29,127.35,131.0,131.0,123.0,124.15,124.95,126.17,"1,57,219","1,98,36,878.50",-,"1,34,609",85.62
TUBEINVEST,EQ,2010-11-30,124.95,122.0,136.5,121.5,133.0,132.85,132.7,"3,88,726","5,15,83,903.05",-,"1,72,092",44.27
TUBEINVEST,EQ,2010-12-01,132.85,135.0,142.4,135.0,142.35,140.65,138.62,"1,79,203","2,48,41,425.15",-,"97,440",54.37
TUBEINVEST,EQ,2010-12-02,140.65,143.0,146.6,141.25,142.0,142.2,144.26,"1,38,975","2,00,48,187.10",-,"73,705",53.03
TUBEINVEST,EQ,2010-12-03,142.2,146.15,146.8,139.0,141.0,140.85,142.49,"1,73,626","2,47,40,258.10",-,"81,715",47.06
TUBEINVEST,EQ,2010-12-06,140.85,143.5,148.5,141.0,147.5,145.75,145.95,"4,13,746","6,03,84,638.60",-,"3,39,044",81.94
TUBEINVEST,EQ,2010-12-07,145.75,147.0,147.4,143.2,145.5,145.45,145.52,"2,05,781","2,99,46,154.90",-,"1,58,501",77.02
TUBEINVEST,EQ,2010-12-08,145.45,147.25,147.25,138.0,140.2,138.4,139.09,"10,51,806","14,62,94,402.75",-,"10,12,772",96.29
TUBEINVEST,EQ,2010-12-09,138.4,140.2,144.0,130.1,135.0,135.5,135.41,"1,72,144","2,33,09,564.85",-,"1,20,518",70.01
TUBEINVEST,EQ,2010-12-10,135.5,132.5,140.0,130.0,137.0,139.2,137.8,"1,08,440","1,49,42,773.45",-,"57,099",52.65
TUBEINVEST,EQ,2010-12-13,139.2,139.1,146.8,136.05,141.55,142.05,141.77,"36,09,122","51,16,48,540.20",-,"34,87,824",96.64
TUBEINVEST,EQ,2010-12-14,142.05,145.0,153.55,142.25,149.35,151.3,148.44,"4,22,578","6,27,28,123.70",-,"1,49,967",35.49
TUBEINVEST,EQ,2010-12-15,151.3,152.0,152.0,146.1,149.0,147.5,148.33,"2,68,844","3,98,78,355.00",-,"2,09,639",77.98
TUBEINVEST,EQ,2010-12-16,147.5,148.9,154.0,148.0,151.6,151.9,149.98,"3,95,201","5,92,73,469.35",-,"2,43,752",61.68
TUBEINVEST,EQ,2010-12-20,151.9,152.5,154.45,148.1,148.65,149.75,151.01,"1,42,615","2,15,35,745.75",-,"88,221",61.86
TUBEINVEST,EQ,2010-12-21,149.75,150.0,154.2,149.0,150.0,149.85,151.79,"1,44,247","2,18,95,542.30",-,"1,13,890",78.95
TUBEINVEST,EQ,2010-12-22,149.85,150.0,153.0,149.0,150.0,150.0,150.41,"91,618","1,37,79,868.35",-,"75,530",82.44
TUBEINVEST,EQ,2010-12-23,150.0,151.8,152.0,148.3,152.0,150.85,150.06,"1,08,528","1,62,85,784.20",-,"97,801",90.12
TUBEINVEST,EQ,2010-12-24,150.85,149.0,153.35,148.25,153.0,152.55,151.92,"1,95,168","2,96,50,602.55",-,"1,18,360",60.65
TUBEINVEST,EQ,2010-12-27,152.55,152.1,154.5,150.0,150.0,151.7,152.47,"50,774","77,41,399.00",-,"27,556",54.27
TUBEINVEST,EQ,2010-12-28,151.7,152.0,152.8,148.15,149.25,149.0,149.84,"32,662","48,94,083.25",-,"19,933",61.03
TUBEINVEST,EQ,2010-12-29,149.0,150.9,157.4,149.15,153.75,153.0,153.86,"4,25,752","6,55,08,246.15",-,"1,80,769",42.46
TUBEINVEST,EQ,2010-12-30,153.0,154.0,154.5,150.0,151.6,150.45,151.99,"83,909","1,27,53,327.55",-,"40,086",47.77
TUBEINVEST,EQ,2010-12-31,150.45,151.0,152.8,150.45,150.6,151.05,151.53,"30,567","46,31,723.45",-,"17,794",58.21
TUBEINVEST,EQ,2011-01-03,151.05,152.0,152.55,147.5,151.4,151.0,150.43,"1,84,878","2,78,12,083.55",-,"1,49,133",80.67
TUBEINVEST,EQ,2011-01-04,151.0,151.5,154.85,146.2,152.3,152.45,151.63,"2,26,813","3,43,92,776.00",-,"1,34,358",59.24
TUBEINVEST,EQ,2011-01-05,152.45,151.5,154.9,150.7,151.95,151.7,152.31,"1,79,404","2,73,25,899.05",-,"1,34,515",74.98
TUBEINVEST,EQ,2011-01-06,151.7,153.0,155.2,149.5,153.0,152.8,151.36,"2,89,079","4,37,54,604.15",-,"2,33,221",80.68
TUBEINVEST,EQ,2011-01-07,152.8,152.0,152.95,146.0,146.5,146.5,148.65,"96,878","1,44,00,633.75",-,"70,357",72.62
TUBEINVEST,EQ,2011-01-10,146.5,146.2,146.2,136.1,137.0,139.2,141.75,"77,767","1,10,23,154.45",-,"55,765",71.71
TUBEINVEST,EQ,2011-01-11,139.2,132.2,143.5,132.2,143.0,141.75,141.09,"2,34,531","3,30,90,187.50",-,"1,95,347",83.29
TUBEINVEST,EQ,2011-01-12,141.75,144.0,146.9,141.6,146.9,146.5,145.36,"94,597","1,37,50,484.55",-,"48,962",51.76
TUBEINVEST,EQ,2011-01-13,146.5,147.0,147.7,144.05,145.6,146.65,146.25,"38,481","56,27,757.45",-,"26,130",67.9
TUBEINVEST,EQ,2011-01-14,146.65,145.0,148.0,143.6,146.0,145.0,145.35,"65,942","95,84,988.45",-,"47,853",72.57
TUBEINVEST,EQ,2011-01-17,145.0,143.0,147.0,140.5,146.5,146.05,143.92,"69,729","1,00,35,328.30",-,"49,402",70.85
TUBEINVEST,EQ,2011-01-18,146.05,147.0,148.0,142.55,145.0,144.3,145.11,"17,260","25,04,513.15",-,"11,238",65.11
TUBEINVEST,EQ,2011-01-19,144.3,145.0,146.35,142.0,145.95,144.9,144.69,"22,887","33,11,409.15",-,"15,375",67.18
TUBEINVEST,EQ,2011-01-20,144.9,145.0,145.5,142.0,142.5,143.4,144.42,"22,275","32,17,050.60",-,"17,293",77.63
TUBEINVEST,EQ,2011-01-21,143.4,145.0,145.45,142.0,143.15,143.6,144.0,"15,802","22,75,527.30",-,"8,965",56.73
TUBEINVEST,EQ,2011-01-24,143.6,143.75,147.9,143.75,145.5,145.85,146.39,"39,672","58,07,435.30",-,"17,345",43.72
TUBEINVEST,EQ,2011-01-25,145.85,144.4,148.8,144.0,144.05,144.9,146.49,"18,354","26,88,611.60",-,"7,393",40.28
TUBEINVEST,EQ,2011-01-27,144.9,148.8,148.8,140.5,141.0,141.8,143.64,"16,670","23,94,524.50",-,"10,731",64.37
TUBEINVEST,EQ,2011-01-28,141.8,145.0,145.0,138.15,141.0,140.05,140.0,"1,70,312","2,38,43,047.60",-,"1,57,829",92.67
TUBEINVEST,EQ,2011-01-31,140.05,141.0,147.0,137.5,146.0,144.6,142.54,"87,278","1,24,40,977.65",-,"42,616",48.83
TUBEINVEST,EQ,2011-02-01,144.6,147.75,147.85,140.0,143.0,143.0,142.63,"44,561","63,55,692.95",-,"33,290",74.71
TUBEINVEST,EQ,2011-02-02,143.0,143.0,143.35,140.15,140.15,140.75,141.62,"11,401","16,14,648.05",-,"6,339",55.6
TUBEINVEST,EQ,2011-02-03,140.75,140.1,142.9,139.0,140.0,140.5,140.98,"31,664","44,63,956.10",-,"19,219",60.7
TUBEINVEST,EQ,2011-02-04,140.5,140.0,141.95,138.0,139.0,139.0,139.89,"38,043","53,21,881.60",-,"30,275",79.58
TUBEINVEST,EQ,2011-02-07,139.0,140.0,142.25,137.0,137.7,138.8,139.61,"58,997","82,36,518.30",-,"51,729",87.68
TUBEINVEST,EQ,2011-02-08,138.8,137.5,137.5,125.5,131.0,130.75,131.02,"1,40,069","1,83,51,927.10",-,"1,05,452",75.29
TUBEINVEST,EQ,2011-02-09,130.75,130.5,134.9,128.1,131.0,131.1,131.58,"81,976","1,07,86,442.15",-,"57,838",70.55
TUBEINVEST,EQ,2011-02-10,131.1,132.75,132.9,128.25,129.6,129.95,130.23,"1,10,034","1,43,29,603.45",-,"99,328",90.27
TUBEINVEST,EQ,2011-02-11,129.95,129.95,129.95,126.75,128.0,129.05,128.57,"89,855","1,15,52,450.80",-,"67,224",74.81
TUBEINVEST,EQ,2011-02-14,129.05,129.95,131.9,129.5,130.0,130.15,130.53,"65,750","85,82,229.95",-,"49,376",75.1
TUBEINVEST,EQ,2011-02-15,130.15,130.5,130.7,127.5,129.0,128.9,129.9,"50,551","65,66,611.55",-,"41,656",82.4
TUBEINVEST,EQ,2011-02-16,128.9,129.0,134.4,128.3,131.4,132.05,131.07,"77,780","1,01,94,284.60",-,"48,243",62.02
TUBEINVEST,EQ,2011-02-17,132.05,132.0,133.8,130.5,130.65,131.55,132.19,"74,998","99,13,948.25",-,"58,422",77.9
TUBEINVEST,EQ,2011-02-18,131.55,132.75,136.0,132.0,136.0,135.4,134.9,"1,47,252","1,98,64,510.05",-,"1,00,173",68.03
TUBEINVEST,EQ,2011-02-21,135.4,136.0,136.4,134.0,136.0,135.3,135.35,"40,031","54,18,386.55",-,"28,120",70.25
TUBEINVEST,EQ,2011-02-22,135.3,135.8,136.5,133.0,133.0,133.7,133.87,"17,280","23,13,317.40",-,"13,404",77.57
TUBEINVEST,EQ,2011-02-23,133.7,133.0,134.9,130.5,134.0,134.05,133.95,"10,843","14,52,408.50",-,"7,625",70.32
TUBEINVEST,EQ,2011-02-24,134.05,134.05,134.9,129.15,131.5,131.4,132.08,"36,910","48,75,205.85",-,"30,766",83.35
TUBEINVEST,EQ,2011-02-25,131.4,132.0,133.95,127.2,128.05,130.65,130.87,"1,10,061","1,44,03,570.60",-,"96,107",87.32
TUBEINVEST,EQ,2011-02-28,130.65,131.0,131.0,123.75,125.75,124.7,126.85,"32,353","41,03,909.25",-,"22,905",70.8
TUBEINVEST,EQ,2011-03-01,124.7,126.0,126.95,124.05,126.35,126.2,125.66,"53,038","66,64,896.95",-,"33,505",63.17
TUBEINVEST,EQ,2011-03-03,126.2,127.95,127.95,123.0,123.5,123.65,124.63,"31,802","39,63,595.45",-,"20,274",63.75
TUBEINVEST,EQ,2011-03-04,123.65,124.0,126.5,122.0,125.4,124.6,124.86,"70,063","87,47,955.10",-,"62,326",88.96
TUBEINVEST,EQ,2011-03-07,124.6,125.0,125.0,121.9,123.0,123.5,123.77,"25,665","31,76,570.75",-,"16,849",65.65
TUBEINVEST,EQ,2011-03-08,123.5,124.0,125.5,123.1,125.0,124.15,124.42,"37,616","46,80,090.90",-,"28,538",75.87
TUBEINVEST,EQ,2011-03-09,124.15,126.45,127.0,123.65,126.0,125.95,125.24,"26,699","33,43,717.05",-,"19,251",72.1
TUBEINVEST,EQ,2011-03-10,125.95,125.0,125.6,123.5,124.25,125.2,124.14,"38,956","48,35,939.70",-,"21,604",55.46
TUBEINVEST,EQ,2011-03-11,125.2,124.15,124.3,121.05,121.7,121.3,122.23,"26,707","32,64,413.35",-,"20,139",75.41
TUBEINVEST,EQ,2011-03-14,121.3,124.5,124.5,118.8,119.5,119.75,120.75,"25,949","31,33,289.25",-,"15,330",59.08
TUBEINVEST,EQ,2011-03-15,119.75,119.0,125.5,115.3,121.95,121.25,120.85,"33,260","40,19,499.35",-,"21,367",64.24
TUBEINVEST,EQ,2011-03-16,121.25,125.8,130.5,124.0,127.0,128.55,127.48,"1,13,132","1,44,21,661.65",-,"72,603",64.18
TUBEINVEST,EQ,2011-03-17,128.55,127.0,130.9,126.0,127.45,128.6,128.77,"62,299","80,22,034.00",-,"39,483",63.38
TUBEINVEST,EQ,2011-03-18,128.6,129.65,129.65,126.1,126.8,127.3,127.43,"56,149","71,55,065.00",-,"43,825",78.05
TUBEINVEST,EQ,2011-03-21,127.3,128.7,128.85,124.0,125.7,124.55,125.75,"6,996","8,79,724.60",-,"4,596",65.69
TUBEINVEST,EQ,2011-03-22,124.55,123.6,126.0,123.1,124.8,123.65,124.1,"12,799","15,88,387.40",-,"6,268",48.97
TUBEINVEST,EQ,2011-03-23,123.65,126.8,128.5,124.05,128.5,128.05,127.54,"57,736","73,63,709.60",-,"29,590",51.25
TUBEINVEST,EQ,2011-03-24,128.05,130.0,131.0,125.0,126.9,126.1,128.23,"34,425","44,14,479.55",-,"16,191",47.03
TUBEINVEST,EQ,2011-03-25,126.1,128.95,129.0,125.1,127.05,126.75,126.87,"21,279","26,99,561.40",-,"13,230",62.17
TUBEINVEST,EQ,2011-03-28,126.75,127.0,135.0,126.25,132.8,131.9,132.59,"1,69,614","2,24,88,487.25",-,"51,891",30.59
TUBEINVEST,EQ,2011-03-29,131.9,134.95,138.9,134.0,135.0,135.1,136.06,"1,70,204","2,31,58,486.15",-,"72,080",42.35
TUBEINVEST,EQ,2011-03-30,135.1,137.7,137.7,133.6,134.9,134.45,135.43,"30,429","41,20,849.85",-,"17,337",56.98
TUBEINVEST,EQ,2011-03-31,134.45,137.0,137.0,131.5,136.45,135.85,135.85,"78,278","1,06,33,778.80",-,"61,423",78.47
TUBEINVEST,EQ,2011-04-01,135.85,135.0,137.85,133.15,135.5,135.35,134.18,"5,17,275","6,94,09,176.35",-,"5,06,017",97.82
TUBEINVEST,EQ,2011-04-04,135.35,135.75,139.0,134.2,138.05,138.25,137.87,"56,909","78,46,239.80",-,"36,599",64.31
TUBEINVEST,EQ,2011-04-05,138.25,139.4,140.0,138.0,140.0,139.5,139.11,"31,688","44,08,245.95",-,"23,248",73.37
TUBEINVEST,EQ,2011-04-06,139.5,144.9,153.8,140.8,147.0,146.8,148.23,"3,31,349","4,91,17,374.40",-,"1,17,086",35.34
TUBEINVEST,EQ,2011-04-07,146.8,148.9,149.7,144.5,145.55,145.3,146.7,"38,610","56,64,083.50",-,"23,094",59.81
TUBEINVEST,EQ,2011-04-08,145.3,146.5,151.0,145.25,148.0,147.95,149.06,"1,62,637","2,42,42,834.70",-,"57,771",35.52
TUBEINVEST,EQ,2011-04-11,147.95,148.5,149.5,146.0,149.0,148.05,147.93,"50,963","75,39,161.60",-,"18,788",36.87
TUBEINVEST,EQ,2011-04-13,148.05,145.1,149.8,145.1,149.0,148.7,147.71,"20,519","30,30,864.40",-,"13,687",66.7
TUBEINVEST,EQ,2011-04-15,148.7,150.0,150.0,145.0,149.0,148.1,147.98,"28,144","41,64,735.70",-,"18,050",64.13
TUBEINVEST,EQ,2011-04-18,148.1,154.0,156.0,144.4,145.7,146.4,148.61,"1,00,452","1,49,28,103.15",-,"64,691",64.4
TUBEINVEST,EQ,2011-04-19,146.4,145.95,145.95,141.35,141.5,141.9,142.68,"26,562","37,89,766.15",-,"21,003",79.07
TUBEINVEST,EQ,2011-04-20,141.9,149.0,149.0,142.6,143.95,143.9,144.22,"18,896","27,25,138.95",-,"11,799",62.44
TUBEINVEST,EQ,2011-04-21,143.9,146.0,146.0,141.45,142.2,143.15,143.16,"28,894","41,36,330.25",-,"15,567",53.88
TUBEINVEST,EQ,2011-04-25,143.15,142.0,144.45,141.0,141.1,141.5,142.15,"13,361","18,99,284.05",-,"7,963",59.6
TUBEINVEST,EQ,2011-04-26,141.5,144.0,144.0,140.0,141.15,141.5,141.04,"17,200","24,25,827.90",-,"10,556",61.37
TUBEINVEST,EQ,2011-04-27,141.5,141.5,142.2,138.0,139.4,139.05,139.92,"18,081","25,29,894.70",-,"11,572",64.0
TUBEINVEST,EQ,2011-04-28,139.05,145.0,145.0,138.5,142.05,142.5,140.69,"48,558","68,31,593.80",-,"36,254",74.66
TUBEINVEST,EQ,2011-04-29,142.5,145.0,148.5,139.6,140.6,140.45,144.66,"1,19,156","1,72,37,226.60",-,"43,114",36.18
TUBEINVEST,EQ,2011-05-02,140.45,142.5,142.5,136.7,138.9,137.75,138.62,"39,344","54,53,756.95",-,"27,998",71.16
TUBEINVEST,EQ,2011-05-03,137.75,140.0,140.8,136.2,137.5,138.2,138.33,"36,687","50,74,944.15",-,"17,786",48.48
TUBEINVEST,EQ,2011-05-04,138.2,139.0,139.0,133.1,135.1,135.95,136.25,"39,350","53,61,328.25",-,"23,246",59.07
TUBEINVEST,EQ,2011-05-05,135.95,138.3,139.9,134.2,135.0,136.9,138.1,"58,898","81,33,627.65",-,"30,381",51.58
TUBEINVEST,EQ,2011-05-06,136.9,138.0,141.9,137.0,138.35,138.5,138.5,"41,776","57,86,126.05",-,"15,889",38.03
TUBEINVEST,EQ,2011-05-06,136.9,138.0,141.9,137.0,138.35,138.5,138.5,"41,776","57,86,126.05",-,"15,889",38.03
TUBEINVEST,EQ,2011-05-09,138.5,138.0,139.9,138.0,139.5,139.05,139.07,"12,176","16,93,337.50",-,"9,598",78.83
TUBEINVEST,EQ,2011-05-10,139.05,140.5,140.5,137.5,139.0,138.8,138.83,"33,624","46,68,011.30",-,"27,507",81.81
TUBEINVEST,EQ,2011-05-11,138.8,138.5,140.0,137.65,137.75,138.05,138.08,"29,894","41,27,830.70",-,"26,932",90.09
TUBEINVEST,EQ,2011-05-12,138.05,140.0,140.0,135.0,135.15,137.05,137.72,"25,295","34,83,515.35",-,"20,790",82.19
TUBEINVEST,EQ,2011-05-13,137.05,138.9,138.9,134.1,135.0,134.95,136.34,"28,220","38,47,647.60",-,"23,941",84.84
TUBEINVEST,EQ,2011-05-16,134.95,142.4,142.4,135.35,135.5,135.75,136.35,"20,546","28,01,471.05",-,"18,461",89.85
TUBEINVEST,EQ,2011-05-17,135.75,136.0,137.35,132.9,133.3,133.9,134.4,"12,408","16,67,691.75",-,"8,377",67.51
TUBEINVEST,EQ,2011-05-18,133.9,134.2,136.45,133.0,136.0,135.35,135.0,"21,402","28,89,208.90",-,"19,347",90.4
TUBEINVEST,EQ,2011-05-19,135.35,134.8,136.6,131.15,132.0,132.65,134.59,"23,831","32,07,512.35",-,"20,345",85.37
TUBEINVEST,EQ,2011-05-20,132.65,134.95,135.0,132.55,133.0,133.45,133.75,"9,203","12,30,923.65",-,"7,319",79.53
TUBEINVEST,EQ,2011-05-23,133.45,132.0,135.45,132.0,133.9,133.65,133.88,"16,722","22,38,815.75",-,"12,974",77.59
TUBEINVEST,EQ,2011-05-24,133.65,134.0,134.0,130.6,132.0,131.35,132.36,"23,343","30,89,696.20",-,"21,294",91.22
TUBEINVEST,EQ,2011-05-25,131.35,131.0,131.95,130.0,130.35,130.75,130.83,"38,076","49,81,542.35",-,"35,873",94.21
TUBEINVEST,EQ,2011-05-26,130.75,128.1,132.8,125.1,129.85,129.05,129.3,"27,457","35,50,246.20",-,"23,171",84.39
TUBEINVEST,EQ,2011-05-27,129.05,133.75,134.0,125.6,130.0,129.8,129.51,"11,735","15,19,749.25",-,"6,377",54.34
TUBEINVEST,EQ,2011-05-30,129.8,129.0,133.0,129.0,129.25,129.5,130.16,"89,034","1,15,88,346.25",-,"77,474",87.02
TUBEINVEST,EQ,2011-05-31,129.5,131.0,134.4,130.4,133.55,133.5,133.01,"46,267","61,53,899.95",-,"38,876",84.03
TUBEINVEST,EQ,2011-06-01,133.5,134.8,134.9,132.65,133.0,133.55,133.63,"12,318","16,46,062.45",241,"7,340",59.59
TUBEINVEST,EQ,2011-06-02,133.55,133.05,134.0,131.2,132.4,133.0,132.91,"29,200","38,81,035.20",289,"17,961",61.51
TUBEINVEST,EQ,2011-06-03,133.0,132.1,136.5,129.8,134.0,135.4,133.67,"45,824","61,25,279.35",794,"31,928",69.68
TUBEINVEST,EQ,2011-06-06,135.4,134.0,145.75,133.1,136.3,136.85,141.07,"5,49,599","7,75,30,792.75","9,588","1,65,688",30.15
TUBEINVEST,EQ,2011-06-07,136.85,136.8,137.4,134.35,135.1,134.95,135.83,"35,782","48,60,403.75",768,"25,409",71.01
TUBEINVEST,EQ,2011-06-08,134.95,136.25,138.9,133.9,133.9,134.7,135.76,"31,799","43,17,038.90",699,"20,652",64.95
TUBEINVEST,EQ,2011-06-09,134.7,134.7,135.0,132.05,133.0,132.9,133.72,"20,001","26,74,471.75",509,"12,921",64.6
TUBEINVEST,EQ,2011-06-10,132.9,134.0,135.7,130.6,131.25,130.95,132.72,"29,657","39,36,101.80",655,"19,595",66.07
TUBEINVEST,EQ,2011-06-13,130.95,132.0,134.5,131.65,133.2,132.4,133.17,"40,174","53,50,036.05",723,"15,341",38.19
TUBEINVEST,EQ,2011-06-14,132.4,132.1,137.5,132.1,135.65,136.35,136.45,"1,56,376","2,13,37,885.95","1,191","1,27,265",81.38
TUBEINVEST,EQ,2011-06-15,136.35,137.0,144.0,136.0,143.6,142.65,139.04,"4,04,783","5,62,82,165.95","3,280","2,82,192",69.71
TUBEINVEST,EQ,2011-06-16,142.65,141.45,149.7,141.45,143.15,143.2,146.41,"3,81,407","5,58,42,477.00","5,196","92,827",24.34
TUBEINVEST,EQ,2011-06-17,143.2,145.0,145.4,137.2,138.5,137.55,139.58,"1,02,911","1,43,63,971.25","1,135","69,764",67.79
TUBEINVEST,EQ,2011-06-20,137.55,139.65,139.65,134.0,136.0,136.3,136.27,"34,291","46,72,708.70",551,"24,403",71.16
TUBEINVEST,EQ,2011-06-21,136.3,136.45,139.6,133.1,133.5,133.75,135.49,"28,211","38,22,329.55",636,"16,182",57.36
TUBEINVEST,EQ,2011-06-22,133.75,135.0,135.0,130.5,130.5,130.85,132.78,"25,104","33,33,418.20",630,"18,355",73.12
TUBEINVEST,EQ,2011-06-23,130.85,131.0,131.5,129.2,131.0,131.1,130.16,"52,943","68,90,895.80",833,"46,850",88.49
TUBEINVEST,EQ,2011-06-24,131.1,130.1,133.35,130.1,132.5,132.3,131.82,"31,245","41,18,769.95",615,"21,258",68.04
TUBEINVEST,EQ,2011-06-27,132.3,132.0,139.4,132.0,134.85,134.2,136.38,"1,03,452","1,41,08,725.30","1,886","47,178",45.6
TUBEINVEST,EQ,2011-06-28,134.2,134.5,138.0,133.55,136.4,136.35,135.7,"1,32,339","1,79,58,926.95","1,392","94,204",71.18
TUBEINVEST,EQ,2011-06-29,136.35,137.0,139.9,135.0,137.0,136.9,137.41,"68,446","94,05,049.55","1,889","29,995",43.82
TUBEINVEST,EQ,2011-06-30,136.9,138.2,138.5,135.75,137.0,136.85,137.17,"35,480","48,66,813.15",934,"21,329",60.12
TUBEINVEST,EQ,2011-07-01,136.85,138.75,140.0,137.0,138.5,138.1,138.32,"56,469","78,10,746.60",723,"41,593",73.66
TUBEINVEST,EQ,2011-07-04,138.1,139.95,144.0,137.75,142.7,143.1,142.01,"74,433","1,05,70,220.80","1,952","40,078",53.84
TUBEINVEST,EQ,2011-07-05,143.1,144.8,150.45,143.0,149.5,149.3,147.62,"3,18,912","4,70,78,270.30","4,747","1,32,542",41.56
TUBEINVEST,EQ,2011-07-06,149.3,150.8,154.0,148.05,148.15,148.7,151.35,"2,52,489","3,82,15,243.45","4,105","92,510",36.64
TUBEINVEST,EQ,2011-07-07,148.7,147.0,149.0,145.55,146.4,146.7,147.04,"48,169","70,82,677.90",908,"24,941",51.78
TUBEINVEST,EQ,2011-07-08,146.7,148.5,153.55,146.7,149.4,149.85,150.06,"2,60,225","3,90,49,185.00","3,451","1,62,226",62.34
TUBEINVEST,EQ,2011-07-11,149.85,150.65,154.5,149.0,153.7,153.75,152.92,"1,36,748","2,09,11,525.75","2,354","92,051",67.31
TUBEINVEST,EQ,2011-07-12,153.75,150.55,153.0,150.0,151.5,151.65,151.44,"1,26,412","1,91,43,287.40","1,665","96,348",76.22
TUBEINVEST,EQ,2011-07-13,151.65,152.4,153.5,150.5,152.9,152.8,152.63,"68,510","1,04,56,867.60","1,328","54,132",79.01
TUBEINVEST,EQ,2011-07-14,152.8,153.0,153.0,150.85,152.3,152.1,151.7,"75,752","1,14,91,269.20",713,"67,694",89.36
TUBEINVEST,EQ,2011-07-15,152.1,159.0,159.0,151.3,155.5,155.05,154.87,"68,503","1,06,09,302.50","1,292","40,856",59.64
TUBEINVEST,EQ,2011-07-18,155.05,158.0,158.0,153.2,155.9,155.4,155.5,"61,600","95,78,738.30","1,225","33,935",55.09
TUBEINVEST,EQ,2011-07-19,155.4,154.0,164.4,154.0,162.0,161.65,161.45,"5,01,628","8,09,88,115.15","7,818","1,57,648",31.43
TUBEINVEST,EQ,2011-07-20,161.65,162.0,170.25,159.5,161.0,161.3,165.51,"6,73,106","11,14,02,608.65","9,214","1,98,306",29.46
TUBEINVEST,EQ,2011-07-21,161.3,162.5,167.5,160.55,163.7,162.6,164.08,"1,39,796","2,29,38,031.40","2,336","70,601",50.5
TUBEINVEST,EQ,2011-07-22,162.6,163.1,166.0,160.55,160.75,161.5,163.76,"2,51,975","4,12,64,419.60","3,588","1,26,368",50.15
TUBEINVEST,EQ,2011-07-25,161.5,160.8,162.5,156.95,161.1,160.65,161.12,"61,268","98,71,406.65","1,115","38,539",62.9
TUBEINVEST,EQ,2011-07-26,160.65,160.0,165.75,160.0,162.5,163.4,163.21,"1,48,973","2,43,13,827.60","2,358","70,182",47.11
TUBEINVEST,EQ,2011-07-27,163.4,161.15,164.25,159.85,161.6,161.45,161.76,"1,09,340","1,76,87,157.00","1,294","57,115",52.24
TUBEINVEST,EQ,2011-07-28,161.45,160.5,163.05,158.15,159.0,159.5,160.23,"64,429","1,03,23,241.55",878,"43,377",67.33
TUBEINVEST,EQ,2011-07-29,159.5,159.35,162.4,158.5,159.1,159.75,160.08,"65,871","1,05,44,351.90",648,"52,780",80.13
TUBEINVEST,EQ,2011-08-01,159.75,161.3,163.35,159.5,162.55,161.9,161.22,"1,59,194","2,56,64,923.15","2,187","95,936",60.26
TUBEINVEST,EQ,2011-08-02,161.9,162.7,165.05,154.35,157.0,157.3,157.96,"2,01,199","3,17,82,028.65","2,649","1,33,030",66.12
TUBEINVEST,EQ,2011-08-03,157.3,155.0,159.2,152.95,159.2,156.85,155.39,"1,26,159","1,96,04,397.75","1,117","91,291",72.36
TUBEINVEST,EQ,2011-08-04,156.85,157.7,159.75,155.25,155.25,157.65,158.13,"45,836","72,47,885.50",649,"31,740",69.25
TUBEINVEST,EQ,2011-08-05,157.65,152.25,157.0,149.5,154.25,154.65,151.7,"1,92,289","2,91,70,614.45","1,659","1,50,317",78.17
TUBEINVEST,EQ,2011-08-08,154.65,150.0,151.9,146.95,149.0,148.85,148.7,"69,238","1,02,96,013.80","1,328","48,171",69.57
TUBEINVEST,EQ,2011-08-09,148.85,142.0,148.95,139.6,140.0,141.25,145.32,"53,217","77,33,392.70",991,"31,731",59.63
TUBEINVEST,EQ,2011-08-09,148.85,142.0,148.95,139.6,140.0,141.25,145.32,"53,217","77,33,392.70",991,"31,731",59.63
TUBEINVEST,EQ,2011-08-10,141.25,144.7,148.8,144.7,145.55,146.05,146.52,"40,457","59,27,911.10",600,"28,731",71.02
TUBEINVEST,EQ,2011-08-11,146.05,145.0,148.45,143.1,143.9,143.8,145.36,"17,431","25,33,806.25",422,"11,512",66.04
TUBEINVEST,EQ,2011-08-12,143.8,145.75,146.0,138.3,138.5,140.1,141.76,"28,904","40,97,548.30",612,"20,086",69.49
TUBEINVEST,EQ,2011-08-16,140.1,142.5,147.25,138.45,140.8,140.6,144.01,"87,908","1,26,59,741.75","2,276","23,759",27.03
TUBEINVEST,EQ,2011-08-17,140.6,141.75,142.8,135.0,135.1,136.0,138.36,"32,305","44,69,561.25",792,"18,651",57.73
TUBEINVEST,EQ,2011-08-18,136.0,137.0,137.0,129.3,132.5,131.05,132.26,"52,866","69,92,177.40","1,287","32,815",62.07
TUBEINVEST,EQ,2011-08-19,131.05,127.85,133.0,124.0,133.0,130.25,127.9,"46,056","58,90,713.30",964,"26,572",57.69
TUBEINVEST,EQ,2011-08-22,130.25,128.1,134.0,128.1,133.0,133.0,132.36,"42,015","55,61,011.95",576,"31,915",75.96
TUBEINVEST,EQ,2011-08-23,133.0,133.85,136.55,132.65,133.7,134.9,134.99,"28,660","38,68,903.25",471,"17,691",61.73
TUBEINVEST,EQ,2011-08-24,134.9,133.5,135.75,127.3,127.5,128.7,131.24,"39,916","52,38,701.80",923,"27,344",68.5
TUBEINVEST,EQ,2011-08-25,128.7,129.8,136.5,126.9,135.9,135.35,133.46,"1,25,126","1,66,99,586.45","1,825","46,280",36.99
TUBEINVEST,EQ,2011-08-26,135.35,135.0,138.4,131.2,138.4,136.0,135.99,"97,238","1,32,23,776.60","1,961","46,246",47.56
TUBEINVEST,EQ,2011-08-29,136.0,135.0,141.5,134.5,139.25,139.75,139.48,"37,991","52,99,113.95",895,"14,757",38.84
TUBEINVEST,EQ,2011-08-30,139.75,141.9,143.0,137.0,138.6,138.85,139.56,"78,876","1,10,08,136.50",745,"65,652",83.23
TUBEINVEST,EQ,2011-09-02,138.85,138.0,138.6,135.65,136.5,137.05,137.49,"37,251","51,21,805.75",579,"26,137",70.16
TUBEINVEST,EQ,2011-09-05,137.05,135.6,138.7,134.85,136.0,136.85,136.88,"51,576","70,59,555.45",669,"35,804",69.42
TUBEINVEST,EQ,2011-09-06,136.85,139.85,141.5,136.05,141.0,140.7,140.2,"30,292","42,47,082.95","1,099","13,459",44.43
TUBEINVEST,EQ,2011-09-07,140.7,143.0,144.4,140.75,143.7,143.3,142.32,"32,167","45,77,938.10",754,"20,823",64.73
TUBEINVEST,EQ,2011-09-08,143.3,143.1,145.0,140.95,143.0,144.15,142.99,"31,902","45,61,739.85",522,"22,668",71.06
TUBEINVEST,EQ,2011-09-09,144.15,146.4,146.4,142.0,142.8,143.4,143.69,"88,907","1,27,75,392.20","1,211","81,465",91.63
TUBEINVEST,EQ,2011-09-12,143.4,141.3,142.9,140.1,141.0,140.5,141.9,"1,17,687","1,67,00,057.15",357,"1,12,489",95.58
TUBEINVEST,EQ,2011-09-13,140.5,141.75,144.7,141.35,142.0,142.3,142.57,"1,24,384","1,77,32,935.40",405,"1,17,964",94.84
TUBEINVEST,EQ,2011-09-14,142.3,143.3,143.35,139.15,141.9,141.65,141.31,"24,046","33,97,883.00",518,"15,016",62.45
TUBEINVEST,EQ,2011-09-15,141.65,143.2,144.0,140.5,141.5,141.35,141.9,"34,337","48,72,484.60",431,"25,050",72.95
TUBEINVEST,EQ,2011-09-16,141.35,141.55,147.8,141.5,142.7,143.55,144.08,"1,63,109","2,35,01,222.60","3,167","1,10,458",67.72
TUBEINVEST,EQ,2011-09-19,143.55,143.8,147.2,141.95,144.0,144.6,145.27,"30,801","44,74,342.05",907,"18,731",60.81
TUBEINVEST,EQ,2011-09-20,144.6,144.05,146.7,143.8,144.55,145.0,145.37,"25,842","37,56,675.85",698,"19,151",74.11
TUBEINVEST,EQ,2011-09-21,145.0,144.3,151.75,144.3,151.5,151.4,150.08,"3,62,136","5,43,50,047.60",979,"3,48,922",96.35
TUBEINVEST,EQ,2011-09-22,151.4,149.0,150.6,143.0,143.5,143.9,146.52,"48,005","70,33,847.05","1,223","31,314",65.23
TUBEINVEST,EQ,2011-09-23,143.9,142.1,142.85,139.55,141.0,141.5,141.02,"36,084","50,88,510.35",594,"19,708",54.62
TUBEINVEST,EQ,2011-09-26,141.5,141.95,141.95,131.6,139.0,139.6,135.98,"52,714","71,68,234.15",999,"25,704",48.76
TUBEINVEST,EQ,2011-09-27,139.6,141.75,144.0,139.5,140.5,140.3,141.97,"11,681","16,58,387.80",347,"7,002",59.94
TUBEINVEST,EQ,2011-09-28,140.3,139.0,141.7,135.5,138.2,137.65,137.85,"19,103","26,33,341.05",554,"11,948",62.55
TUBEINVEST,EQ,2011-09-29,137.65,140.0,141.4,133.5,135.4,135.65,137.8,"37,944","52,28,755.40",800,"15,777",41.58
TUBEINVEST,EQ,2011-09-30,135.65,135.35,138.0,133.2,133.5,134.5,136.35,"20,641","28,14,314.10",466,"11,232",54.42
TUBEINVEST,EQ,2011-10-03,134.5,133.0,134.45,125.75,127.9,127.9,129.21,"57,700","74,55,383.90","1,037","34,040",58.99
TUBEINVEST,EQ,2011-10-04,127.9,129.0,132.75,124.0,128.4,129.0,129.28,"36,678","47,41,626.45",944,"18,511",50.47
TUBEINVEST,EQ,2011-10-05,129.0,130.3,131.75,129.45,130.4,130.1,130.25,"15,647","20,38,083.05",346,"11,370",72.67
TUBEINVEST,EQ,2011-10-07,130.1,132.0,134.0,129.5,132.05,132.05,131.74,"33,615","44,28,387.70",439,"23,838",70.91
TUBEINVEST,EQ,2011-10-10,132.05,132.95,134.5,132.5,133.75,133.45,133.81,"23,765","31,79,928.50",570,"19,493",82.02
TUBEINVEST,EQ,2011-10-11,133.45,135.75,138.9,132.55,135.0,135.0,136.42,"64,832","88,44,643.00","2,264","23,331",35.99
TUBEINVEST,EQ,2011-10-12,135.0,136.35,137.95,134.6,137.0,137.35,136.62,"21,049","28,75,702.20",471,"15,149",71.97
TUBEINVEST,EQ,2011-10-13,137.35,137.35,138.2,136.2,136.25,136.75,137.14,"12,092","16,58,329.25",300,"7,769",64.25
TUBEINVEST,EQ,2011-10-14,136.75,136.0,137.5,132.5,135.0,135.95,135.61,"33,164","44,97,300.85",576,"24,751",74.63
TUBEINVEST,EQ,2011-10-17,135.95,135.4,141.1,135.4,140.0,140.05,139.24,"82,310","1,14,61,022.95","1,042","53,242",64.68
TUBEINVEST,EQ,2011-10-18,140.05,139.0,139.8,136.7,138.0,138.0,137.25,"34,916","47,92,385.45",257,"30,909",88.52
TUBEINVEST,EQ,2011-10-19,138.0,139.0,143.0,138.75,140.0,140.1,140.32,"26,160","36,70,768.00",644,"16,744",64.01
TUBEINVEST,EQ,2011-10-20,140.1,139.3,139.95,137.2,139.0,139.05,138.58,"6,461","8,95,363.25",254,"3,793",58.71
TUBEINVEST,EQ,2011-10-21,139.05,132.8,140.0,132.8,139.0,139.35,139.01,"4,84,388","6,73,35,460.45",847,"4,77,371",98.55
TUBEINVEST,EQ,2011-10-24,139.35,140.5,140.5,138.55,139.0,139.15,139.02,"1,66,213","2,31,07,017.45",362,"1,60,689",96.68
TUBEINVEST,EQ,2011-10-24,139.35,140.5,140.5,138.55,139.0,139.15,139.02,"1,66,213","2,31,07,017.45",362,"1,60,689",96.68
TUBEINVEST,EQ,2011-10-25,139.15,139.0,140.0,139.0,140.0,139.1,139.05,"15,581","21,66,483.80",147,"14,253",91.48
TUBEINVEST,EQ,2011-10-26,139.1,141.0,143.2,139.0,139.8,140.05,140.67,"5,911","8,31,473.75",152,"3,605",60.99
TUBEINVEST,EQ,2011-10-28,140.05,142.0,144.9,137.6,137.85,139.35,139.42,"2,32,191","3,23,72,455.75",787,"2,15,114",92.65
TUBEINVEST,EQ,2011-10-31,139.35,139.0,140.5,137.35,139.5,139.85,139.47,"2,17,352","3,03,13,771.55",408,"2,13,163",98.07
TUBEINVEST,EQ,2011-11-01,139.85,141.9,147.5,141.0,144.1,143.1,143.1,"2,76,112","3,95,11,903.60","1,851","2,29,614",83.16
TUBEINVEST,EQ,2011-11-02,143.1,143.1,144.35,139.2,141.4,142.1,142.62,"1,76,437","2,51,63,536.00","1,186","1,63,412",92.62
TUBEINVEST,EQ,2011-11-03,142.1,142.0,144.5,139.2,140.0,139.7,139.81,"1,40,888","1,96,97,753.65","1,047","1,23,553",87.7
TUBEINVEST,EQ,2011-11-04,139.7,143.5,143.5,139.6,141.0,141.0,141.02,"2,62,901","3,70,74,999.70","1,207","2,46,278",93.68
TUBEINVEST,EQ,2011-11-08,141.0,141.7,143.5,141.15,142.5,142.1,142.39,"18,169","25,87,052.80",595,"12,491",68.75
TUBEINVEST,EQ,2011-11-09,142.1,143.2,143.5,140.25,143.15,143.1,142.78,"48,399","69,10,400.00","1,138","34,869",72.04
TUBEINVEST,EQ,2011-11-11,143.1,142.0,142.05,137.8,138.95,138.75,139.69,"28,661","40,03,742.90",648,"19,394",67.67
TUBEINVEST,EQ,2011-11-14,138.75,141.0,143.4,135.15,136.1,138.05,140.41,"69,794","97,99,555.80","1,733","26,037",37.31
TUBEINVEST,EQ,2011-11-15,138.05,137.15,138.4,132.15,133.1,132.8,134.52,"40,335","54,25,791.85","1,077","29,325",72.7
TUBEINVEST,EQ,2011-11-16,132.8,133.0,133.3,126.0,128.35,128.15,128.27,"78,481","1,00,66,840.00","1,469","55,378",70.56
TUBEINVEST,EQ,2011-11-17,128.15,127.0,129.5,126.6,127.5,127.75,128.55,"10,115","13,00,257.35",300,"5,551",54.88
TUBEINVEST,EQ,2011-11-18,127.75,129.0,129.0,117.2,121.0,120.8,121.93,"94,793","1,15,57,879.95",945,"45,642",48.15
TUBEINVEST,EQ,2011-11-21,120.8,120.05,123.5,120.0,121.0,120.7,120.85,"29,782","35,99,058.00",465,"17,449",58.59
TUBEINVEST,EQ,2011-11-22,120.7,122.95,124.45,118.1,123.0,122.1,122.1,"12,595","15,37,839.80",585,"6,290",49.94
TUBEINVEST,EQ,2011-11-23,122.1,122.0,122.0,116.7,119.0,119.1,118.76,"37,809","44,90,141.15","1,175","30,822",81.52
TUBEINVEST,EQ,2011-11-24,119.1,118.45,121.0,118.45,120.45,120.15,119.57,"26,005","31,09,318.10",529,"21,211",81.57
TUBEINVEST,EQ,2011-11-25,120.15,122.0,126.35,118.0,124.5,124.65,124.67,"32,968","41,10,036.60",800,"23,822",72.26
TUBEINVEST,EQ,2011-11-28,124.65,126.0,127.95,125.5,127.95,126.9,126.41,"11,781","14,89,192.70",291,"9,097",77.22
TUBEINVEST,EQ,2011-11-29,126.9,126.5,129.65,126.5,129.5,128.85,128.58,"31,093","39,97,918.05",415,"23,655",76.08
TUBEINVEST,EQ,2011-11-30,128.85,127.5,129.4,126.05,126.15,127.05,127.25,"50,884","64,74,844.20",944,"46,108",90.61
TUBEINVEST,EQ,2011-12-01,127.05,129.0,130.0,125.35,127.0,126.9,127.52,"18,956","24,17,292.30",420,"15,901",83.88
TUBEINVEST,EQ,2011-12-02,126.9,126.0,127.9,125.55,126.0,126.1,126.18,"15,924","20,09,348.15",317,"12,810",80.44
TUBEINVEST,EQ,2011-12-05,126.1,127.25,127.95,126.5,127.35,127.15,127.16,"2,968","3,77,407.30",184,"1,343",45.25
TUBEINVEST,EQ,2011-12-07,127.15,129.0,129.0,122.8,124.7,125.35,125.54,"55,832","70,08,994.80",427,"52,689",94.37
TUBEINVEST,EQ,2011-12-08,125.35,125.0,126.0,120.8,121.5,121.25,122.44,"18,253","22,34,907.05",409,"14,108",77.29
TUBEINVEST,EQ,2011-12-09,121.25,120.5,121.9,120.25,121.1,121.25,121.13,"12,888","15,61,077.25",297,"7,259",56.32
TUBEINVEST,EQ,2011-12-12,121.25,122.0,123.0,117.05,118.5,118.25,119.86,"13,408","16,07,139.50",335,"9,272",69.15
TUBEINVEST,EQ,2011-12-13,118.25,118.0,118.5,115.6,117.15,117.05,117.17,"7,905","9,26,240.35",413,"4,939",62.48
TUBEINVEST,EQ,2011-12-14,117.05,117.0,118.7,115.65,116.0,116.0,116.88,"8,769","10,24,879.90",227,"5,595",63.8
TUBEINVEST,EQ,2011-12-15,116.0,115.7,115.85,112.0,113.75,113.65,114.5,"25,702","29,42,794.30",411,"20,255",78.81
TUBEINVEST,EQ,2011-12-16,113.65,115.85,115.9,112.0,112.05,113.2,113.94,"20,819","23,72,099.05",480,"17,809",85.54
TUBEINVEST,EQ,2011-12-19,113.2,113.0,115.05,104.6,106.25,106.1,109.27,"34,156","37,32,084.90",808,"18,257",53.45
TUBEINVEST,EQ,2011-12-20,106.1,107.0,110.0,97.6,100.0,101.75,102.16,"58,785","60,05,643.20","1,282","33,896",57.66
TUBEINVEST,EQ,2011-12-21,101.75,103.0,105.8,101.0,105.4,102.95,102.59,"13,223","13,56,605.55",482,"9,437",71.37
TUBEINVEST,EQ,2011-12-22,102.95,103.0,108.5,102.0,105.55,106.4,106.91,"67,395","72,04,973.45","1,639","18,815",27.92
TUBEINVEST,EQ,2011-12-23,106.4,107.35,112.1,107.35,109.6,109.35,110.05,"32,066","35,28,922.90",780,"15,980",49.83
TUBEINVEST,EQ,2011-12-26,109.35,109.85,117.35,109.85,114.0,114.35,114.84,"50,859","58,40,576.20","1,069","22,308",43.86
TUBEINVEST,EQ,2011-12-27,114.35,114.85,116.7,113.55,114.05,114.15,114.24,"10,303","11,77,017.00",251,"8,467",82.18
TUBEINVEST,EQ,2011-12-28,114.15,113.05,114.45,106.0,107.0,107.35,109.3,"15,580","17,02,892.85",529,"10,246",65.76
TUBEINVEST,EQ,2011-12-29,107.35,106.35,109.15,106.1,107.7,107.15,107.75,"17,834","19,21,636.50",372,"12,708",71.26
TUBEINVEST,EQ,2011-12-30,107.15,107.85,109.95,105.4,107.5,107.25,108.07,"7,097","7,66,984.15",363,"2,588",36.47
TUBEINVEST,EQ,2012-01-02,107.25,107.5,108.0,106.0,106.1,106.4,107.11,"1,703","1,82,401.80",172,"1,033",60.66
TUBEINVEST,EQ,2012-01-03,106.4,107.7,109.8,106.65,107.55,107.6,107.81,"19,083","20,57,256.10",324,"13,257",69.47
TUBEINVEST,EQ,2012-01-04,107.6,107.15,111.0,105.9,108.4,108.5,108.64,"13,529","14,69,820.70",299,"9,357",69.16
TUBEINVEST,EQ,2012-01-05,108.5,107.5,112.45,107.0,112.45,110.5,109.17,"17,103","18,67,188.80",395,"10,306",60.26
TUBEINVEST,EQ,2012-01-06,110.5,113.0,117.0,110.95,115.0,115.6,115.22,"83,569","96,28,433.05","1,780","21,630",25.88
TUBEINVEST,EQ,2012-01-07,115.6,117.4,117.4,112.5,113.0,114.0,114.29,"14,486","16,55,558.20",69,"14,170",97.82
TUBEINVEST,EQ,2012-01-09,114.0,115.0,116.0,112.5,116.0,114.7,113.85,"8,722","9,93,006.40",238,"6,346",72.76
TUBEINVEST,EQ,2012-01-10,114.7,114.05,119.9,114.05,116.1,117.4,118.04,"48,630","57,40,140.50",803,"32,358",66.54
TUBEINVEST,EQ,2012-01-11,117.4,120.0,122.5,118.5,119.1,119.75,120.78,"26,624","32,15,525.60",645,"14,557",54.68
TUBEINVEST,EQ,2012-01-12,119.75,119.5,122.5,118.5,120.8,120.0,120.46,"16,923","20,38,566.45",442,"8,224",48.6
TUBEINVEST,EQ,2012-01-13,120.0,121.5,124.0,119.1,120.85,121.05,121.42,"20,709","25,14,462.90",489,"11,144",53.81
TUBEINVEST,EQ,2012-01-16,121.05,125.0,125.0,117.0,118.0,118.15,119.87,"48,542","58,18,859.40",351,"46,850",96.51
TUBEINVEST,EQ,2012-01-17,118.15,118.25,121.0,116.55,119.0,118.8,118.43,"31,631","37,46,063.35","1,273","18,389",58.14
TUBEINVEST,EQ,2012-01-18,118.8,118.75,122.5,117.05,120.05,119.5,120.29,"62,069","74,65,988.20",835,"28,714",46.26
TUBEINVEST,EQ,2012-01-19,119.5,123.75,125.8,119.0,121.0,121.4,122.39,"70,526","86,31,704.90","1,357","33,607",47.65
TUBEINVEST,EQ,2012-01-20,121.4,120.0,123.05,119.5,120.0,120.25,121.68,"12,884","15,67,671.55",386,"7,203",55.91
TUBEINVEST,EQ,2012-01-23,120.25,122.0,122.0,117.1,118.0,117.9,119.27,"18,142","21,63,739.20",299,"14,740",81.25
TUBEINVEST,EQ,2012-01-24,117.9,120.95,120.95,117.0,117.9,117.9,117.97,"15,830","18,67,386.75",379,"10,951",69.18
TUBEINVEST,EQ,2012-01-25,117.9,118.5,120.75,112.6,119.5,119.65,118.93,"21,173","25,18,192.50",404,"13,560",64.04
TUBEINVEST,EQ,2012-01-27,119.65,120.0,122.0,118.7,119.1,119.25,120.54,"25,141","30,30,370.55","3,638","17,326",68.92
TUBEINVEST,EQ,2012-01-30,119.25,121.4,121.4,118.1,120.1,119.9,120.09,"10,507","12,61,813.60",264,"9,231",87.86
TUBEINVEST,EQ,2012-01-31,119.9,119.05,120.5,117.35,119.5,119.0,118.72,"33,162","39,36,874.10","4,071","23,798",71.76
TUBEINVEST,EQ,2012-02-01,119.0,120.75,121.9,119.05,120.0,119.85,120.52,"39,897","48,08,465.40",867,"21,857",54.78
TUBEINVEST,EQ,2012-02-02,119.85,120.55,127.95,120.25,123.0,123.15,124.23,"66,106","82,12,298.95","1,527","28,016",42.38
TUBEINVEST,EQ,2012-02-03,123.15,122.0,124.4,120.25,122.4,122.75,123.33,"25,742","31,74,723.25",533,"18,473",71.76
TUBEINVEST,EQ,2012-02-06,122.75,128.0,129.3,123.1,125.0,124.35,125.55,"55,596","69,79,943.60","1,049","35,925",64.62
TUBEINVEST,EQ,2012-02-07,124.35,125.0,128.95,125.0,126.5,126.75,127.47,"62,856","80,12,424.40","1,084","49,092",78.1
TUBEINVEST,EQ,2012-02-08,126.75,127.0,128.0,125.3,125.9,125.75,126.12,"19,880","25,07,351.15",626,"14,059",70.72
TUBEINVEST,EQ,2012-02-09,125.75,127.9,127.9,126.0,126.5,126.5,126.62,"26,117","33,06,886.95",426,"19,207",73.54
TUBEINVEST,EQ,2012-02-10,126.5,126.5,127.8,125.15,125.5,126.15,126.58,"21,729","27,50,424.90",424,"14,309",65.85
TUBEINVEST,EQ,2012-02-13,126.15,126.0,127.5,125.1,127.0,126.55,126.59,"17,028","21,55,570.00",339,"13,012",76.42
TUBEINVEST,EQ,2012-02-14,126.55,126.4,133.4,125.2,130.7,131.4,130.91,"80,818","1,05,79,983.00","1,661","26,361",32.62
TUBEINVEST,EQ,2012-02-15,131.4,131.0,131.1,127.15,127.5,127.85,129.53,"68,892","89,23,905.55",898,"58,067",84.29
TUBEINVEST,EQ,2012-02-16,127.85,129.0,131.0,128.0,129.85,129.05,129.66,"30,620","39,70,114.80",609,"18,943",61.86
TUBEINVEST,EQ,2012-02-17,129.05,131.9,139.8,128.5,128.5,129.05,132.19,"97,966","1,29,49,699.10","1,773","47,895",48.89
TUBEINVEST,EQ,2012-02-21,129.05,130.5,133.85,128.0,128.2,129.1,129.85,"39,644","51,47,944.10",850,"24,369",61.47
TUBEINVEST,EQ,2012-02-22,129.1,130.0,130.5,127.1,127.1,128.3,129.21,"38,043","49,15,538.25",921,"30,542",80.28
TUBEINVEST,EQ,2012-02-23,128.3,127.5,128.5,125.65,126.0,126.45,127.1,"26,838","34,11,146.20",863,"20,926",77.97
TUBEINVEST,EQ,2012-02-24,126.45,127.45,127.95,122.85,124.5,125.0,125.14,"28,247","35,34,927.90",897,"21,697",76.81
TUBEINVEST,EQ,2012-02-27,125.0,125.0,139.8,125.0,134.9,134.7,135.18,"6,16,862","8,33,86,201.20","12,075","2,68,400",43.51
TUBEINVEST,EQ,2012-02-28,134.7,137.0,139.8,135.0,137.0,137.3,137.2,"1,71,318","2,35,04,005.20","4,440","28,985",16.92
TUBEINVEST,EQ,2012-02-29,137.3,137.9,141.25,136.5,139.7,139.85,138.41,"94,869","1,31,30,857.45","1,669","59,326",62.53
TUBEINVEST,EQ,2012-03-01,139.85,139.25,140.25,134.1,136.0,135.1,135.77,"33,361","45,29,419.65","1,453","19,737",59.16
TUBEINVEST,EQ,2012-03-02,135.1,135.0,140.5,135.0,140.0,139.45,138.48,"1,14,038","1,57,91,418.20","1,734","98,523",86.39
TUBEINVEST,EQ,2012-03-03,139.45,139.9,142.8,138.0,138.85,138.6,139.82,"4,414","6,17,175.15",111,"2,209",50.05
TUBEINVEST,EQ,2012-03-05,138.6,137.5,144.45,135.1,140.9,140.05,140.59,"1,39,678","1,96,37,623.15","1,906","91,939",65.82
TUBEINVEST,EQ,2012-03-06,140.05,139.0,141.0,139.0,139.15,139.9,140.01,"48,471","67,86,456.50",411,"43,635",90.02
TUBEINVEST,EQ,2012-03-07,139.9,140.4,140.4,135.5,138.85,138.05,137.6,"33,069","45,50,401.00",512,"25,103",75.91
TUBEINVEST,EQ,2012-03-09,138.05,138.05,141.25,136.1,137.75,139.3,139.49,"17,051","23,78,474.75",431,"13,216",77.51
TUBEINVEST,EQ,2012-03-12,139.3,143.45,148.0,140.0,145.3,146.05,144.6,"1,56,200","2,25,86,973.05","2,028","1,06,942",68.46
TUBEINVEST,EQ,2012-03-13,146.05,147.0,149.8,142.5,143.8,143.4,144.94,"1,86,546","2,70,37,304.60","1,632","1,61,536",86.59
TUBEINVEST,EQ,2012-03-14,143.4,144.2,146.7,143.5,145.0,145.1,144.13,"8,16,514","11,76,85,054.30",777,"8,06,494",98.77
TUBEINVEST,EQ,2012-03-15,145.1,145.35,147.5,141.0,146.0,145.6,145.22,"35,360","51,35,068.25",633,"25,203",71.28
TUBEINVEST,EQ,2012-03-16,145.6,147.0,154.55,141.4,146.2,148.05,149.52,"3,31,147","4,95,11,770.20","5,694","1,11,786",33.76
TUBEINVEST,EQ,2012-03-19,148.05,149.7,154.0,147.5,148.1,147.95,150.53,"1,79,676","2,70,45,735.20","4,212","49,695",27.66
TUBEINVEST,EQ,2012-03-20,147.95,149.7,150.7,147.25,148.2,148.1,148.35,"48,947","72,61,151.55",894,"30,548",62.41
TUBEINVEST,EQ,2012-03-21,148.1,149.8,150.35,147.85,149.25,149.2,148.69,"25,781","38,33,261.35",740,"15,296",59.33
TUBEINVEST,EQ,2012-03-22,149.2,141.15,150.0,141.15,147.5,147.35,147.96,"52,596","77,82,029.45","1,336","43,593",82.88
TUBEINVEST,EQ,2012-03-23,147.35,147.35,149.5,140.3,141.5,141.9,143.02,"35,561","50,85,984.30","2,640","19,985",56.2
TUBEINVEST,EQ,2012-03-26,141.9,145.0,145.8,141.65,142.3,141.95,142.92,"71,191","1,01,74,748.35","1,107","56,047",78.73
TUBEINVEST,EQ,2012-03-27,141.95,142.15,143.95,139.6,140.0,140.6,141.28,"24,422","34,50,327.95",444,"17,704",72.49
TUBEINVEST,EQ,2012-03-28,140.6,139.8,145.5,137.55,145.0,142.9,140.59,"60,926","85,65,799.20",899,"40,930",67.18
TUBEINVEST,EQ,2012-03-29,142.9,144.5,144.5,139.0,139.15,139.45,140.73,"22,646","31,86,972.95",571,"14,165",62.55
TUBEINVEST,EQ,2012-03-30,139.45,142.75,142.75,139.2,139.9,140.05,141.21,"18,951","26,76,146.85",824,"4,534",23.92
TUBEINVEST,EQ,2012-04-02,140.05,141.0,148.4,139.25,139.95,139.85,141.25,"18,061","25,51,140.00",526,"10,280",56.92
TUBEINVEST,EQ,2012-04-03,139.85,141.95,142.95,139.55,140.95,140.1,140.55,"13,870","19,49,405.95",368,"7,556",54.48
TUBEINVEST,EQ,2012-04-04,140.1,130.1,142.45,130.1,140.0,140.2,141.07,"25,432","35,87,755.10",758,"12,706",49.96
TUBEINVEST,EQ,2012-04-09,140.2,140.0,142.5,140.0,141.5,141.9,141.63,"25,448","36,04,229.05",427,"19,513",76.68
TUBEINVEST,EQ,2012-04-10,141.9,141.7,143.05,139.85,142.0,140.9,141.24,"4,882","6,89,537.15",247,"1,874",38.39
TUBEINVEST,EQ,2012-04-11,140.9,143.45,143.45,139.25,142.0,141.55,141.72,"15,409","21,83,805.25",437,"9,449",61.32
TUBEINVEST,EQ,2012-04-12,141.55,142.0,142.9,141.15,142.45,142.0,142.05,"6,306","8,95,772.75",190,"4,186",66.38
TUBEINVEST,EQ,2012-04-13,142.0,143.75,144.0,141.05,142.0,142.0,142.14,"62,091","88,25,797.45",633,"56,206",90.52
TUBEINVEST,EQ,2012-04-16,142.0,141.0,142.8,141.0,141.4,142.15,141.98,"9,759","13,85,561.40",276,"6,538",66.99
TUBEINVEST,EQ,2012-04-17,142.15,143.0,143.0,140.1,140.25,140.4,140.95,"5,617","7,91,737.25",160,"3,961",70.52
TUBEINVEST,EQ,2012-04-18,140.4,142.5,142.8,139.9,140.3,140.7,141.24,"18,979","26,80,579.75",421,"12,298",64.8
TUBEINVEST,EQ,2012-04-19,140.7,142.95,142.95,139.15,140.0,139.45,140.32,"12,053","16,91,290.05",309,"8,407",69.75
TUBEINVEST,EQ,2012-04-20,139.45,142.2,142.2,139.5,139.5,139.9,140.07,"36,168","50,66,148.30",264,"34,742",96.06
TUBEINVEST,EQ,2012-04-23,139.9,139.9,142.0,138.5,139.0,139.3,139.95,"18,062","25,27,733.70",276,"14,880",82.38
TUBEINVEST,EQ,2012-04-24,139.3,141.35,141.35,138.2,139.0,138.65,139.49,"21,827","30,44,741.45",320,"19,023",87.15
TUBEINVEST,EQ,2012-04-25,138.65,139.95,140.05,137.0,137.5,138.4,138.27,"13,718","18,96,725.55",241,"11,751",85.66
TUBEINVEST,EQ,2012-04-26,138.4,139.0,139.5,137.6,138.0,138.75,138.76,"6,211","8,61,846.70",161,"4,081",65.71
TUBEINVEST,EQ,2012-04-27,138.75,139.6,141.45,137.25,138.55,138.2,138.91,"7,878","10,94,336.70",193,"5,482",69.59
TUBEINVEST,EQ,2012-04-28,138.2,137.0,138.9,136.25,138.7,137.75,137.22,"6,023","8,26,477.15",91,"3,862",64.12
TUBEINVEST,EQ,2012-04-30,137.75,139.0,147.5,137.8,139.35,140.0,139.93,"1,52,456","2,13,33,738.00","1,844","1,44,463",94.76
TUBEINVEST,EQ,2012-05-02,140.0,156.2,156.2,146.0,147.85,147.85,149.69,"2,32,177","3,47,54,218.00","4,211","73,466",31.64
TUBEINVEST,EQ,2012-05-03,147.85,148.4,148.4,140.15,141.4,140.95,143.41,"57,062","81,83,477.00","1,295","38,643",67.72
TUBEINVEST,EQ,2012-05-04,140.95,141.1,143.6,139.5,139.5,139.95,141.27,"31,070","43,89,146.85",898,"16,187",52.1
TUBEINVEST,EQ,2012-05-07,139.95,139.5,139.9,130.1,138.65,138.8,136.81,"42,631","58,32,495.65",750,"29,857",70.04
TUBEINVEST,EQ,2012-05-08,138.8,138.6,141.0,136.25,136.4,137.85,139.43,"20,360","28,38,823.35",447,"13,582",66.71
TUBEINVEST,EQ,2012-05-09,137.85,137.6,137.6,133.5,134.9,134.8,135.97,"31,079","42,25,822.50",516,"23,885",76.85
TUBEINVEST,EQ,2012-05-10,134.8,137.75,137.75,134.5,135.25,135.35,135.72,"20,721","28,12,342.50",465,"12,778",61.67
TUBEINVEST,EQ,2012-05-11,135.35,134.5,137.5,134.0,134.0,134.45,135.31,"12,316","16,66,448.95",392,"8,358",67.86
TUBEINVEST,EQ,2012-05-14,134.45,137.0,137.0,132.0,132.95,132.85,133.22,"21,907","29,18,558.95",300,"17,574",80.22
TUBEINVEST,EQ,2012-05-15,132.85,132.0,140.0,131.75,139.0,139.05,136.82,"34,056","46,59,532.10","1,613","21,803",64.02
TUBEINVEST,EQ,2012-05-16,139.05,138.0,139.7,135.5,136.0,136.65,137.44,"18,314","25,16,986.00",840,"13,112",71.6
TUBEINVEST,EQ,2012-05-17,136.65,134.0,139.0,134.0,135.0,134.8,135.83,"96,088","1,30,52,011.80",563,"85,477",88.96
TUBEINVEST,EQ,2012-05-18,134.8,134.0,135.75,132.8,133.6,133.85,133.96,"1,07,978","1,44,64,636.90",299,"1,04,626",96.9
TUBEINVEST,EQ,2012-05-21,133.85,132.05,136.0,132.05,133.3,133.9,134.13,"9,875","13,24,498.30",389,"6,845",69.32
TUBEINVEST,EQ,2012-05-22,133.9,136.0,136.05,133.1,133.3,134.4,134.33,"11,099","14,90,974.55",750,"6,756",60.87
TUBEINVEST,EQ,2012-05-23,134.4,133.55,135.0,133.0,135.0,134.15,133.9,"6,782","9,08,138.15",310,"4,555",67.16
TUBEINVEST,EQ,2012-05-24,134.15,136.0,136.0,133.15,134.05,135.1,134.76,"6,515","8,77,954.15",431,"4,475",68.69
TUBEINVEST,EQ,2012-05-25,135.1,136.95,136.95,134.15,135.5,134.55,135.06,"4,609","6,22,507.90",332,"2,689",58.34
TUBEINVEST,EQ,2012-05-28,134.55,134.05,137.0,132.3,132.6,133.8,134.6,"15,998","21,53,393.70",354,"12,014",75.1
TUBEINVEST,EQ,2012-05-29,133.8,133.35,135.5,132.75,133.6,133.65,133.27,"1,12,921","1,50,48,700.80",488,"1,04,849",92.85
TUBEINVEST,EQ,2012-05-30,133.65,133.5,139.25,132.5,137.45,136.6,136.32,"20,918","28,51,455.10",726,"11,108",53.1
TUBEINVEST,EQ,2012-05-31,136.6,140.0,145.0,135.05,142.0,140.55,139.27,"52,618","73,27,936.00","1,369","33,061",62.83
TUBEINVEST,EQ,2012-06-01,140.55,144.0,146.8,135.6,136.35,136.9,140.75,"40,212","56,59,812.25","1,344","13,978",34.76
TUBEINVEST,EQ,2012-06-04,136.9,136.0,137.5,133.9,134.5,135.1,134.94,"9,002","12,14,698.05",292,"6,002",66.67
TUBEINVEST,EQ,2012-06-05,135.1,138.0,141.8,135.1,135.75,135.65,136.24,"2,29,305","3,12,39,558.40","1,172","2,07,625",90.55
TUBEINVEST,EQ,2012-06-06,135.65,137.55,137.55,136.0,136.5,136.6,136.61,"19,788","27,03,247.80",735,"13,593",68.69
TUBEINVEST,EQ,2012-06-07,136.6,140.0,140.95,137.45,137.75,138.1,138.13,"85,765","1,18,46,328.55",940,"70,883",82.65
TUBEINVEST,EQ,2012-06-08,138.1,139.5,140.6,137.5,138.5,137.9,138.72,"17,790","24,67,782.75",499,"9,496",53.38
TUBEINVEST,EQ,2012-06-11,137.9,138.0,139.5,137.55,137.55,137.9,138.48,"24,957","34,56,063.55",562,"16,866",67.58
TUBEINVEST,EQ,2012-06-12,137.9,138.0,138.9,135.8,138.0,138.15,136.49,"84,509","1,15,34,911.15","1,517","67,709",80.12
TUBEINVEST,EQ,2012-06-13,138.15,138.5,139.5,136.5,139.45,138.8,138.33,"20,228","27,98,081.50",651,"12,541",62.0
TUBEINVEST,EQ,2012-06-14,138.8,138.6,144.8,136.6,140.0,139.3,139.39,"2,33,065","3,24,85,939.85","3,995","1,45,131",62.27
TUBEINVEST,EQ,2012-06-15,139.3,142.5,142.55,137.7,140.0,140.55,140.41,"66,044","92,73,544.95","1,403","25,854",39.15
TUBEINVEST,EQ,2012-06-18,140.55,141.7,142.2,138.75,140.0,139.6,139.89,"58,677","82,08,322.30","1,073","42,072",71.7
TUBEINVEST,EQ,2012-06-19,139.6,141.55,145.8,139.55,143.55,143.75,143.17,"63,670","91,15,685.60","1,563","32,828",51.56
TUBEINVEST,EQ,2012-06-20,143.75,142.6,145.75,142.6,145.0,144.95,144.48,"23,742","34,30,194.75",872,"12,760",53.74
TUBEINVEST,EQ,2012-06-21,144.95,143.1,145.0,143.1,143.8,144.15,144.12,"8,028","11,57,024.55",330,"3,858",48.06
TUBEINVEST,EQ,2012-06-22,144.15,143.0,144.5,142.1,143.1,143.45,143.26,"7,454","10,67,870.50",275,"4,485",60.17
TUBEINVEST,EQ,2012-06-25,143.45,144.8,146.0,142.95,146.0,145.55,144.8,"22,521","32,60,950.05",584,"15,600",69.27
TUBEINVEST,EQ,2012-06-26,145.55,147.5,148.8,143.55,144.0,144.1,144.76,"37,921","54,89,487.45",547,"29,188",76.97
TUBEINVEST,EQ,2012-06-27,144.1,144.25,145.8,143.4,144.05,144.4,144.44,"9,988","14,42,673.85",383,"5,799",58.06
TUBEINVEST,EQ,2012-06-28,144.4,143.5,146.0,143.45,145.25,145.1,144.98,"15,262","22,12,612.90",348,"9,950",65.19
TUBEINVEST,EQ,2012-06-29,145.1,146.0,146.0,142.45,144.7,144.75,144.56,"90,039","1,30,16,038.35",487,"82,432",91.55
TUBEINVEST,EQ,2012-07-02,144.75,146.4,149.4,143.65,145.6,145.3,145.78,"19,568","28,52,599.95",532,"11,898",60.8
TUBEINVEST,EQ,2012-07-03,145.3,148.0,148.0,145.0,146.35,145.85,145.86,"8,764","12,78,299.40",287,"5,218",59.54
TUBEINVEST,EQ,2012-07-04,145.85,147.4,149.0,145.1,145.1,145.5,147.1,"1,07,033","1,57,44,769.60","1,510","87,833",82.06
TUBEINVEST,EQ,2012-07-05,145.5,148.0,149.4,145.5,148.5,148.4,147.93,"24,175","35,76,238.30",548,"15,861",65.61
TUBEINVEST,EQ,2012-07-06,148.4,147.0,153.5,146.25,148.05,148.1,150.26,"62,984","94,64,223.65","1,485","32,087",50.94
TUBEINVEST,EQ,2012-07-09,148.1,147.75,147.9,144.75,145.0,145.1,145.59,"15,251","22,20,397.05",349,"10,349",67.86
TUBEINVEST,EQ,2012-07-10,145.1,144.15,146.95,144.15,145.5,145.6,145.42,"11,758","17,09,859.80",267,"9,307",79.15
TUBEINVEST,EQ,2012-07-11,145.6,145.5,151.55,145.5,149.6,149.85,149.3,"48,058","71,75,286.45","1,105","21,342",44.41
TUBEINVEST,EQ,2012-07-12,149.85,149.0,149.75,145.6,145.75,146.5,146.79,"16,793","24,65,060.75",359,"13,217",78.71
TUBEINVEST,EQ,2012-07-13,146.5,149.3,161.8,148.5,156.0,155.1,156.94,"9,30,231","14,59,86,257.80","18,214","1,89,017",20.32
TUBEINVEST,EQ,2012-07-16,155.1,156.9,156.9,150.1,150.25,150.8,153.48,"92,518","1,41,99,743.15","2,109","29,814",32.23
TUBEINVEST,EQ,2012-07-17,150.8,152.0,153.45,149.6,149.6,150.1,151.26,"30,132","45,57,731.65",787,"10,655",35.36
TUBEINVEST,EQ,2012-07-18,150.1,149.75,154.9,149.75,153.95,153.4,153.52,"43,675","67,05,117.70","1,168","17,555",40.19
TUBEINVEST,EQ,2012-07-19,153.4,154.95,157.75,153.4,156.0,156.25,155.9,"68,817","1,07,28,677.40","1,223","49,996",72.65
TUBEINVEST,EQ,2012-07-20,156.25,156.95,171.0,156.25,160.5,161.2,165.63,"8,25,710","13,67,61,546.35","16,687","1,73,566",21.02
TUBEINVEST,EQ,2012-07-23,161.2,160.4,160.4,155.2,155.2,155.7,157.72,"64,683","1,02,01,813.90","1,728","31,581",48.82
TUBEINVEST,EQ,2012-07-24,155.7,156.05,165.7,155.2,162.0,161.5,161.67,"3,12,485","5,05,20,826.00","4,242","1,79,853",57.56
TUBEINVEST,EQ,2012-07-25,161.5,160.1,164.0,158.1,160.5,160.15,160.48,"1,84,957","2,96,81,752.95","1,838","1,43,591",77.63
TUBEINVEST,EQ,2012-07-26,160.15,161.5,161.5,152.15,155.0,156.05,157.21,"1,97,141","3,09,93,415.90","1,142","1,76,210",89.38
TUBEINVEST,EQ,2012-07-27,156.05,156.15,159.9,154.5,159.5,159.0,158.22,"1,27,834","2,02,25,885.55","1,308","1,09,207",85.43
TUBEINVEST,EQ,2012-07-30,159.0,160.0,163.8,157.55,160.0,159.6,160.67,"47,873","76,91,649.90","1,253","12,255",25.6
TUBEINVEST,EQ,2012-07-31,159.6,159.5,164.4,157.5,163.7,163.55,160.54,"3,19,712","5,13,27,948.70","1,341","2,97,055",92.91
TUBEINVEST,EQ,2012-08-01,163.55,164.5,164.5,161.0,162.2,162.05,162.51,"22,468","36,51,212.10",792,"8,056",35.86
TUBEINVEST,EQ,2012-08-02,162.05,163.0,163.95,159.3,159.4,160.05,161.35,"14,259","23,00,625.05",452,"8,712",61.1
TUBEINVEST,EQ,2012-08-03,160.05,159.85,160.65,157.7,160.5,159.6,158.95,"10,787","17,14,637.55",394,"4,777",44.28
TUBEINVEST,EQ,2012-08-06,159.6,162.5,164.5,160.0,161.75,161.6,162.46,"39,236","63,74,183.30",833,"13,342",34.0
TUBEINVEST,EQ,2012-08-07,161.6,162.6,162.6,154.3,159.5,158.5,157.15,"2,92,115","4,59,05,336.30","2,180","2,54,297",87.05
TUBEINVEST,EQ,2012-08-08,158.5,159.0,162.6,154.2,155.15,155.25,157.69,"62,039","97,83,229.10","1,075","33,635",54.22
TUBEINVEST,EQ,2012-08-09,155.25,156.85,156.85,151.2,155.0,154.7,153.95,"61,508","94,69,059.70","1,314","40,001",65.03
TUBEINVEST,EQ,2012-08-10,154.7,154.6,159.4,153.5,155.0,155.6,157.83,"5,86,213","9,25,20,332.55","1,533","5,56,234",94.89
TUBEINVEST,EQ,2012-08-13,155.6,157.45,157.45,153.75,154.25,154.55,155.81,"19,162","29,85,659.45",483,"11,435",59.68
TUBEINVEST,EQ,2012-08-14,154.55,154.5,156.6,151.55,152.0,152.4,152.42,"57,080","86,99,924.10",953,"45,384",79.51
TUBEINVEST,EQ,2012-08-16,152.4,152.1,152.1,149.6,149.85,150.1,150.93,"18,541","27,98,342.40",634,"12,578",67.84
TUBEINVEST,EQ,2012-08-17,150.1,150.75,158.4,149.95,152.2,151.75,154.2,"1,80,813","2,78,81,831.65","3,491","61,319",33.91
TUBEINVEST,EQ,2012-08-21,151.75,155.0,155.45,151.8,154.0,153.95,152.86,"1,92,924","2,94,90,336.80","1,587","1,78,137",92.34
TUBEINVEST,EQ,2012-08-22,153.95,153.3,157.35,152.0,156.0,156.4,155.97,"1,29,463","2,01,91,749.25","1,489","74,320",57.41
TUBEINVEST,EQ,2012-08-23,156.4,158.3,164.0,154.05,157.1,157.05,156.54,"1,34,193","2,10,06,909.70","1,639","85,940",64.04
TUBEINVEST,EQ,2012-08-24,157.05,156.3,158.75,155.0,157.1,158.05,157.17,"51,154","80,39,686.50",994,"35,581",69.56
TUBEINVEST,EQ,2012-08-27,158.05,158.0,159.25,154.85,155.5,155.8,155.94,"30,596","47,71,010.45",840,"22,179",72.49
TUBEINVEST,EQ,2012-08-28,155.8,155.0,158.0,152.55,152.95,154.1,157.4,"3,01,020","4,73,80,670.50","1,791","2,63,881",87.66
TUBEINVEST,EQ,2012-08-29,154.1,155.0,157.5,152.5,153.0,153.8,154.99,"3,19,389","4,95,03,257.45","2,453","2,97,749",93.22
TUBEINVEST,EQ,2012-08-30,153.8,154.6,156.5,153.25,156.35,155.75,155.02,"44,882","69,57,396.55",510,"38,291",85.31
TUBEINVEST,EQ,2012-08-31,155.75,156.85,157.4,153.55,155.4,154.7,155.39,"31,122","48,36,106.65",714,"18,147",58.31
TUBEINVEST,EQ,2012-09-03,154.7,155.4,155.7,152.2,152.75,152.65,153.9,"23,564","36,26,478.45","1,127","13,590",57.67
TUBEINVEST,EQ,2012-09-04,152.65,153.5,158.95,153.0,153.95,154.0,155.34,"40,168","62,39,542.35","1,865","14,656",36.49
TUBEINVEST,EQ,2012-09-05,154.0,154.15,156.65,152.7,156.15,156.05,155.09,"20,082","31,14,460.45",649,"9,830",48.95
TUBEINVEST,EQ,2012-09-06,156.05,156.65,158.95,154.3,158.25,158.25,157.61,"48,670","76,70,781.45","1,879","24,430",50.2
TUBEINVEST,EQ,2012-09-07,158.25,160.0,161.7,159.2,160.4,160.8,160.22,"28,293","45,33,105.75",692,"19,613",69.32
TUBEINVEST,EQ,2012-09-08,160.8,161.5,161.6,160.75,160.75,160.8,160.97,"2,402","3,86,653.45",30,"1,065",44.34
TUBEINVEST,EQ,2012-09-10,160.8,162.4,164.7,161.1,164.7,163.7,163.15,"63,707","1,03,94,027.05","1,158","36,139",56.73
TUBEINVEST,EQ,2012-09-11,163.7,162.0,164.5,159.15,159.25,159.75,161.32,"19,588","31,59,968.10",469,"12,563",64.14
TUBEINVEST,EQ,2012-09-12,159.75,160.0,164.5,158.0,160.35,161.35,161.5,"48,509","78,34,433.15","1,086","21,937",45.22
TUBEINVEST,EQ,2012-09-13,161.35,161.95,162.0,157.0,157.1,157.8,158.93,"12,754","20,26,950.65",576,"7,517",58.94
TUBEINVEST,EQ,2012-09-14,157.8,161.8,161.8,155.5,155.9,156.25,157.57,"23,188","36,53,792.95",687,"13,763",59.35
TUBEINVEST,EQ,2012-09-17,156.25,158.1,159.65,154.5,156.0,155.55,156.28,"39,023","60,98,695.35",815,"21,603",55.36
TUBEINVEST,EQ,2012-09-18,155.55,155.0,158.0,155.0,157.75,157.05,156.39,"17,247","26,97,186.80",493,"9,239",53.57
TUBEINVEST,EQ,2012-09-20,157.05,155.95,159.0,155.15,158.7,157.2,156.71,"1,74,327","2,73,18,124.95",623,"1,67,714",96.21
TUBEINVEST,EQ,2012-09-21,157.2,159.9,163.5,156.65,163.0,162.2,160.9,"55,372","89,09,254.00",908,"34,799",62.85
TUBEINVEST,EQ,2012-09-24,162.2,160.1,163.7,160.1,161.05,161.15,161.3,"1,11,725","1,80,21,034.70",564,"1,02,289",91.55
TUBEINVEST,EQ,2012-09-25,161.15,162.8,162.8,160.15,162.0,161.6,161.26,"18,646","30,06,874.50",271,"15,931",85.44
TUBEINVEST,EQ,2012-09-26,161.6,162.85,162.85,160.4,162.45,161.4,161.42,"14,799","23,88,923.40",541,"8,599",58.11
TUBEINVEST,EQ,2012-09-27,161.4,162.0,168.65,161.3,165.45,166.85,165.89,"1,56,952","2,60,37,271.90","2,273","90,576",57.71
TUBEINVEST,EQ,2012-09-28,166.85,168.85,174.8,168.0,172.7,173.05,171.88,"5,93,466","10,20,03,190.20","9,525","1,92,981",32.52
TUBEINVEST,EQ,2012-10-01,173.05,174.7,183.0,173.5,178.0,177.9,179.76,"5,94,370","10,68,41,101.85","10,436","1,87,752",31.59
TUBEINVEST,EQ,2012-10-03,177.9,179.45,182.0,177.9,179.8,179.3,179.78,"1,22,544","2,20,31,181.95","3,049","54,760",44.69
TUBEINVEST,EQ,2012-10-04,179.3,181.4,182.0,171.5,172.0,172.45,175.79,"1,11,689","1,96,34,366.95","2,509","61,774",55.31
TUBEINVEST,EQ,2012-10-05,172.45,183.0,183.0,169.35,170.65,171.25,173.25,"91,825","1,59,09,076.60","1,771","40,648",44.27
TUBEINVEST,EQ,2012-10-08,171.25,170.55,172.85,168.1,171.0,170.3,170.41,"48,596","82,81,105.25","1,164","26,458",54.44
TUBEINVEST,EQ,2012-10-09,170.3,170.15,173.95,169.0,172.0,169.05,169.15,"9,63,394","16,29,62,788.25","1,378","9,32,551",96.8
TUBEINVEST,EQ,2012-10-10,169.05,171.5,174.85,168.1,170.1,169.55,171.01,"6,06,267","10,36,74,970.40","1,845","5,53,022",91.22
TUBEINVEST,EQ,2012-10-11,169.55,169.25,172.5,169.25,171.5,171.7,171.43,"56,563","96,96,381.90","1,187","30,198",53.39
TUBEINVEST,EQ,2012-10-12,171.7,172.45,174.9,170.95,173.0,172.35,172.58,"44,895","77,48,009.95",784,"16,884",37.61
TUBEINVEST,EQ,2012-10-15,172.35,172.45,174.25,170.7,171.75,172.25,172.29,"20,693","35,65,149.00",491,"10,926",52.8
TUBEINVEST,EQ,2012-10-16,172.25,172.1,174.8,170.1,172.5,172.05,172.47,"27,475","47,38,742.50",665,"9,530",34.69
TUBEINVEST,EQ,2012-10-17,172.05,172.15,173.2,167.6,169.45,168.3,168.96,"42,597","71,97,127.25",971,"21,001",49.3
TUBEINVEST,EQ,2012-10-18,168.3,171.85,173.0,168.1,172.5,172.35,170.63,"36,865","62,90,375.25","1,132","15,374",41.7
TUBEINVEST,EQ,2012-10-19,172.35,173.95,173.95,170.75,171.5,171.6,171.57,"31,560","54,14,770.40",586,"18,642",59.07
TUBEINVEST,EQ,2012-10-22,171.6,172.9,176.25,168.1,174.4,174.6,172.57,"35,354","61,00,918.60",759,"22,964",64.95
TUBEINVEST,EQ,2012-10-23,174.6,174.9,174.9,171.0,173.55,172.95,172.45,"25,580","44,11,187.55",601,"15,588",60.94
TUBEINVEST,EQ,2012-10-25,172.95,174.85,179.75,171.0,178.0,177.2,176.6,"1,02,632","1,81,25,241.95","3,054","54,600",53.2
TUBEINVEST,EQ,2012-10-26,177.2,178.5,180.55,175.0,175.75,176.0,178.55,"86,603","1,54,62,612.95","2,627","48,573",56.09
TUBEINVEST,EQ,2012-10-29,176.0,176.0,177.0,171.15,171.5,172.3,173.0,"38,362","66,36,630.65",691,"27,210",70.93
TUBEINVEST,EQ,2012-10-30,172.3,176.0,176.0,170.1,170.7,170.9,171.43,"27,166","46,57,058.95",526,"14,621",53.82
TUBEINVEST,EQ,2012-10-31,170.9,174.0,174.0,171.1,173.5,173.2,172.43,"12,904","22,25,064.90",409,"6,792",52.63
TUBEINVEST,EQ,2012-11-01,173.2,173.0,174.8,171.25,173.4,173.65,173.07,"18,134","31,38,383.50",815,"6,694",36.91
TUBEINVEST,EQ,2012-11-02,173.65,175.35,176.0,172.4,176.0,174.85,174.44,"26,744","46,65,157.90","1,066","15,063",56.32
TUBEINVEST,EQ,2012-11-05,174.85,174.75,176.0,168.45,169.35,170.05,171.44,"24,349","41,74,471.95",973,"13,827",56.79
TUBEINVEST,EQ,2012-11-06,170.05,169.9,170.8,168.75,169.9,170.05,170.18,"19,931","33,91,761.75",514,"14,211",71.3
TUBEINVEST,EQ,2012-11-07,170.05,169.95,171.9,166.2,167.0,167.8,169.44,"67,829","1,14,93,147.55","1,402","53,970",79.57
TUBEINVEST,EQ,2012-11-08,167.8,168.0,168.0,165.6,166.5,167.2,167.32,"17,319","28,97,781.70",546,"10,098",58.31
TUBEINVEST,EQ,2012-11-09,167.2,167.5,169.75,164.1,164.8,165.3,166.64,"68,119","1,13,51,092.90","1,006","54,928",80.64
TUBEINVEST,EQ,2012-11-12,165.3,164.85,168.6,164.0,168.0,167.5,167.21,"57,279","95,77,783.40","1,613","48,673",84.98
TUBEINVEST,EQ,2012-11-13,167.5,170.95,170.95,167.0,167.0,167.45,167.72,"5,897","9,89,057.35",341,"4,256",72.17
TUBEINVEST,EQ,2012-11-15,167.45,167.5,168.7,165.0,166.05,166.4,166.89,"14,006","23,37,428.80",477,"7,812",55.78
TUBEINVEST,EQ,2012-11-16,166.4,167.25,170.25,164.15,168.0,168.0,168.28,"33,201","55,87,209.90",608,"22,032",66.36
TUBEINVEST,EQ,2012-11-19,168.0,170.0,170.0,165.0,168.3,168.0,167.34,"18,753","31,38,180.45",444,"14,964",79.8
TUBEINVEST,EQ,2012-11-20,168.0,169.95,169.95,165.15,166.0,166.9,167.68,"50,729","85,06,149.70","1,541","41,739",82.28
TUBEINVEST,EQ,2012-11-21,166.9,167.85,167.85,165.15,166.0,166.05,166.0,"8,245","13,68,632.65",518,"5,679",68.88
TUBEINVEST,EQ,2012-11-22,166.05,166.9,167.5,165.0,166.65,166.0,166.1,"10,008","16,62,303.45",365,"6,326",63.21
TUBEINVEST,EQ,2012-11-23,166.0,166.45,168.8,166.0,166.5,166.35,166.61,"8,966","14,93,810.65",170,"7,241",80.76
TUBEINVEST,EQ,2012-11-26,166.35,166.0,168.0,164.05,167.25,166.85,165.27,"27,112","44,80,880.00",356,"21,685",79.98
TUBEINVEST,EQ,2012-11-27,166.85,167.95,168.0,166.0,166.1,167.45,167.46,"33,770","56,55,066.20",377,"30,676",90.84
TUBEINVEST,EQ,2012-11-29,167.45,166.65,169.05,165.25,167.1,167.35,167.55,"12,990","21,76,413.55",613,"8,127",62.56
TUBEINVEST,EQ,2012-11-30,167.35,170.0,170.0,165.75,169.5,168.75,167.57,"23,802","39,88,393.55","2,406","17,853",75.01
TUBEINVEST,EQ,2012-12-03,168.75,170.0,172.1,168.0,170.0,170.3,170.21,"16,769","28,54,308.30","1,183","10,928",65.17
TUBEINVEST,EQ,2012-12-04,170.3,170.1,172.8,169.55,170.5,172.05,170.92,"26,996","46,14,119.20",554,"19,281",71.42
TUBEINVEST,EQ,2012-12-05,172.05,172.5,175.4,171.1,171.5,172.0,172.27,"1,08,717","1,87,28,611.95",953,"84,378",77.61
TUBEINVEST,EQ,2012-12-06,172.0,172.5,174.65,169.0,170.1,170.2,170.69,"22,617","38,60,447.45","1,537","16,843",74.47
TUBEINVEST,EQ,2012-12-07,170.2,172.5,172.5,168.35,168.35,169.0,169.64,"41,207","69,90,522.85","1,148","34,718",84.25
TUBEINVEST,EQ,2012-12-10,169.0,168.35,171.05,168.35,170.2,170.6,170.37,"68,567","1,16,81,746.10","1,476","64,364",93.87
TUBEINVEST,EQ,2012-12-11,170.6,172.45,172.45,168.0,169.65,169.45,169.03,"71,257","1,20,44,688.30",451,"66,201",92.9
TUBEINVEST,EQ,2012-12-12,169.45,169.1,171.85,168.5,170.0,170.4,169.25,"21,589","36,53,942.75",329,"20,393",94.46
TUBEINVEST,EQ,2012-12-13,170.4,170.05,185.4,168.3,177.4,178.7,180.3,"3,68,084","6,63,65,153.00","7,764","1,76,545",47.96
TUBEINVEST,EQ,2012-12-14,178.7,179.1,183.45,176.0,181.9,182.15,180.89,"2,20,000","3,97,96,820.25","6,089","71,326",32.42
TUBEINVEST,EQ,2012-12-17,182.15,182.0,214.4,181.25,212.1,210.55,201.08,"11,41,591","22,95,55,227.20","19,081","3,61,088",31.63
TUBEINVEST,EQ,2012-12-18,210.55,212.5,221.65,202.2,203.6,204.4,213.0,"12,81,760","27,30,08,909.60","25,290","3,04,559",23.76
TUBEINVEST,EQ,2012-12-19,204.4,206.25,210.15,198.0,198.2,199.55,203.12,"1,94,783","3,95,64,187.70","5,289","68,712",35.28
TUBEINVEST,EQ,2012-12-20,199.55,200.0,201.35,193.0,194.0,194.45,195.4,"2,85,116","5,57,11,369.75","2,673","2,26,096",79.3
TUBEINVEST,EQ,2012-12-21,194.45,194.9,198.45,190.5,193.65,194.85,194.5,"1,62,404","3,15,86,841.90","4,344","65,052",40.06
TUBEINVEST,EQ,2012-12-24,194.85,192.0,208.8,192.0,201.0,201.05,203.22,"3,00,166","6,09,99,252.70","6,820","83,314",27.76
TUBEINVEST,EQ,2012-12-26,201.05,203.0,208.0,201.5,207.0,206.55,205.04,"1,66,961","3,42,33,235.30","3,969","69,902",41.87
TUBEINVEST,EQ,2012-12-27,206.55,207.55,211.45,197.1,199.15,199.2,207.2,"4,56,108","9,45,04,319.70","5,165","2,76,904",60.71
TUBEINVEST,EQ,2012-12-28,199.2,199.95,203.8,195.0,197.2,196.75,199.15,"1,05,744","2,10,59,078.70","2,813","43,169",40.82
TUBEINVEST,EQ,2012-12-31,196.75,196.7,203.8,195.0,199.05,198.5,200.03,"1,20,997","2,42,02,551.20","2,992","32,599",26.94
TUBEINVEST,EQ,2013-01-01,198.5,199.75,203.0,199.15,201.6,201.3,201.65,"77,521","1,56,31,925.65","2,135","31,586",40.75
TUBEINVEST,EQ,2013-01-02,201.3,204.7,207.85,201.1,203.8,203.95,204.67,"1,41,195","2,88,98,369.40","3,250","56,076",39.72
TUBEINVEST,EQ,2013-01-03,203.95,204.45,209.0,203.4,205.85,206.8,206.67,"1,74,049","3,59,70,810.50","3,569","62,468",35.89
TUBEINVEST,EQ,2013-01-04,206.8,209.7,209.7,200.0,202.0,201.6,202.52,"86,462","1,75,10,234.40","2,384","46,505",53.79
TUBEINVEST,EQ,2013-01-07,201.6,202.4,204.55,200.1,200.5,200.6,201.79,"32,455","65,49,001.45","1,136","17,959",55.34
TUBEINVEST,EQ,2013-01-08,200.6,204.7,204.7,199.15,202.25,201.65,201.13,"28,275","56,86,847.75",827,"12,809",45.3
TUBEINVEST,EQ,2013-01-09,201.65,201.95,203.0,199.25,201.3,199.85,200.81,"37,822","75,95,132.85","1,057","25,371",67.08
TUBEINVEST,EQ,2013-01-10,199.85,201.3,201.3,195.0,195.15,195.45,197.13,"38,821","76,52,656.90","1,153","30,523",78.62
TUBEINVEST,EQ,2013-01-11,195.45,196.7,201.4,195.4,196.55,197.55,198.13,"55,232","1,09,43,149.80","1,670","34,047",61.64
TUBEINVEST,EQ,2013-01-14,197.55,196.25,204.4,195.0,199.0,200.6,197.65,"86,279","1,70,53,078.50","1,547","62,767",72.75
TUBEINVEST,EQ,2013-01-15,200.6,200.0,202.0,196.5,201.05,200.3,197.66,"1,47,852","2,92,23,750.65","1,543","1,32,846",89.85
TUBEINVEST,EQ,2013-01-16,200.3,200.05,202.75,197.2,199.0,198.95,200.1,"55,778","1,11,61,429.25","1,591","41,022",73.55
TUBEINVEST,EQ,2013-01-17,198.95,198.35,199.5,196.6,199.5,198.0,197.61,"21,743","42,96,646.60",566,"14,072",64.72
TUBEINVEST,EQ,2013-01-18,198.0,198.85,201.0,197.0,197.5,198.3,198.45,"52,848","1,04,87,878.25","1,001","38,879",73.57
TUBEINVEST,EQ,2013-01-21,198.3,198.5,199.2,195.8,198.0,197.0,196.81,"38,312","75,40,011.75",549,"32,529",84.91
TUBEINVEST,EQ,2013-01-22,197.0,196.15,199.9,192.25,192.25,194.5,195.78,"35,139","68,79,384.35",893,"25,204",71.73
TUBEINVEST,EQ,2013-01-23,194.5,195.0,197.7,192.25,195.0,194.9,194.8,"50,551","98,47,549.10","1,189","43,353",85.76
TUBEINVEST,EQ,2013-01-24,194.9,195.35,195.35,193.2,193.3,193.85,193.97,"1,83,535","3,56,00,140.30","1,168","1,39,688",76.11
TUBEINVEST,EQ,2013-01-25,193.85,193.8,194.65,193.05,194.0,194.0,194.01,"38,198","74,10,659.10",724,"34,912",91.4
TUBEINVEST,EQ,2013-01-28,194.0,194.85,194.85,192.4,193.1,193.7,193.99,"63,912","1,23,98,242.05",516,"59,810",93.58
TUBEINVEST,EQ,2013-01-29,193.7,194.0,196.0,193.15,193.15,193.9,194.28,"43,417","84,34,972.30",678,"33,936",78.16
TUBEINVEST,EQ,2013-01-30,193.9,193.9,194.6,193.55,194.55,194.15,194.01,"9,216","17,87,975.70",612,"7,136",77.43
TUBEINVEST,EQ,2013-01-31,194.15,194.05,197.85,190.0,195.0,196.45,196.72,"15,04,733","29,60,17,059.50","1,183","14,82,272",98.51
TUBEINVEST,EQ,2013-02-01,196.45,196.55,201.9,182.4,194.75,193.95,197.41,"95,964","1,89,44,589.95","2,586","34,828",36.29
TUBEINVEST,EQ,2013-02-04,193.95,193.95,197.0,178.95,181.0,181.25,186.59,"42,149","78,64,771.60","1,167","26,494",62.86
TUBEINVEST,EQ,2013-02-05,181.25,182.0,186.0,178.0,178.75,179.55,179.36,"86,597","1,55,31,763.10","1,103","63,993",73.9
TUBEINVEST,EQ,2013-02-06,179.55,178.05,181.9,176.6,177.5,177.3,178.51,"21,317","38,05,341.65",604,"13,814",64.8
TUBEINVEST,EQ,2013-02-07,177.3,177.95,177.95,170.5,170.9,171.45,173.48,"34,939","60,61,334.10","1,333","21,453",61.4
TUBEINVEST,EQ,2013-02-08,171.45,172.9,172.9,162.55,168.0,167.7,165.58,"1,57,428","2,60,67,621.60","3,155","70,499",44.78
TUBEINVEST,EQ,2013-02-11,167.7,167.05,170.3,166.5,170.0,170.0,169.32,"51,262","86,79,639.80",641,"44,866",87.52
TUBEINVEST,EQ,2013-02-12,170.0,167.0,172.8,165.6,171.5,171.0,170.06,"94,254","1,60,28,367.30",824,"83,852",88.96
TUBEINVEST,EQ,2013-02-13,171.0,173.0,173.0,169.0,171.0,170.6,171.48,"34,031","58,35,623.65",890,"28,619",84.1
TUBEINVEST,EQ,2013-02-14,170.6,169.3,171.0,165.65,169.6,169.85,168.49,"2,01,969","3,40,30,472.10","4,178","1,97,348",97.71
TUBEINVEST,EQ,2013-02-15,169.85,168.35,170.0,162.4,164.6,165.45,166.66,"9,749","16,24,736.65",615,"4,690",48.11
TUBEINVEST,EQ,2013-02-18,165.45,168.55,168.55,163.1,164.0,164.9,166.15,"38,220","63,50,417.80",793,"28,118",73.57
TUBEINVEST,EQ,2013-02-19,164.9,168.0,170.0,166.7,169.35,169.35,169.12,"49,798","84,21,654.15","1,241","19,775",39.71
TUBEINVEST,EQ,2013-02-20,169.35,169.5,172.5,166.7,170.0,171.1,169.94,"20,322","34,53,596.95",681,"8,053",39.63
TUBEINVEST,EQ,2013-02-21,171.1,168.25,171.0,166.1,166.25,167.75,168.59,"11,913","20,08,418.20",573,"9,334",78.35
TUBEINVEST,EQ,2013-02-22,167.75,167.75,169.9,167.5,168.15,168.0,168.15,"27,829","46,79,318.65",318,"25,020",89.91
TUBEINVEST,EQ,2013-02-25,168.0,170.05,170.05,162.25,166.1,166.0,166.11,"20,665","34,32,765.65",700,"13,604",65.83
TUBEINVEST,EQ,2013-02-26,166.0,166.0,166.95,156.8,160.0,159.35,165.45,"1,13,451","1,87,70,887.60","1,147","1,10,096",97.04
TUBEINVEST,EQ,2013-02-27,159.35,162.6,163.05,153.6,155.35,157.25,158.13,"29,611","46,82,381.00",902,"20,285",68.5
TUBEINVEST,EQ,2013-02-28,157.25,157.55,164.6,154.0,154.0,155.15,159.62,"59,486","94,95,024.55","1,271","28,206",47.42
TUBEINVEST,EQ,2013-03-01,155.15,155.85,157.9,154.2,155.7,155.15,155.57,"14,756","22,95,537.30",544,"8,216",55.68
TUBEINVEST,EQ,2013-03-04,155.15,154.0,156.65,144.15,147.0,148.1,148.49,"32,923","48,88,576.75","1,187","20,635",62.68
TUBEINVEST,EQ,2013-03-05,148.1,149.0,154.0,149.0,150.55,150.15,150.83,"21,971","33,13,916.90",690,"13,297",60.52
TUBEINVEST,EQ,2013-03-06,150.15,151.05,154.25,147.1,149.75,150.2,150.66,"22,015","33,16,880.30",760,"11,127",50.54
TUBEINVEST,EQ,2013-03-07,150.2,150.75,153.45,148.15,152.5,152.55,150.92,"15,522","23,42,653.35",549,"12,742",82.09
TUBEINVEST,EQ,2013-03-08,152.55,153.0,161.8,152.4,160.05,160.5,157.19,"36,370","57,16,972.35","1,037","22,881",62.91
TUBEINVEST,EQ,2013-03-11,160.5,161.4,177.4,156.4,173.0,173.0,171.92,"1,40,005","2,40,69,286.15","3,418","60,803",43.43
TUBEINVEST,EQ,2013-03-12,173.0,174.0,176.75,170.25,173.0,172.4,174.13,"64,491","1,12,29,538.85","1,793","28,367",43.99
TUBEINVEST,EQ,2013-03-13,172.4,171.8,191.35,171.0,179.95,179.7,184.83,"6,21,023","11,47,81,025.30","14,724","1,97,134",31.74
TUBEINVEST,EQ,2013-03-14,179.7,180.75,183.25,175.35,179.0,179.7,179.72,"1,41,000","2,53,40,897.60","3,010","70,309",49.86
TUBEINVEST,EQ,2013-03-15,179.7,181.0,181.35,171.55,172.5,172.85,175.3,"27,624","48,42,373.80","1,145","10,462",37.87
TUBEINVEST,EQ,2013-03-18,172.85,170.05,173.65,166.0,169.7,170.4,170.09,"26,689","45,39,455.85","1,159","13,226",49.56
TUBEINVEST,EQ,2013-03-19,170.4,170.6,173.0,168.0,169.0,168.95,169.01,"19,615","33,15,118.50",525,"11,977",61.06
TUBEINVEST,EQ,2013-03-20,168.95,167.4,172.7,164.1,166.05,169.15,167.03,"8,42,609","14,07,43,058.60","1,042","8,30,070",98.51
TUBEINVEST,EQ,2013-03-21,169.15,170.7,172.65,163.0,166.35,163.7,164.57,"48,547","79,89,273.35","1,012","38,510",79.33
TUBEINVEST,EQ,2013-03-22,163.7,160.1,165.0,156.05,157.65,158.1,160.21,"16,702","26,75,895.20",654,"10,906",65.3
TUBEINVEST,EQ,2013-03-25,158.1,158.15,162.85,156.7,162.05,161.95,161.62,"20,781","33,58,544.70",451,"15,371",73.97
TUBEINVEST,EQ,2013-03-26,161.95,161.0,175.0,158.1,169.5,171.25,165.42,"33,075","54,71,207.65",948,"22,149",66.97
TUBEINVEST,EQ,2013-03-28,171.25,168.2,172.25,163.0,166.0,164.8,167.54,"86,875","1,45,55,121.70","1,486","73,515",84.62
TUBEINVEST,EQ,2013-04-01,164.8,165.85,170.0,163.3,167.05,168.35,167.1,"9,818","16,40,623.80",364,"4,022",40.97
TUBEINVEST,EQ,2013-04-02,168.35,168.45,172.0,166.3,168.1,169.75,169.87,"34,086","57,90,196.75",852,"22,468",65.92
TUBEINVEST,EQ,2013-04-03,169.75,168.1,171.0,165.0,165.6,167.4,170.15,"19,145","32,57,461.00",589,"13,108",68.47
TUBEINVEST,EQ,2013-04-04,167.4,166.65,166.65,162.0,163.85,163.7,164.17,"6,940","11,39,323.75",463,"3,220",46.4
TUBEINVEST,EQ,2013-04-05,163.7,162.4,168.4,162.3,163.3,162.95,166.11,"35,415","58,82,772.50",651,"27,821",78.56
TUBEINVEST,EQ,2013-04-08,162.95,163.0,164.9,157.5,161.4,160.7,161.1,"14,308","23,04,948.00",486,"8,761",61.23
TUBEINVEST,EQ,2013-04-09,160.7,161.0,162.35,158.5,160.0,160.05,160.69,"9,723","15,62,436.20",437,"5,376",55.29
TUBEINVEST,EQ,2013-04-10,160.05,161.85,163.0,158.05,160.0,160.75,160.81,"25,220","40,55,691.70",629,"23,174",91.89
TUBEINVEST,EQ,2013-04-11,160.75,162.6,162.6,160.05,161.45,160.8,160.91,"4,662","7,50,141.50",176,"3,277",70.29
TUBEINVEST,EQ,2013-04-12,160.8,160.5,161.05,158.0,160.5,159.5,159.51,"7,72,681","12,32,49,253.70",343,"7,71,349",99.83
TUBEINVEST,EQ,2013-04-15,159.5,158.4,161.35,157.1,158.0,158.45,159.68,"10,993","17,55,319.40",312,"6,475",58.9
TUBEINVEST,EQ,2013-04-16,158.45,158.0,161.0,156.0,157.0,157.45,158.7,"27,792","44,10,604.15",500,"22,529",81.06
TUBEINVEST,EQ,2013-04-17,157.45,158.6,161.0,155.0,157.0,156.1,157.96,"12,212","19,29,047.50",420,"8,626",70.64
TUBEINVEST,EQ,2013-04-18,156.1,156.0,158.8,155.85,157.5,157.85,157.16,"41,106","64,60,396.70",602,"32,833",79.87
TUBEINVEST,EQ,2013-04-22,157.85,158.3,163.7,158.3,159.85,159.4,160.4,"21,434","34,38,101.60",765,"14,823",69.16
TUBEINVEST,EQ,2013-04-23,159.4,159.7,161.5,158.3,158.9,159.1,159.94,"57,694","92,27,763.50",534,"52,592",91.16
TUBEINVEST,EQ,2013-04-25,159.1,159.0,161.7,156.0,156.45,156.55,160.21,"69,084","1,10,67,753.40","1,661","61,797",89.45
TUBEINVEST,EQ,2013-04-26,156.55,156.85,158.9,152.15,156.05,156.75,156.33,"27,360","42,77,066.15","1,788","15,196",55.54
TUBEINVEST,EQ,2013-04-29,156.75,152.15,161.5,152.15,158.7,159.3,158.34,"43,384","68,69,606.25","2,521","30,269",69.77
TUBEINVEST,EQ,2013-04-30,159.3,158.3,160.8,158.3,159.75,159.45,159.49,"10,557","16,83,726.00",259,"6,404",60.66
TUBEINVEST,EQ,2013-05-02,159.45,159.25,165.0,158.25,159.05,159.3,160.21,"2,67,336","4,28,29,135.15","1,468","2,35,851",88.22
TUBEINVEST,EQ,2013-05-03,159.3,158.0,158.0,155.0,156.45,156.4,156.71,"30,261","47,42,061.90",714,"20,868",68.96
TUBEINVEST,EQ,2013-05-06,156.4,158.7,164.0,155.4,159.05,159.9,159.45,"26,530","42,30,235.70",652,"16,023",60.4
TUBEINVEST,EQ,2013-05-07,159.9,160.9,162.4,157.15,158.0,158.25,159.84,"1,41,070","2,25,48,600.55","2,720","96,076",68.11
TUBEINVEST,EQ,2013-05-08,158.25,160.0,161.2,153.4,158.15,159.1,158.17,"3,21,380","5,08,31,904.05","5,637","1,37,587",42.81
TUBEINVEST,EQ,2013-05-09,159.1,160.7,164.15,159.0,163.0,162.65,162.29,"1,20,681","1,95,85,011.25","1,461","93,814",77.74
TUBEINVEST,EQ,2013-05-10,162.65,163.7,170.4,161.95,164.2,163.85,165.98,"1,23,754","2,05,40,314.95","2,995","54,623",44.14
TUBEINVEST,EQ,2013-05-11,163.85,161.0,165.7,161.0,164.6,164.95,164.33,"4,996","8,20,993.80",95,"2,896",57.97
TUBEINVEST,EQ,2013-05-13,164.95,165.8,165.8,155.15,160.0,160.0,159.99,"86,329","1,38,12,089.20","1,568","55,352",64.12
TUBEINVEST,EQ,2013-05-14,160.0,162.9,162.9,159.0,159.0,159.3,160.16,"13,658","21,87,428.50",439,"10,792",79.02
TUBEINVEST,EQ,2013-05-15,159.3,159.65,161.05,157.15,157.2,157.95,159.44,"70,991","1,13,18,939.20","1,678","53,644",75.56
TUBEINVEST,EQ,2013-05-16,157.95,159.6,164.3,158.0,160.0,161.55,162.3,"2,08,628","3,38,60,201.95","4,489","1,10,746",53.08
TUBEINVEST,EQ,2013-05-17,161.55,162.7,162.7,159.45,159.5,160.0,160.51,"62,570","1,00,43,230.95","2,613","50,013",79.93
TUBEINVEST,EQ,2013-05-20,160.0,159.0,162.2,158.25,158.8,158.75,159.81,"78,742","1,25,83,976.75","2,914","61,146",77.65
TUBEINVEST,EQ,2013-05-21,158.75,158.85,159.6,139.6,155.95,154.35,155.72,"61,726","96,12,141.70","1,514","48,578",78.7
TUBEINVEST,EQ,2013-05-22,154.35,155.7,155.7,147.8,148.5,149.3,151.04,"92,548","1,39,78,338.25","1,915","81,189",87.73
TUBEINVEST,EQ,2013-05-23,149.3,149.0,149.8,145.45,149.8,148.6,147.64,"1,56,989","2,31,77,723.95","3,055","1,45,508",92.69
TUBEINVEST,EQ,2013-05-24,148.6,145.65,151.4,145.65,147.2,147.9,148.69,"60,082","89,33,748.55","2,146","50,096",83.38
TUBEINVEST,EQ,2013-05-27,147.9,154.7,154.7,149.25,149.7,151.4,151.47,"1,06,362","1,61,10,130.15","6,308","92,139",86.63
TUBEINVEST,EQ,2013-05-28,151.4,148.55,152.5,148.55,150.95,150.9,151.12,"1,68,055","2,53,96,347.15",760,"1,59,687",95.02
TUBEINVEST,EQ,2013-05-29,150.9,151.7,155.7,147.65,148.2,148.15,151.99,"9,49,085","14,42,55,384.90","3,401","9,02,586",95.1
TUBEINVEST,EQ,2013-05-30,148.15,147.9,151.0,145.3,146.0,146.35,147.94,"30,326","44,86,489.80","1,206","19,801",65.29
TUBEINVEST,EQ,2013-05-31,146.35,147.65,147.65,145.0,145.1,145.15,145.65,"31,649","46,09,589.20","1,030","25,013",79.03
TUBEINVEST,EQ,2013-06-03,145.15,145.05,147.9,145.0,147.5,146.45,145.49,"10,967","15,95,593.00",170,"8,867",80.85
TUBEINVEST,EQ,2013-06-04,146.45,147.0,149.3,145.15,146.2,146.1,147.18,"11,358","16,71,709.00",699,"7,968",70.15
TUBEINVEST,EQ,2013-06-05,146.1,147.0,147.0,145.0,145.0,145.2,145.63,"16,907","24,62,096.70",696,"13,198",78.06
TUBEINVEST,EQ,2013-06-06,145.2,145.0,146.3,142.0,146.3,145.3,144.67,"12,002","17,36,341.30",521,"6,478",53.97
TUBEINVEST,EQ,2013-06-07,145.3,145.0,147.75,144.65,144.65,145.4,146.04,"14,559","21,26,215.45",873,"9,963",68.43
TUBEINVEST,EQ,2013-06-10,145.4,146.7,146.75,142.5,143.05,144.25,144.78,"20,905","30,26,546.85",666,"13,195",63.12
TUBEINVEST,EQ,2013-06-11,144.25,143.7,146.0,140.0,142.0,142.05,141.74,"11,673","16,54,516.55",379,"8,558",73.31
TUBEINVEST,EQ,2013-06-12,142.05,140.0,140.9,137.65,140.2,140.3,139.98,"11,27,618","15,78,40,889.60",669,"11,20,700",99.39
TUBEINVEST,EQ,2013-06-13,140.3,139.0,140.3,137.45,138.25,138.05,138.16,"18,345","25,34,505.70",515,"16,534",90.13
TUBEINVEST,EQ,2013-06-14,138.05,138.65,141.35,137.3,137.95,138.9,139.63,"21,833","30,48,527.35",462,"17,887",81.93
TUBEINVEST,EQ,2013-06-17,138.9,138.05,139.5,135.9,135.9,136.15,137.4,"11,611","15,95,386.45",698,"7,289",62.78
TUBEINVEST,EQ,2013-06-18,136.15,136.35,140.6,135.8,137.15,137.95,137.78,"21,182","29,18,544.55",945,"8,855",41.8
TUBEINVEST,EQ,2013-06-19,137.95,137.15,137.95,135.0,136.35,136.0,135.8,"9,591","13,02,452.50",733,"5,359",55.88
TUBEINVEST,EQ,2013-06-20,136.0,135.05,136.65,132.3,133.3,134.55,134.08,"15,041","20,16,702.45",855,"9,760",64.89
TUBEINVEST,EQ,2013-06-21,134.55,134.0,136.3,123.1,131.0,126.65,128.31,"54,922","70,46,778.35","1,584","44,634",81.27
TUBEINVEST,EQ,2013-06-24,126.65,127.0,135.9,126.1,131.1,131.95,132.39,"62,326","82,51,261.15","1,553","25,916",41.58
TUBEINVEST,EQ,2013-06-25,131.95,133.65,135.0,130.95,133.0,134.05,132.76,"14,627","19,41,894.70",458,"10,602",72.48
TUBEINVEST,EQ,2013-06-26,134.05,135.3,135.3,126.5,127.95,128.0,130.25,"9,221","12,01,030.45",577,"6,343",68.79
TUBEINVEST,EQ,2013-06-27,128.0,127.0,139.5,126.5,136.6,136.85,135.11,"25,037","33,82,694.90","1,016","14,838",59.26
TUBEINVEST,EQ,2013-06-28,136.85,136.9,151.4,133.0,134.55,135.0,138.0,"35,732","49,30,840.55","1,164","13,648",38.2
TUBEINVEST,EQ,2013-07-01,135.0,136.7,143.9,135.35,140.8,141.15,141.1,"35,109","49,53,904.15",841,"28,018",79.8
TUBEINVEST,EQ,2013-07-02,141.15,140.15,143.35,138.1,138.6,139.7,140.74,"15,577","21,92,256.00",775,"8,845",56.78
TUBEINVEST,EQ,2013-07-03,139.7,135.65,137.7,133.35,134.35,134.35,134.84,"8,999","12,13,400.50",569,"7,512",83.48
TUBEINVEST,EQ,2013-07-04,134.35,135.75,136.1,133.0,133.05,134.15,134.33,"9,353","12,56,343.95",417,"5,928",63.38
TUBEINVEST,EQ,2013-07-05,134.15,135.4,137.5,133.2,133.5,133.95,135.16,"11,966","16,17,315.40",746,"8,192",68.46
TUBEINVEST,EQ,2013-07-08,133.95,133.05,135.45,133.05,133.3,133.55,133.89,"4,764","6,37,857.55",497,"2,763",58.0
TUBEINVEST,EQ,2013-07-09,133.55,135.6,135.65,133.0,135.0,134.25,134.22,"8,127","10,90,784.95",349,"6,537",80.44
TUBEINVEST,EQ,2013-07-10,134.25,135.45,142.0,135.4,137.55,138.3,139.06,"50,220","69,83,677.25","1,313","35,470",70.63
TUBEINVEST,EQ,2013-07-11,138.3,139.4,139.7,135.1,138.0,137.85,137.3,"29,502","40,50,507.05","1,344","22,296",75.57
TUBEINVEST,EQ,2013-07-12,137.85,138.7,143.0,136.9,141.0,142.0,141.22,"81,239","1,14,72,708.95","2,285","25,079",30.87
TUBEINVEST,EQ,2013-07-15,142.0,144.8,145.0,142.05,143.75,144.3,143.77,"57,043","82,01,065.75","2,275","23,883",41.87
TUBEINVEST,EQ,2013-07-16,144.3,143.0,145.0,138.95,143.8,143.9,143.16,"21,504","30,78,522.70",891,"14,127",65.69
TUBEINVEST,EQ,2013-07-17,143.9,144.4,146.0,142.5,143.2,144.45,145.04,"18,990","27,54,397.30",812,"13,611",71.67
TUBEINVEST,EQ,2013-07-18,144.45,144.2,146.7,144.15,145.3,146.05,145.05,"24,234","35,15,132.60",748,"20,622",85.1
TUBEINVEST,EQ,2013-07-19,146.05,145.0,145.0,142.15,144.35,143.95,143.88,"8,864","12,75,366.50",552,"4,540",51.22
TUBEINVEST,EQ,2013-07-22,143.95,144.75,146.45,142.0,142.75,144.2,144.55,"12,050","17,41,865.30",516,"9,062",75.2
TUBEINVEST,EQ,2013-07-23,144.2,145.0,145.0,140.0,140.9,140.1,143.68,"1,30,311","1,87,22,806.55",723,"1,26,398",97.0
TUBEINVEST,EQ,2013-07-24,140.1,140.5,141.75,138.1,140.05,140.15,140.02,"66,668","93,34,876.55","1,160","63,633",95.45
TUBEINVEST,EQ,2013-07-25,140.15,140.0,142.25,138.0,139.6,139.9,140.41,"10,896","15,29,947.60",685,"8,562",78.58
TUBEINVEST,EQ,2013-07-26,139.9,140.0,140.9,138.0,138.05,139.55,139.87,"8,494","11,88,029.60",787,"6,591",77.6
TUBEINVEST,EQ,2013-07-29,139.55,138.0,141.0,137.0,137.5,139.35,139.82,"6,441","9,00,575.00",577,"4,004",62.16
TUBEINVEST,EQ,2013-07-30,139.35,138.0,141.55,134.9,135.05,137.15,139.39,"26,956","37,57,354.85","1,749","19,880",73.75
TUBEINVEST,EQ,2013-07-31,137.15,136.95,140.0,131.5,139.05,138.2,136.14,"33,291","45,32,226.10",929,"26,953",80.96
TUBEINVEST,EQ,2013-08-01,138.2,139.7,139.7,135.2,135.2,135.75,136.59,"9,273","12,66,578.00",728,"7,949",85.72
TUBEINVEST,EQ,2013-08-02,135.75,136.65,139.95,134.3,139.45,139.0,138.47,"1,07,804","1,49,27,527.35","2,476","1,00,140",92.89
TUBEINVEST,EQ,2013-08-05,139.0,139.0,143.9,137.45,142.5,141.65,139.17,"89,194","1,24,13,341.40","2,513","76,660",85.95
TUBEINVEST,EQ,2013-08-06,141.65,142.05,144.0,125.65,131.3,128.95,135.03,"56,350","76,08,743.10","1,904","29,891",53.05
TUBEINVEST,EQ,2013-08-07,128.95,131.4,137.4,125.1,135.0,135.0,133.77,"21,009","28,10,269.80","1,172","9,170",43.65
TUBEINVEST,EQ,2013-08-08,135.0,135.0,137.7,134.1,135.5,136.0,135.63,"12,891","17,48,356.10",686,"10,206",79.17
TUBEINVEST,EQ,2013-08-12,136.0,137.4,138.0,132.55,133.75,134.35,135.91,"14,582","19,81,786.00",809,"7,820",53.63
TUBEINVEST,EQ,2013-08-13,134.35,133.0,137.0,133.0,135.15,135.35,135.19,"14,841","20,06,415.80",745,"11,660",78.57
TUBEINVEST,EQ,2013-08-14,135.35,136.35,146.7,134.05,140.4,140.8,140.61,"82,298","1,15,72,153.40","2,241","45,315",55.06
TUBEINVEST,EQ,2013-08-16,140.8,139.0,139.3,135.0,139.25,138.7,137.63,"22,480","30,93,955.80",903,"13,535",60.21
TUBEINVEST,EQ,2013-08-19,138.7,137.0,141.7,135.0,139.35,140.15,138.65,"27,839","38,59,929.85","1,062","19,174",68.87
TUBEINVEST,EQ,2013-08-20,140.15,138.75,139.7,136.05,138.5,138.35,138.09,"9,269","12,79,998.05",529,"6,442",69.5
TUBEINVEST,EQ,2013-08-21,138.35,138.5,142.0,135.0,135.5,135.9,138.33,"17,735","24,53,356.90",872,"8,782",49.52
TUBEINVEST,EQ,2013-08-22,135.9,135.05,137.95,133.25,134.0,135.2,136.0,"5,08,529","6,91,59,005.15",449,"5,03,711",99.05
TUBEINVEST,EQ,2013-08-23,135.2,134.0,137.8,134.0,137.8,137.15,136.76,"4,619","6,31,679.50",354,"3,239",70.12
TUBEINVEST,EQ,2013-08-26,137.15,137.5,137.95,132.85,134.6,134.6,136.05,"4,23,186","5,75,76,399.95",969,"4,16,320",98.38
TUBEINVEST,EQ,2013-08-27,134.6,135.9,136.4,133.7,135.0,135.1,135.07,"12,178","16,44,827.60",352,"10,749",88.27
TUBEINVEST,EQ,2013-08-28,135.1,133.0,135.1,131.1,134.0,133.5,133.33,"11,182","14,90,930.55",471,"6,264",56.02
TUBEINVEST,EQ,2013-08-29,133.5,135.05,135.95,133.35,135.0,135.2,135.01,"65,286","88,13,991.60",338,"63,581",97.39
TUBEINVEST,EQ,2013-08-30,135.2,135.2,135.8,129.1,131.0,131.65,132.28,"12,981","17,17,120.25",574,"10,373",79.91
TUBEINVEST,EQ,2013-09-02,131.65,131.65,133.9,130.3,131.95,132.0,131.94,"22,240","29,34,248.95",863,"16,333",73.44
TUBEINVEST,EQ,2013-09-03,132.0,133.1,133.5,128.0,133.5,131.65,132.08,"11,531","15,23,061.60",510,"9,201",79.79
TUBEINVEST,EQ,2013-09-04,131.65,130.15,132.85,129.15,131.75,130.35,131.49,"31,183","41,00,160.65",467,"25,533",81.88
TUBEINVEST,EQ,2013-09-05,130.35,132.15,135.0,131.1,134.9,134.3,133.91,"8,100","10,84,704.35",165,"6,429",79.37
TUBEINVEST,EQ,2013-09-06,134.3,133.0,135.55,132.55,135.45,135.05,134.72,"5,299","7,13,880.90",136,"4,353",82.15
TUBEINVEST,EQ,2013-09-10,135.05,135.5,138.3,134.8,135.15,135.55,136.02,"6,950","9,45,341.80",444,"5,120",73.67
TUBEINVEST,EQ,2013-09-11,135.55,136.45,142.6,134.0,137.0,137.8,138.33,"13,859","19,17,176.80",629,"8,044",58.04
TUBEINVEST,EQ,2013-09-12,137.8,136.7,139.0,135.0,136.75,136.2,137.28,"4,560","6,25,998.55",445,"2,626",57.59
TUBEINVEST,EQ,2013-09-13,136.2,135.0,138.7,133.2,135.0,134.9,135.56,"6,968","9,44,566.05",605,"3,356",48.16
TUBEINVEST,EQ,2013-09-16,134.9,134.25,137.4,133.15,133.45,134.15,135.17,"5,327","7,20,030.05",358,"4,174",78.36
TUBEINVEST,EQ,2013-09-17,134.15,133.0,136.0,132.3,134.0,134.35,133.57,"3,807","5,08,512.45",195,"2,253",59.18
TUBEINVEST,EQ,2013-09-18,134.35,133.0,139.0,132.7,135.0,133.7,135.32,"20,380","27,57,829.85",869,"14,398",70.65
TUBEINVEST,EQ,2013-09-19,133.7,132.55,136.8,132.55,135.0,135.0,135.13,"12,122","16,38,051.85",313,"8,093",66.76
TUBEINVEST,EQ,2013-09-20,135.0,134.05,140.9,134.05,138.0,138.25,138.15,"24,347","33,63,452.30",629,"14,591",59.93
TUBEINVEST,EQ,2013-09-23,138.25,138.3,139.9,135.8,138.0,137.8,137.91,"26,212","36,14,771.30",776,"22,786",86.93
TUBEINVEST,EQ,2013-09-24,137.8,137.0,141.8,136.05,139.0,138.65,139.82,"86,336","1,20,71,550.90","2,514","50,331",58.3
TUBEINVEST,EQ,2013-09-25,138.65,139.0,140.0,138.0,139.0,139.0,139.06,"61,156","85,04,427.90","1,373","53,543",87.55
TUBEINVEST,EQ,2013-09-26,139.0,138.55,138.85,137.0,137.65,137.9,137.58,"13,927","19,16,009.45",308,"10,965",78.73
TUBEINVEST,EQ,2013-09-27,137.9,138.05,139.4,137.9,138.3,138.0,138.08,"8,113","11,20,209.95",177,"7,352",90.62
TUBEINVEST,EQ,2013-09-30,138.0,138.0,139.0,135.45,135.5,137.15,137.76,"16,859","23,22,535.75",595,"13,665",81.05
TUBEINVEST,EQ,2013-10-01,137.15,136.1,139.8,136.1,138.2,138.25,138.47,"7,101","9,83,274.20",189,"5,658",79.68
TUBEINVEST,EQ,2013-10-03,138.25,137.3,142.4,136.1,142.0,141.75,140.07,"47,437","66,44,284.85","1,314","35,004",73.79
TUBEINVEST,EQ,2013-10-04,141.75,140.15,146.0,140.15,146.0,145.3,143.86,"60,012","86,33,054.55",567,"39,426",65.7
TUBEINVEST,EQ,2013-10-07,145.3,145.05,156.6,143.1,152.95,154.55,152.11,"52,900","80,46,458.45","2,573","32,115",60.71
TUBEINVEST,EQ,2013-10-08,154.55,153.95,154.85,149.05,149.4,150.95,152.73,"20,212","30,86,998.75","1,300","10,984",54.34
TUBEINVEST,EQ,2013-10-09,150.95,150.85,156.0,150.85,152.3,152.65,154.21,"8,526","13,14,767.15",867,"5,813",68.18
TUBEINVEST,EQ,2013-10-10,152.65,151.0,153.0,145.9,150.75,150.25,149.27,"21,458","32,03,095.80","1,428","11,337",52.83
TUBEINVEST,EQ,2013-10-11,150.25,150.25,157.1,149.55,157.0,156.7,155.34,"35,148","54,59,991.55","1,883","20,643",58.73
TUBEINVEST,EQ,2013-10-14,156.7,156.0,157.95,153.0,156.35,155.75,156.11,"13,401","20,91,968.20",310,"7,497",55.94
TUBEINVEST,EQ,2013-10-15,155.75,155.5,157.6,151.0,151.0,152.1,155.3,"38,283","59,45,481.65",612,"23,350",60.99
TUBEINVEST,EQ,2013-10-17,152.1,147.7,154.65,146.1,146.1,147.55,150.17,"10,719","16,09,672.60",475,"5,475",51.08
TUBEINVEST,EQ,2013-10-18,147.55,149.45,151.0,147.5,149.0,149.1,148.41,"47,471","70,45,344.60",499,"43,067",90.72
TUBEINVEST,EQ,2013-10-21,149.1,148.0,150.25,146.2,147.0,146.85,147.62,"18,804","27,75,757.80",410,"15,981",84.99
TUBEINVEST,EQ,2013-10-22,146.85,146.0,150.0,145.25,149.0,148.65,147.88,"50,415","74,55,266.30",955,"37,727",74.83
TUBEINVEST,EQ,2013-10-23,148.65,148.05,153.4,147.25,151.5,150.65,149.91,"15,164","22,73,243.25",701,"9,846",64.93
TUBEINVEST,EQ,2013-10-24,150.65,152.0,155.0,148.1,148.7,149.4,151.57,"21,372","32,39,411.40",734,"8,495",39.75
TUBEINVEST,EQ,2013-10-25,149.4,150.0,150.35,147.1,147.95,147.6,148.06,"9,387","13,89,852.85",310,"7,071",75.33
TUBEINVEST,EQ,2013-10-28,147.6,149.95,150.0,145.1,145.6,146.25,146.78,"23,291","34,18,764.35",551,"17,101",73.42
TUBEINVEST,EQ,2013-10-29,146.25,145.5,145.9,144.0,145.0,145.2,144.82,"24,535","35,53,229.90",497,"20,405",83.17
TUBEINVEST,EQ,2013-10-30,145.2,146.5,149.0,146.0,146.0,146.7,147.23,"21,393","31,49,702.65",518,"14,042",65.64
TUBEINVEST,EQ,2013-10-31,146.7,145.5,147.95,145.5,146.5,147.0,147.19,"25,941","38,18,273.15",285,"22,338",86.11
TUBEINVEST,EQ,2013-11-01,147.0,147.5,153.9,146.65,151.5,151.9,150.04,"36,031","54,06,205.90",924,"23,295",64.65
TUBEINVEST,EQ,2013-11-03,151.9,152.3,160.0,152.3,155.3,156.65,155.99,"53,798","83,92,078.60",745,"47,844",88.93
TUBEINVEST,EQ,2013-11-05,156.65,157.9,168.9,156.1,163.15,163.05,163.45,"1,09,126","1,78,36,475.70","2,670","57,255",52.47
TUBEINVEST,EQ,2013-11-06,163.05,165.0,172.0,162.5,165.5,165.05,167.64,"38,168","63,98,293.60","1,203","27,838",72.94
TUBEINVEST,EQ,2013-11-07,165.05,165.2,173.3,165.2,169.05,168.9,169.17,"77,407","1,30,94,650.10","2,463","51,898",67.05
TUBEINVEST,EQ,2013-11-08,168.9,168.0,174.9,166.9,170.75,171.25,171.59,"1,02,107","1,75,20,526.60","2,181","45,246",44.31
TUBEINVEST,EQ,2013-11-11,171.25,171.75,176.85,164.25,165.05,165.25,170.22,"71,222","1,21,23,530.60","1,945","36,767",51.62
TUBEINVEST,EQ,2013-11-12,165.25,166.35,169.3,160.6,162.0,161.45,164.21,"14,998","24,62,797.40",656,"10,145",67.64
TUBEINVEST,EQ,2013-11-13,161.45,161.75,164.25,156.1,160.0,159.25,159.61,"50,588","80,74,331.35","1,152","36,783",72.71
TUBEINVEST,EQ,2013-11-14,159.25,160.7,165.0,157.25,159.25,158.6,160.09,"33,206","53,15,807.00",555,"27,951",84.17
TUBEINVEST,EQ,2013-11-18,158.6,160.65,165.0,159.6,161.25,162.55,163.03,"16,838","27,45,172.95","1,049","11,293",67.07
TUBEINVEST,EQ,2013-11-19,162.55,162.95,168.7,162.1,162.5,162.75,165.99,"38,374","63,69,530.60","1,275","22,266",58.02
TUBEINVEST,EQ,2013-11-20,162.75,163.45,164.9,159.1,159.1,160.75,162.15,"18,451","29,91,878.55",664,"14,474",78.45
TUBEINVEST,EQ,2013-11-21,160.75,157.4,161.6,156.3,156.35,157.0,158.96,"24,257","38,55,904.45",762,"17,897",73.78
TUBEINVEST,EQ,2013-11-22,157.0,158.7,161.6,156.2,161.0,160.45,158.87,"29,615","47,04,923.75",564,"24,066",81.26
TUBEINVEST,EQ,2013-11-25,160.45,161.7,166.5,159.1,164.0,165.15,164.05,"22,379","36,71,285.55",666,"16,700",74.62
TUBEINVEST,EQ,2013-11-26,165.15,165.0,165.0,160.0,163.0,163.35,161.6,"43,297","69,96,595.95",994,"38,060",87.9
TUBEINVEST,EQ,2013-11-27,163.35,164.65,165.3,162.2,163.0,163.2,163.44,"15,061","24,61,634.65",474,"13,448",89.29
TUBEINVEST,EQ,2013-11-28,163.2,162.15,166.0,162.15,165.5,165.3,165.58,"58,971","97,64,577.10",824,"56,059",95.06
TUBEINVEST,EQ,2013-11-29,165.3,166.3,166.4,163.0,163.0,163.1,163.63,"24,518","40,11,773.05",334,"21,256",86.7
TUBEINVEST,EQ,2013-12-02,163.1,164.7,165.2,162.1,164.0,164.05,164.1,"11,554","18,96,009.20",373,"10,780",93.3
TUBEINVEST,EQ,2013-12-03,164.05,164.7,167.8,163.15,167.25,165.9,164.6,"21,990","36,19,540.30","1,036","17,643",80.23
TUBEINVEST,EQ,2013-12-04,165.9,165.95,172.5,165.95,169.4,168.0,170.17,"1,21,554","2,06,84,385.90","2,792","42,571",35.02
TUBEINVEST,EQ,2013-12-05,168.0,170.7,171.45,167.0,169.25,169.25,169.1,"25,834","43,68,542.80","1,472","16,140",62.48
TUBEINVEST,EQ,2013-12-06,169.25,170.65,173.0,167.5,167.55,169.2,170.46,"47,701","81,31,252.95","1,588","30,340",63.6
TUBEINVEST,EQ,2013-12-09,169.2,169.2,173.0,167.7,169.5,169.3,170.58,"57,098","97,39,723.35","1,168","47,420",83.05
TUBEINVEST,EQ,2013-12-10,169.3,169.0,170.7,167.0,167.4,167.15,167.83,"12,783","21,45,426.45","1,001","8,653",67.69
TUBEINVEST,EQ,2013-12-11,167.15,167.7,168.95,163.3,165.5,165.3,165.85,"15,915","26,39,483.65","1,174","11,049",69.43
TUBEINVEST,EQ,2013-12-12,165.3,165.0,167.0,163.15,164.55,164.25,164.88,"11,529","19,00,890.40",670,"8,458",73.36
TUBEINVEST,EQ,2013-12-13,164.25,163.4,171.0,161.5,168.1,166.85,165.25,"16,944","27,99,936.50","1,228","11,820",69.76
TUBEINVEST,EQ,2013-12-16,166.85,167.0,168.0,161.05,162.05,162.95,163.7,"14,210","23,26,107.65",895,"8,501",59.82
TUBEINVEST,EQ,2013-12-17,162.95,161.65,163.55,161.0,162.0,162.15,162.39,"8,521","13,83,728.15",611,"5,731",67.26
TUBEINVEST,EQ,2013-12-18,162.15,162.15,164.9,161.0,163.5,162.85,162.95,"8,643","14,08,407.00",573,"4,758",55.05
TUBEINVEST,EQ,2013-12-19,162.85,164.4,164.4,156.1,160.0,159.9,160.12,"22,294","35,69,693.15",958,"14,346",64.35
TUBEINVEST,EQ,2013-12-20,159.9,159.5,161.25,158.25,159.5,159.65,159.55,"18,427","29,40,050.05",748,"11,617",63.04
TUBEINVEST,EQ,2013-12-23,159.65,156.45,162.95,156.45,161.0,159.1,159.06,"1,73,540","2,76,03,515.55",825,"1,61,890",93.29
TUBEINVEST,EQ,2013-12-24,159.1,162.0,162.0,159.65,160.0,160.2,160.16,"87,754","1,40,54,397.50",513,"71,404",81.37
TUBEINVEST,EQ,2013-12-26,160.2,160.15,162.15,159.0,160.95,161.45,160.62,"43,507","69,88,201.70",735,"34,018",78.19
TUBEINVEST,EQ,2013-12-27,161.45,161.95,162.0,158.0,158.6,158.9,160.89,"84,114","1,35,32,778.65",588,"80,532",95.74
TUBEINVEST,EQ,2013-12-30,158.9,159.5,160.8,156.05,156.55,156.45,157.57,"92,928","1,46,42,589.05",581,"87,814",94.5
TUBEINVEST,EQ,2013-12-31,156.45,156.5,158.65,155.05,157.0,157.05,156.07,"59,864","93,42,832.40",603,"54,024",90.24
TUBEINVEST,EQ,2014-01-01,157.05,157.6,158.95,156.05,156.4,156.95,157.13,"22,071","34,68,027.25","1,204","16,243",73.59
TUBEINVEST,EQ,2014-01-02,156.95,155.15,158.95,153.5,155.4,153.85,156.52,"14,319","22,41,252.85",632,"8,908",62.21
TUBEINVEST,EQ,2014-01-03,153.85,153.05,156.5,151.8,152.5,153.35,154.12,"22,238","34,27,399.30",867,"17,338",77.97
TUBEINVEST,EQ,2014-01-06,153.35,156.0,164.7,153.05,156.2,156.5,156.21,"1,24,342","1,94,23,011.05","1,264","95,700",76.97
TUBEINVEST,EQ,2014-01-07,156.5,157.75,175.35,156.6,171.0,173.3,168.41,"2,45,127","4,12,81,253.20","4,506","1,40,932",57.49
TUBEINVEST,EQ,2014-01-08,173.3,172.4,189.8,170.0,184.25,182.95,182.99,"4,26,229","7,79,97,540.05","8,327","1,25,580",29.46
TUBEINVEST,EQ,2014-01-09,182.95,182.95,184.8,175.2,177.3,179.2,181.34,"53,446","96,92,002.35","1,779","26,105",48.84
TUBEINVEST,EQ,2014-01-10,179.2,183.95,183.95,170.7,171.0,172.4,175.05,"28,427","49,76,102.30",997,"16,031",56.39
TUBEINVEST,EQ,2014-01-13,172.4,173.05,175.25,166.5,167.0,167.05,168.67,"20,532","34,63,180.70",937,"13,552",66.0
TUBEINVEST,EQ,2014-01-14,167.05,166.0,169.9,165.0,165.0,165.1,166.26,"16,192","26,92,069.55",876,"9,734",60.12
TUBEINVEST,EQ,2014-01-15,165.1,165.1,170.0,165.1,166.0,166.95,167.49,"46,461","77,81,685.50","1,138","19,864",42.75
TUBEINVEST,EQ,2014-01-16,166.95,168.8,168.8,165.0,165.05,165.95,167.15,"14,639","24,46,874.70",616,"9,967",68.09
TUBEINVEST,EQ,2014-01-17,165.95,168.0,177.8,164.0,166.0,165.65,171.38,"1,15,182","1,97,39,504.90","2,700","32,610",28.31
TUBEINVEST,EQ,2014-01-20,165.65,166.9,171.9,166.9,170.9,170.2,169.77,"23,741","40,30,595.50","1,174","13,353",56.24
TUBEINVEST,EQ,2014-01-21,170.2,173.6,173.6,169.0,173.45,172.75,171.63,"22,028","37,80,610.85",644,"13,567",61.59
TUBEINVEST,EQ,2014-01-22,172.75,176.0,176.0,167.0,169.4,170.15,169.59,"18,885","32,02,704.15",733,"10,681",56.56
TUBEINVEST,EQ,2014-01-23,170.15,169.0,182.25,168.05,177.3,177.3,177.4,"79,588","1,41,18,747.60","2,611","31,460",39.53
TUBEINVEST,EQ,2014-01-24,177.3,178.85,178.85,169.0,169.0,171.35,172.34,"18,447","31,79,073.75","1,080","9,441",51.18
TUBEINVEST,EQ,2014-01-27,171.35,171.7,179.0,170.0,175.05,176.45,177.97,"1,48,875","2,64,94,678.35","2,315","1,28,724",86.46
TUBEINVEST,EQ,2014-01-28,176.45,178.5,178.5,172.0,172.25,172.75,173.59,"10,211","17,72,572.50",519,"5,364",52.53
TUBEINVEST,EQ,2014-01-29,172.75,173.7,174.8,169.7,169.7,170.5,172.56,"9,467","16,33,641.25",636,"4,684",49.48
TUBEINVEST,EQ,2014-01-30,170.5,169.0,170.0,164.8,165.0,166.0,166.61,"14,346","23,90,255.60",627,"9,354",65.2
TUBEINVEST,EQ,2014-01-31,166.0,167.6,174.2,165.3,173.8,171.7,169.61,"56,031","95,03,241.95","1,509","48,039",85.74
TUBEINVEST,EQ,2014-02-03,171.7,173.0,186.8,172.0,183.9,183.05,182.82,"2,20,958","4,03,96,252.30","5,436","93,901",42.5
TUBEINVEST,EQ,2014-02-04,183.05,180.0,183.9,177.0,180.4,180.0,179.52,"69,906","1,25,49,554.65","2,942","41,406",59.23
TUBEINVEST,EQ,2014-02-05,180.0,185.0,185.0,175.7,176.0,177.35,179.73,"34,223","61,51,058.20",915,"10,236",29.91
TUBEINVEST,EQ,2014-02-06,177.35,178.8,179.4,170.6,172.75,172.8,172.83,"51,957","89,79,682.10",964,"40,090",77.16
TUBEINVEST,EQ,2014-02-07,172.8,173.75,175.0,170.7,171.1,172.0,173.53,"14,497","25,15,625.05",574,"9,939",68.56
TUBEINVEST,EQ,2014-02-10,172.0,171.0,171.4,168.0,170.0,170.15,170.38,"11,512","19,61,449.45",527,"6,528",56.71
TUBEINVEST,EQ,2014-02-11,170.15,169.9,178.0,168.3,173.5,173.45,173.36,"22,700","39,35,165.75","1,158","10,876",47.91
TUBEINVEST,EQ,2014-02-12,173.45,173.9,179.45,172.2,179.0,178.15,177.19,"1,10,134","1,95,15,191.65","2,466","84,704",76.91
TUBEINVEST,EQ,2014-02-13,178.15,181.25,183.1,173.7,173.8,178.25,180.53,"1,40,525","2,53,68,299.75","2,798","35,282",25.11
TUBEINVEST,EQ,2014-02-14,178.25,177.0,179.5,173.85,178.05,178.25,176.84,"32,067","56,70,609.75","1,952","19,681",61.37
TUBEINVEST,EQ,2014-02-17,178.25,177.0,181.7,170.85,181.6,181.1,178.9,"34,076","60,96,047.80","2,462","19,292",56.61
TUBEINVEST,EQ,2014-02-18,181.1,180.0,189.4,173.95,184.0,186.15,186.01,"1,74,634","3,24,84,200.60","5,712","80,300",45.98
TUBEINVEST,EQ,2014-02-19,186.15,185.0,199.85,185.0,189.5,191.75,194.42,"3,62,249","7,04,28,024.00","9,463","1,28,381",35.44
TUBEINVEST,EQ,2014-02-20,191.75,189.7,189.75,183.5,184.5,184.15,185.98,"40,428","75,18,664.30","1,879","19,202",47.5
TUBEINVEST,EQ,2014-02-21,184.15,185.8,196.0,185.8,189.6,190.05,193.15,"3,40,030","6,56,76,118.50","6,281","61,393",18.06
TUBEINVEST,EQ,2014-02-24,190.05,190.9,195.6,186.1,195.0,194.4,192.88,"94,924","1,83,08,805.45","2,328","50,890",53.61
TUBEINVEST,EQ,2014-02-25,194.4,195.7,196.05,189.45,191.15,191.5,192.58,"62,478","1,20,31,963.85","1,103","43,623",69.82
TUBEINVEST,EQ,2014-02-26,191.5,191.05,192.75,186.3,186.5,187.95,188.77,"29,756","56,16,905.75","1,276","18,983",63.8
TUBEINVEST,EQ,2014-02-28,187.95,187.0,190.35,186.4,190.0,188.95,189.15,"99,586","1,88,37,114.05","6,517","88,186",88.55
TUBEINVEST,EQ,2014-03-03,188.95,188.0,191.0,183.65,184.7,184.75,186.45,"37,784","70,44,841.55","1,417","26,767",70.84
TUBEINVEST,EQ,2014-03-04,184.75,184.1,187.0,182.5,182.6,183.65,184.89,"26,762","49,47,935.75","1,659","19,388",72.45
TUBEINVEST,EQ,2014-03-05,183.65,184.0,185.7,181.3,182.4,182.05,183.08,"17,888","32,74,987.65",929,"10,923",61.06
TUBEINVEST,EQ,2014-03-06,182.05,183.6,183.6,179.3,181.95,180.3,181.18,"46,150","83,61,284.30","1,138","40,310",87.35
TUBEINVEST,EQ,2014-03-07,180.3,186.0,189.5,182.1,182.1,183.35,186.37,"1,39,028","2,59,10,746.60","2,984","53,186",38.26
TUBEINVEST,EQ,2014-03-10,183.35,182.95,184.9,178.25,180.0,179.7,181.17,"44,208","80,09,222.70","1,456","34,447",77.92
TUBEINVEST,EQ,2014-03-11,179.7,180.0,184.8,176.6,177.1,177.95,180.82,"43,246","78,19,624.45","1,665","21,925",50.7
TUBEINVEST,EQ,2014-03-12,177.95,178.5,179.45,175.5,177.5,177.4,177.43,"24,744","43,90,418.15","1,181","13,995",56.56
TUBEINVEST,EQ,2014-03-13,177.4,178.1,179.0,174.25,174.25,175.0,176.22,"22,888","40,33,307.95",917,"15,514",67.78
TUBEINVEST,EQ,2014-03-14,175.0,175.0,176.75,173.05,173.6,173.8,174.61,"22,548","39,37,175.75",806,"16,003",70.97
TUBEINVEST,EQ,2014-03-18,173.8,175.2,175.65,171.6,172.0,172.15,172.56,"26,558","45,82,910.55",981,"19,763",74.41
TUBEINVEST,EQ,2014-03-19,172.15,171.0,173.45,170.2,171.0,170.8,171.45,"16,105","27,61,255.45","1,280","11,919",74.01
TUBEINVEST,EQ,2014-03-20,170.8,170.0,179.9,170.0,172.05,172.45,174.19,"70,059","1,22,03,643.05","2,093","29,820",42.56
TUBEINVEST,EQ,2014-03-21,172.45,171.25,174.0,171.25,172.75,173.1,173.08,"69,994","1,21,14,542.45",857,"58,946",84.22
TUBEINVEST,EQ,2014-03-22,173.1,174.45,174.45,173.05,173.05,173.5,173.77,"3,329","5,78,468.10",110,"2,684",80.62
TUBEINVEST,EQ,2014-03-24,173.5,172.0,174.5,170.0,171.0,171.8,171.82,"21,911","37,64,854.80",842,"16,370",74.71
TUBEINVEST,EQ,2014-03-25,171.8,173.25,179.8,172.75,179.0,178.7,176.94,"2,07,103","3,66,45,148.70","4,008","92,400",44.62
TUBEINVEST,EQ,2014-03-26,178.7,183.5,183.5,176.1,176.1,176.7,179.23,"65,650","1,17,66,565.95","1,186","45,700",69.61
TUBEINVEST,EQ,2014-03-27,176.7,177.5,178.2,173.3,174.0,174.0,174.64,"82,722","1,44,46,923.00",819,"71,734",86.72
TUBEINVEST,EQ,2014-03-28,174.0,176.7,176.7,172.25,173.9,173.3,173.67,"31,157","54,10,882.90",657,"20,824",66.84
TUBEINVEST,EQ,2014-03-31,173.3,173.0,185.85,173.0,179.9,180.1,181.71,"2,32,228","4,21,97,422.00","4,488","86,200",37.12
TUBEINVEST,EQ,2014-04-01,180.1,181.7,181.8,176.55,177.0,178.6,179.31,"67,549","1,21,12,253.30","1,746","50,702",75.06
TUBEINVEST,EQ,2014-04-02,178.6,180.8,193.95,175.5,188.2,187.8,188.52,"2,43,999","4,59,97,474.25","4,666","1,13,689",46.59
TUBEINVEST,EQ,2014-04-03,187.8,188.85,188.85,184.5,187.2,187.1,186.96,"67,718","1,26,60,321.00",905,"54,678",80.74
TUBEINVEST,EQ,2014-04-04,187.1,185.25,192.95,185.2,187.8,187.15,188.63,"38,940","73,45,374.35","1,048","21,822",56.04
TUBEINVEST,EQ,2014-04-07,187.15,186.2,195.0,186.15,193.1,193.15,192.79,"1,68,393","3,24,64,130.35","2,649","1,06,249",63.1
TUBEINVEST,EQ,2014-04-09,193.15,192.05,196.1,192.0,195.0,193.25,193.78,"1,40,136","2,71,55,011.40","2,342","1,01,690",72.57
TUBEINVEST,EQ,2014-04-10,193.25,193.05,196.0,191.9,193.05,193.9,193.78,"42,437","82,23,491.45","1,293","30,662",72.25
TUBEINVEST,EQ,2014-04-11,193.9,192.9,196.2,191.05,192.05,193.0,194.17,"37,095","72,02,906.55",933,"25,799",69.55
TUBEINVEST,EQ,2014-04-15,193.0,195.7,195.7,189.15,189.35,190.2,192.46,"46,428","89,35,361.45","1,167","29,400",63.32
TUBEINVEST,EQ,2014-04-16,190.2,190.5,194.15,189.2,192.0,190.3,191.11,"39,986","76,41,635.95",770,"29,319",73.32
TUBEINVEST,EQ,2014-04-17,190.3,189.0,194.45,189.0,192.05,191.25,192.37,"32,420","62,36,732.45",806,"19,741",60.89
TUBEINVEST,EQ,2014-04-21,191.25,192.05,194.15,190.25,193.0,193.1,192.27,"24,691","47,47,244.00",446,"20,428",82.73
TUBEINVEST,EQ,2014-04-22,193.1,195.1,201.0,194.7,196.4,196.15,198.21,"2,24,300","4,44,58,135.10","3,094","1,19,103",53.1
TUBEINVEST,EQ,2014-04-23,196.15,196.15,199.9,190.65,193.4,193.55,197.62,"1,96,065","3,87,46,135.95","3,018","56,169",28.65
TUBEINVEST,EQ,2014-04-25,193.55,194.5,195.0,190.5,193.1,193.6,191.88,"46,553","89,32,462.40",645,"35,967",77.26
TUBEINVEST,EQ,2014-04-28,193.6,193.55,193.55,186.6,190.6,191.35,189.58,"40,469","76,72,138.30",883,"27,679",68.4
TUBEINVEST,EQ,2014-04-29,191.35,192.75,195.0,185.5,193.0,193.1,191.09,"49,460","94,51,434.05","1,208","31,543",63.77
TUBEINVEST,EQ,2014-04-30,193.1,196.0,196.4,186.0,191.0,190.4,191.76,"1,49,084","2,85,88,522.55","2,592","1,04,057",69.8
TUBEINVEST,EQ,2014-05-02,190.4,191.75,194.4,188.9,191.1,191.1,191.14,"19,571","37,40,751.65","1,410","10,392",53.1
TUBEINVEST,EQ,2014-05-05,191.1,192.75,218.4,190.05,209.1,211.8,206.69,"10,37,878","21,45,15,960.95","19,559","4,20,499",40.52
TUBEINVEST,EQ,2014-05-06,211.8,214.4,214.5,200.1,204.2,203.0,206.37,"1,75,296","3,61,75,783.00","5,499","53,615",30.59
TUBEINVEST,EQ,2014-05-07,203.0,204.9,207.0,198.2,203.0,202.0,203.07,"90,745","1,84,27,500.85","2,958","44,544",49.09
TUBEINVEST,EQ,2014-05-08,202.0,207.0,207.0,201.0,204.0,202.9,202.74,"1,62,345","3,29,14,225.10","6,824","1,13,887",70.15
TUBEINVEST,EQ,2014-05-09,202.9,208.0,208.0,203.0,204.75,205.0,205.09,"2,70,530","5,54,81,979.35","1,504","2,56,396",94.78
TUBEINVEST,EQ,2014-05-12,205.0,206.0,208.5,202.15,205.0,205.3,204.62,"1,23,877","2,53,47,402.10","2,030","97,994",79.11
TUBEINVEST,EQ,2014-05-13,205.3,205.5,218.9,205.0,213.0,212.55,206.04,"13,42,945","27,67,00,868.30","5,544","12,54,629",93.42
TUBEINVEST,EQ,2014-05-14,212.55,213.8,218.0,208.1,215.75,215.45,214.89,"95,425","2,05,06,334.50","2,998","70,014",73.37
TUBEINVEST,EQ,2014-05-15,215.45,216.45,221.6,214.2,221.0,219.7,217.82,"1,53,709","3,34,80,190.25","4,848","95,976",62.44
TUBEINVEST,EQ,2014-05-16,219.7,224.8,226.75,218.1,220.75,220.1,223.75,"1,22,930","2,75,05,969.75","1,848","99,375",80.84
TUBEINVEST,EQ,2014-05-19,220.1,221.4,240.0,221.4,238.0,237.75,231.29,"75,289","1,74,13,962.70","2,068","45,403",60.3
TUBEINVEST,EQ,2014-05-20,237.75,238.75,238.75,227.85,238.0,232.5,231.71,"80,887","1,87,41,979.50","2,733","63,152",78.07
TUBEINVEST,EQ,2014-05-21,232.5,233.0,243.4,230.5,240.0,240.05,237.03,"75,097","1,78,00,443.45","1,484","60,948",81.16
TUBEINVEST,EQ,2014-05-22,240.05,241.0,250.0,240.0,246.0,247.15,246.95,"2,64,300","6,52,68,420.25","1,243","2,41,450",91.35
TUBEINVEST,EQ,2014-05-23,247.15,250.9,252.0,247.25,249.8,248.65,248.89,"72,143","1,79,55,370.55",779,"62,131",86.12
TUBEINVEST,EQ,2014-05-26,248.65,250.45,261.4,240.25,242.0,243.95,249.14,"71,794","1,78,86,899.75","2,450","43,346",60.38
TUBEINVEST,EQ,2014-05-27,243.95,243.2,258.7,235.95,253.7,255.75,249.46,"49,945","1,24,59,168.05",998,"28,295",56.65
TUBEINVEST,EQ,2014-05-28,255.75,259.0,260.9,255.2,259.4,259.15,257.39,"75,099","1,93,29,688.80",878,"57,672",76.79
TUBEINVEST,EQ,2014-05-29,259.15,260.7,289.0,252.8,272.0,272.8,272.77,"1,73,916","4,74,38,629.95","4,510","98,478",56.62
TUBEINVEST,EQ,2014-05-30,272.8,272.0,282.25,254.5,262.0,264.6,273.47,"3,00,321","8,21,27,955.35","4,651","2,36,713",78.82
TUBEINVEST,EQ,2014-06-02,264.6,264.6,275.85,263.95,273.0,273.05,271.42,"1,07,110","2,90,71,489.85","4,029","83,437",77.9
TUBEINVEST,EQ,2014-06-03,273.05,274.7,278.0,267.0,277.0,275.45,274.27,"28,486","78,12,961.30","1,317","20,840",73.16
TUBEINVEST,EQ,2014-06-04,275.45,276.7,294.3,274.05,290.85,290.45,288.82,"1,68,036","4,85,31,901.10","3,461","1,01,881",60.63
TUBEINVEST,EQ,2014-06-05,290.45,291.0,297.8,280.05,290.8,291.4,291.54,"87,680","2,55,61,996.45","1,736","58,866",67.14
TUBEINVEST,EQ,2014-06-06,291.4,293.0,297.5,277.0,280.0,280.65,287.24,"72,144","2,07,22,454.30","2,552","47,321",65.59
TUBEINVEST,EQ,2014-06-09,280.65,281.85,289.05,276.8,278.0,279.15,282.58,"51,063","1,44,29,175.65","2,337","39,149",76.67
TUBEINVEST,EQ,2014-06-10,279.15,276.6,282.95,268.0,282.15,281.4,277.44,"57,831","1,60,44,526.05","1,811","39,262",67.89
TUBEINVEST,EQ,2014-06-11,281.4,276.35,282.7,274.05,274.05,276.45,279.09,"29,774","83,09,638.95",951,"23,062",77.46
TUBEINVEST,EQ,2014-06-12,276.45,274.0,281.35,273.35,280.5,278.95,278.7,"46,505","1,29,61,091.55","1,322","37,128",79.84
TUBEINVEST,EQ,2014-06-13,278.95,277.0,283.45,271.05,277.0,274.4,279.13,"49,322","1,37,67,490.15","1,116","34,864",70.69
TUBEINVEST,EQ,2014-06-16,274.4,273.0,291.8,264.55,288.0,289.55,282.49,"66,391","1,87,54,987.00","2,035","33,248",50.08
TUBEINVEST,EQ,2014-06-17,289.55,287.0,292.95,281.0,291.85,291.2,287.43,"48,138","1,38,36,108.65","1,295","35,506",73.76
TUBEINVEST,EQ,2014-06-18,291.2,289.0,298.0,286.15,297.4,296.6,294.15,"47,025","1,38,32,630.30","1,225","37,101",78.9
TUBEINVEST,EQ,2014-06-19,296.6,294.75,301.25,281.95,298.35,297.9,292.11,"5,72,712","16,72,94,862.05","1,914","5,36,666",93.71
TUBEINVEST,EQ,2014-06-20,297.9,300.0,317.05,298.15,301.3,303.05,308.51,"1,97,119","6,08,13,828.90","5,231","97,298",49.36
TUBEINVEST,EQ,2014-06-23,303.05,304.0,307.9,294.85,303.5,304.55,302.14,"49,407","1,49,27,988.90","2,320","28,715",58.12
TUBEINVEST,EQ,2014-06-24,304.55,305.0,310.5,300.05,304.45,304.2,303.94,"18,974","57,66,885.50",704,"11,617",61.23
TUBEINVEST,EQ,2014-06-25,304.2,302.95,304.35,296.9,297.05,297.8,298.82,"23,390","69,89,377.80",842,"17,752",75.9
TUBEINVEST,EQ,2014-06-26,297.8,295.05,302.2,294.0,300.45,300.0,298.1,"36,595","1,09,09,006.70",729,"24,503",66.96
TUBEINVEST,EQ,2014-06-27,300.0,306.45,306.45,294.0,294.85,294.8,298.47,"40,895","1,22,06,065.40","1,376","25,095",61.36
TUBEINVEST,EQ,2014-06-30,294.8,294.8,296.05,291.2,293.0,293.35,294.42,"27,991","82,41,014.45","1,337","20,090",71.77
TUBEINVEST,EQ,2014-07-01,293.35,293.05,297.95,291.05,295.0,293.45,294.22,"22,280","65,55,193.20",704,"16,038",71.98
TUBEINVEST,EQ,2014-07-02,293.45,294.0,295.8,290.0,291.0,291.35,293.69,"83,655","2,45,68,339.90","4,784","73,490",87.85
TUBEINVEST,EQ,2014-07-03,291.35,292.0,293.45,287.0,289.0,288.85,289.62,"31,964","92,57,494.00","2,888","19,437",60.81
TUBEINVEST,EQ,2014-07-04,288.85,287.0,291.0,283.1,287.6,287.85,289.05,"40,087","1,15,86,971.70",650,"29,181",72.79
TUBEINVEST,EQ,2014-07-07,287.85,288.95,290.95,285.0,286.3,286.5,287.55,"18,116","52,09,240.10",614,"9,503",52.46
TUBEINVEST,EQ,2014-07-08,286.5,288.0,288.0,278.15,280.0,280.2,282.57,"32,424","91,61,974.25",862,"27,388",84.47
TUBEINVEST,EQ,2014-07-09,280.2,281.05,282.75,272.0,277.1,278.65,278.55,"11,782","32,81,895.00",727,"7,730",65.61
TUBEINVEST,EQ,2014-07-10,278.65,278.0,298.9,273.3,293.95,291.3,289.41,"61,482","1,77,93,556.10","2,246","34,185",55.6
TUBEINVEST,EQ,2014-07-11,291.3,291.5,294.0,280.0,282.1,284.35,283.49,"1,64,945","4,67,59,955.30","1,739","1,50,842",91.45
TUBEINVEST,EQ,2014-07-14,284.35,282.0,282.0,275.6,279.75,277.95,279.96,"5,36,702","15,02,57,348.45",501,"5,33,278",99.36
TUBEINVEST,EQ,2014-07-15,277.95,276.05,284.0,275.15,283.9,282.6,281.69,"28,030","78,95,715.45","2,334","21,547",76.87
TUBEINVEST,EQ,2014-07-16,282.6,280.0,285.75,279.8,284.35,284.3,280.36,"1,78,345","5,00,01,101.75",895,"1,71,252",96.02
TUBEINVEST,EQ,2014-07-17,284.3,289.0,289.6,283.5,285.0,284.9,285.48,"8,703","24,84,490.15",358,"5,649",64.91
TUBEINVEST,EQ,2014-07-18,284.9,285.05,286.0,279.05,284.0,284.0,283.51,"8,619","24,43,553.15",300,"6,345",73.62
TUBEINVEST,EQ,2014-07-21,284.0,290.0,298.0,285.0,293.0,292.45,293.57,"44,086","1,29,42,338.60","1,438","17,968",40.76
TUBEINVEST,EQ,2014-07-22,292.45,294.5,304.4,292.65,300.0,297.45,300.24,"38,165","1,14,58,675.05","1,210","17,998",47.16
TUBEINVEST,EQ,2014-07-23,297.45,299.0,303.55,292.65,295.0,294.1,297.69,"14,170","42,18,212.15",444,"9,780",69.02
TUBEINVEST,EQ,2014-07-24,294.1,293.0,299.0,290.1,296.0,295.3,294.63,"16,024","47,21,108.25",611,"8,361",52.18
TUBEINVEST,EQ,2014-07-25,295.3,293.0,302.85,290.1,297.0,297.5,294.86,"17,514","51,64,200.65",826,"13,573",77.5
TUBEINVEST,EQ,2014-07-28,297.5,301.0,305.9,300.55,301.8,302.45,303.27,"54,585","1,65,54,151.45","2,979","27,101",49.65
TUBEINVEST,EQ,2014-07-30,302.45,302.45,302.5,293.0,300.0,298.1,297.04,"28,403","84,36,833.75","3,360","18,779",66.12
TUBEINVEST,EQ,2014-07-31,298.1,295.1,300.0,292.15,296.0,296.15,295.6,"37,986","1,12,28,706.80","4,287","27,316",71.91
TUBEINVEST,EQ,2014-08-01,296.15,296.25,296.95,282.25,290.0,289.2,290.31,"17,906","51,98,297.05",960,"11,558",64.55
TUBEINVEST,EQ,2014-08-04,289.2,286.35,291.95,285.15,290.0,289.4,289.59,"10,603","30,70,509.10",606,"6,398",60.34
TUBEINVEST,EQ,2014-08-05,289.4,288.0,293.0,284.0,288.1,289.6,289.32,"14,954","43,26,553.55","1,364","10,475",70.05
TUBEINVEST,EQ,2014-08-06,289.6,290.0,293.0,272.75,273.05,277.0,289.43,"9,07,437","26,26,39,284.00","3,032","8,73,709",96.28
TUBEINVEST,EQ,2014-08-07,277.0,282.0,288.8,265.05,272.0,272.45,275.58,"86,477","2,38,30,930.80","3,483","34,521",39.92
TUBEINVEST,EQ,2014-08-08,272.45,272.0,272.0,265.05,268.0,269.85,269.12,"57,395","1,54,45,872.10","1,225","46,046",80.23
TUBEINVEST,EQ,2014-08-11,269.85,270.3,277.0,270.3,271.0,272.2,272.68,"26,213","71,47,877.90",567,"21,032",80.24
TUBEINVEST,EQ,2014-08-12,272.2,268.4,272.0,265.25,267.9,267.45,268.16,"16,831","45,13,383.40",994,"10,524",62.53
TUBEINVEST,EQ,2014-08-13,267.45,265.0,272.35,260.7,270.15,270.8,268.55,"41,427","1,11,25,068.25","2,272","29,634",71.53
TUBEINVEST,EQ,2014-08-14,270.8,270.0,272.0,265.65,268.5,268.65,267.92,"32,029","85,81,152.80",705,"29,109",90.88
TUBEINVEST,EQ,2014-08-18,268.65,261.95,272.0,261.95,266.9,266.0,268.02,"96,256","2,57,98,866.20","1,788","88,642",92.09
TUBEINVEST,EQ,2014-08-19,266.0,264.1,267.95,261.3,263.3,264.4,264.49,"68,489","1,81,14,503.05","2,174","55,226",80.63
TUBEINVEST,EQ,2014-08-20,264.4,262.0,265.95,262.0,264.1,264.15,264.3,"33,623","88,86,485.25","1,359","22,946",68.24
TUBEINVEST,EQ,2014-08-21,264.15,262.0,276.0,262.0,268.8,269.85,270.97,"1,12,724","3,05,44,591.55","4,599","77,352",68.62
TUBEINVEST,EQ,2014-08-22,269.85,267.5,272.0,266.5,268.9,267.95,268.53,"1,44,472","3,87,95,042.75","1,371","1,32,875",91.97
TUBEINVEST,EQ,2014-08-25,267.95,268.0,275.7,268.0,275.65,273.3,271.93,"60,610","1,64,81,778.60","2,403","42,827",70.66
TUBEINVEST,EQ,2014-08-26,273.3,271.0,291.5,271.0,283.0,282.45,282.38,"1,91,567","5,40,94,581.95","8,860","1,06,074",55.37
TUBEINVEST,EQ,2014-08-27,282.45,284.1,291.5,284.1,288.6,288.85,288.5,"1,32,558","3,82,42,533.25","8,167","74,668",56.33
TUBEINVEST,EQ,2014-08-28,288.85,287.0,288.8,275.25,285.0,279.6,280.76,"43,795","1,22,95,787.10","1,525","33,835",77.26
TUBEINVEST,EQ,2014-09-01,279.6,284.0,289.9,278.5,282.0,283.45,285.29,"19,807","56,50,679.15",920,"12,328",62.24
TUBEINVEST,EQ,2014-09-02,283.45,283.1,289.25,281.0,282.8,282.15,284.87,"39,273","1,11,87,817.05","1,403","26,283",66.92
TUBEINVEST,EQ,2014-09-03,282.15,284.9,320.0,283.05,310.5,315.1,307.66,"3,95,972","12,18,24,045.60","9,296","1,53,052",38.65
TUBEINVEST,EQ,2014-09-04,315.1,317.7,323.75,304.3,313.05,313.7,315.91,"3,52,516","11,13,63,021.15","8,543","1,58,101",44.85
TUBEINVEST,EQ,2014-09-05,313.7,316.4,322.0,310.0,317.4,317.35,316.72,"84,403","2,67,31,974.65","2,784","58,591",69.42
TUBEINVEST,EQ,2014-09-08,317.35,318.0,328.0,307.0,327.0,325.7,320.03,"1,46,984","4,70,39,778.10","2,830","99,181",67.48
TUBEINVEST,EQ,2014-09-09,325.7,328.0,334.4,325.15,326.9,327.35,328.86,"79,638","2,61,89,578.90","1,488","51,501",64.67
TUBEINVEST,EQ,2014-09-10,327.35,325.0,357.45,324.0,340.0,338.05,328.79,"9,61,766","31,62,23,041.10","7,215","8,15,845",84.83
TUBEINVEST,EQ,2014-09-11,338.05,341.4,351.4,330.6,349.0,346.85,344.56,"2,41,322","8,31,50,348.00","9,169","1,69,858",70.39
TUBEINVEST,EQ,2014-09-12,346.85,349.95,354.8,331.1,353.05,349.5,347.86,"1,62,298","5,64,56,617.60","7,032","1,03,185",63.58
TUBEINVEST,EQ,2014-09-15,349.5,346.0,355.0,333.0,348.0,348.6,345.58,"1,30,823","4,52,09,251.65","5,397","56,886",43.48
TUBEINVEST,EQ,2014-09-16,348.6,345.1,352.9,328.05,328.5,331.15,342.79,"74,744","2,56,21,478.85","3,471","49,393",66.08
TUBEINVEST,EQ,2014-09-17,331.15,333.5,339.4,316.15,320.1,320.35,322.5,"52,832","1,70,38,550.10","2,506","32,944",62.36
TUBEINVEST,EQ,2014-09-18,320.35,319.5,333.0,316.85,321.5,324.55,325.45,"8,33,050","27,11,16,029.95","4,754","7,85,990",94.35
TUBEINVEST,EQ,2014-09-19,324.55,326.45,329.6,311.0,316.0,316.5,319.69,"1,36,779","4,37,27,087.30","8,705","1,15,834",84.69
TUBEINVEST,EQ,2014-09-22,316.5,315.05,327.0,312.0,323.25,324.95,321.9,"51,013","1,64,21,163.05","1,861","27,478",53.86
TUBEINVEST,EQ,2014-09-23,324.95,323.8,325.2,315.0,319.0,316.6,319.1,"28,989","92,50,532.85","1,076","22,745",78.46
TUBEINVEST,EQ,2014-09-24,316.6,315.15,323.6,312.1,316.5,316.85,316.49,"21,142","66,91,304.45",856,"12,564",59.43
TUBEINVEST,EQ,2014-09-25,316.85,316.85,320.1,301.0,302.0,304.3,309.92,"40,321","1,24,96,377.75","1,339","26,463",65.63
TUBEINVEST,EQ,2014-09-26,304.3,300.0,310.95,295.25,307.5,307.8,304.31,"53,823","1,63,78,857.70","1,489","39,835",74.01
TUBEINVEST,EQ,2014-09-29,307.8,304.3,316.9,299.0,310.0,310.25,309.5,"93,615","2,89,74,065.95","4,291","65,480",69.95
TUBEINVEST,EQ,2014-09-30,310.25,308.0,338.9,305.0,324.05,325.0,327.23,"1,86,495","6,10,25,909.15","5,596","86,904",46.6
TUBEINVEST,EQ,2014-10-01,325.0,324.05,335.0,324.05,325.3,327.35,329.94,"87,742","2,89,49,478.40","1,932","59,470",67.78
TUBEINVEST,EQ,2014-10-07,327.35,325.3,332.9,315.15,318.5,316.95,322.78,"35,323","1,14,01,519.65","1,385","23,029",65.2
TUBEINVEST,EQ,2014-10-08,316.95,319.0,325.0,309.5,319.1,320.9,317.21,"55,047","1,74,61,570.95","1,849","29,510",53.61
TUBEINVEST,EQ,2014-10-09,320.9,327.0,327.8,318.0,318.2,320.25,321.08,"1,02,264","3,28,34,561.05","1,219","85,456",83.56
TUBEINVEST,EQ,2014-10-10,320.25,314.0,321.0,314.0,314.15,315.5,316.35,"28,561","90,35,274.95",719,"17,309",60.6
TUBEINVEST,EQ,2014-10-13,315.5,313.0,321.3,312.0,317.0,316.25,317.4,"17,947","56,96,384.45",680,"10,456",58.26
TUBEINVEST,EQ,2014-10-14,316.25,316.0,320.75,311.0,316.3,315.1,315.02,"30,471","95,99,053.15",581,"23,032",75.59
TUBEINVEST,EQ,2014-10-16,315.1,312.55,321.05,307.0,308.0,310.1,316.74,"81,452","2,57,99,244.75","1,224","51,865",63.68
TUBEINVEST,EQ,2014-10-17,310.1,310.1,315.0,306.0,308.0,307.6,310.31,"31,568","97,95,984.85",676,"22,866",72.43
TUBEINVEST,EQ,2014-10-20,307.6,318.85,320.8,310.95,319.0,317.0,316.43,"53,771","1,70,14,716.25","1,389","26,252",48.82
TUBEINVEST,EQ,2014-10-21,317.0,314.0,333.0,314.0,328.5,328.5,325.89,"81,303","2,64,95,953.85","1,871","52,293",64.32
TUBEINVEST,EQ,2014-10-22,328.5,333.9,348.8,332.0,345.7,345.25,343.4,"2,24,525","7,71,02,810.85","3,991","1,06,382",47.38
TUBEINVEST,EQ,2014-10-23,345.25,348.15,358.4,346.2,354.3,355.6,353.2,"87,339","3,08,48,242.40","1,576","54,363",62.24
TUBEINVEST,EQ,2014-10-27,355.6,355.1,364.7,352.0,356.15,356.1,355.56,"5,49,775","19,54,77,805.45","2,310","4,94,384",89.92
TUBEINVEST,EQ,2014-10-28,356.1,358.0,360.5,353.0,355.0,354.65,356.57,"38,277","1,36,48,603.45",894,"23,780",62.13
TUBEINVEST,EQ,2014-10-29,354.65,353.05,358.9,346.6,348.65,348.45,350.88,"2,00,753","7,04,39,579.50","1,153","1,89,082",94.19
TUBEINVEST,EQ,2014-10-30,348.45,348.1,354.05,346.5,346.5,347.1,350.25,"33,492","1,17,30,610.60",856,"22,096",65.97
TUBEINVEST,EQ,2014-10-31,347.1,350.9,354.75,347.1,349.0,350.15,351.43,"48,376","1,70,00,798.75","1,404","37,352",77.21
TUBEINVEST,EQ,2014-11-03,350.15,354.8,356.7,344.0,345.05,345.15,349.73,"1,05,859","3,70,21,939.60","2,521","81,436",76.93
TUBEINVEST,EQ,2014-11-05,345.15,353.0,353.8,338.0,339.0,339.5,343.97,"1,96,162","6,74,72,901.00","2,973","1,62,097",82.63
TUBEINVEST,EQ,2014-11-07,339.5,341.3,352.85,338.0,343.0,342.9,344.7,"90,545","3,12,11,109.75","1,629","56,344",62.23
TUBEINVEST,EQ,2014-11-10,342.9,345.0,357.9,344.9,352.2,352.5,352.71,"1,47,995","5,21,98,606.70","2,228","1,12,285",75.87
TUBEINVEST,EQ,2014-11-11,352.5,350.35,357.05,347.0,347.8,350.15,352.81,"74,227","2,61,87,952.60","1,324","51,903",69.92
TUBEINVEST,EQ,2014-11-12,350.15,348.0,352.0,343.1,345.0,345.1,349.43,"95,779","3,34,68,166.10","1,379","77,619",81.04
TUBEINVEST,EQ,2014-11-13,345.1,348.0,351.5,342.1,343.1,343.8,348.58,"94,031","3,27,76,856.45",880,"78,555",83.54
TUBEINVEST,EQ,2014-11-14,343.8,343.0,350.0,338.4,339.0,340.25,344.86,"49,969","1,72,32,111.15",812,"35,534",71.11
TUBEINVEST,EQ,2014-11-17,340.25,336.85,345.9,336.8,340.0,338.8,339.73,"66,536","2,26,04,259.70",702,"55,865",83.96
TUBEINVEST,EQ,2014-11-18,338.8,335.4,351.35,335.35,340.5,343.0,346.01,"1,39,391","4,82,30,825.60","1,399","1,12,252",80.53
TUBEINVEST,EQ,2014-11-19,343.0,339.6,346.9,330.55,333.0,334.85,339.65,"1,03,201","3,50,51,809.70","1,960","67,172",65.09
TUBEINVEST,EQ,2014-11-20,334.85,331.6,335.9,327.05,331.0,330.9,331.72,"51,067","1,69,40,030.90","1,033","28,366",55.55
TUBEINVEST,EQ,2014-11-21,330.9,330.0,342.0,330.0,336.05,334.95,335.42,"2,41,361","8,09,57,794.00","1,557","1,96,802",81.54
TUBEINVEST,EQ,2014-11-24,334.95,338.45,340.7,336.2,337.5,337.6,337.53,"1,44,697","4,88,39,916.55","1,053","1,32,104",91.3
TUBEINVEST,EQ,2014-11-25,337.6,338.85,339.0,327.0,336.0,337.25,334.72,"1,53,418","5,13,51,608.60","2,507","1,19,989",78.21
TUBEINVEST,EQ,2014-11-26,337.25,333.9,339.35,331.0,333.15,335.2,337.02,"33,049","1,11,38,178.35","1,007","20,289",61.39
TUBEINVEST,EQ,2014-11-27,335.2,332.55,336.0,331.0,333.0,332.35,333.01,"13,599","45,28,641.25",409,"8,612",63.33
TUBEINVEST,EQ,2014-11-28,332.35,331.85,340.95,330.0,330.15,331.05,335.27,"46,590","1,56,20,261.90",975,"28,334",60.82
TUBEINVEST,EQ,2014-12-01,331.05,331.1,335.95,327.0,327.0,329.05,330.89,"17,384","57,52,198.75",495,"10,966",63.08
TUBEINVEST,EQ,2014-12-02,329.05,328.0,339.0,328.0,338.9,337.45,335.66,"30,463","1,02,25,257.75",957,"17,385",57.07
TUBEINVEST,EQ,2014-12-03,337.45,339.0,339.0,333.0,335.85,335.75,337.36,"38,238","1,29,00,039.50",881,"26,137",68.35
TUBEINVEST,EQ,2014-12-04,335.75,339.0,339.9,333.0,338.0,337.4,337.93,"29,153","98,51,790.15",558,"21,785",74.73
TUBEINVEST,EQ,2014-12-05,337.4,339.95,340.9,332.0,336.0,336.05,337.11,"39,317","1,32,53,966.90",770,"30,036",76.39
TUBEINVEST,EQ,2014-12-08,336.05,339.0,339.0,331.05,332.0,332.3,334.87,"28,509","95,46,899.15",597,"21,513",75.46
TUBEINVEST,EQ,2014-12-09,332.3,332.55,345.0,330.0,342.0,340.4,339.0,"1,70,525","5,78,07,335.40","2,916","1,37,382",80.56
TUBEINVEST,EQ,2014-12-10,340.4,344.0,356.4,343.1,350.25,349.55,350.53,"8,23,884","28,87,93,253.35","8,054","6,57,859",79.85
TUBEINVEST,EQ,2014-12-11,349.55,351.2,351.35,342.0,343.0,345.0,348.85,"1,76,311","6,15,05,584.30","1,417","1,50,041",85.1
TUBEINVEST,EQ,2014-12-12,345.0,345.0,351.0,330.0,338.0,333.5,339.94,"70,828","2,40,77,263.50","1,656","38,974",55.03
TUBEINVEST,EQ,2014-12-15,333.5,334.9,339.0,327.35,333.8,331.75,332.27,"41,693","1,38,53,516.30",922,"26,302",63.08
TUBEINVEST,EQ,2014-12-16,331.75,330.0,332.5,320.1,326.0,325.95,326.21,"70,468","2,29,87,707.40","3,458","48,835",69.3
TUBEINVEST,EQ,2014-12-17,325.95,329.85,329.85,314.8,318.5,321.2,320.92,"85,577","2,74,63,623.40","1,746","66,331",77.51
TUBEINVEST,EQ,2014-12-18,321.2,321.2,328.15,316.15,319.0,320.15,326.05,"1,40,846","4,59,22,993.20","1,117","1,25,879",89.37
TUBEINVEST,EQ,2014-12-19,320.15,321.9,350.0,321.9,344.0,346.65,336.8,"1,66,897","5,62,11,436.65","2,407","72,875",43.66
TUBEINVEST,EQ,2014-12-22,346.65,349.0,349.0,337.5,342.15,343.45,342.57,"45,732","1,56,66,184.10","1,360","23,059",50.42
TUBEINVEST,EQ,2014-12-23,343.45,340.4,350.0,337.1,339.0,339.7,343.34,"63,304","2,17,34,774.85","1,609","44,891",70.91
TUBEINVEST,EQ,2014-12-24,339.7,341.05,350.0,332.05,349.5,349.55,347.4,"1,74,082","6,04,75,960.05","1,645","1,41,523",81.3
TUBEINVEST,EQ,2014-12-26,349.55,351.95,353.0,342.0,343.25,344.3,345.54,"34,576","1,19,47,307.45",835,"22,725",65.72
TUBEINVEST,EQ,2014-12-29,344.3,347.0,364.45,347.0,359.5,360.8,356.21,"2,81,126","10,01,38,803.70","5,276","1,33,194",47.38
TUBEINVEST,EQ,2014-12-30,360.8,363.7,378.0,356.6,362.0,361.15,365.64,"3,29,304","12,04,07,679.65","2,838","2,69,407",81.81
TUBEINVEST,EQ,2014-12-31,361.15,363.9,366.0,355.0,355.0,356.3,359.24,"39,279","1,41,10,757.40","1,520","24,639",62.73
TUBEINVEST,EQ,2015-01-01,356.3,359.0,365.0,346.1,352.9,351.5,358.75,"61,208","2,19,58,567.40","1,514","20,229",33.05
TUBEINVEST,EQ,2015-01-02,351.5,351.5,358.7,343.05,346.0,345.3,349.13,"63,798","2,22,73,727.95","3,733","43,010",67.42
TUBEINVEST,EQ,2015-01-05,345.3,348.0,353.7,347.0,350.0,350.7,350.09,"54,156","1,89,59,479.25","1,695","32,542",60.09
TUBEINVEST,EQ,2015-01-06,350.7,349.7,350.0,343.0,345.0,344.9,346.25,"32,681","1,13,15,655.95","1,137","17,556",53.72
TUBEINVEST,EQ,2015-01-07,344.9,343.25,346.15,338.0,343.8,341.85,341.2,"19,561","66,74,305.30",740,"10,105",51.66
TUBEINVEST,EQ,2015-01-08,341.85,342.05,345.0,341.6,342.5,342.65,343.56,"13,938","47,88,565.15",414,"8,620",61.85
TUBEINVEST,EQ,2015-01-09,342.65,342.8,359.0,342.5,348.15,349.75,351.43,"79,970","2,81,03,740.90","1,749","38,685",48.37
TUBEINVEST,EQ,2015-01-12,349.75,348.4,352.95,342.6,344.0,344.25,348.21,"24,435","85,08,454.50",764,"15,130",61.92
TUBEINVEST,EQ,2015-01-13,344.25,344.25,351.0,340.0,341.5,341.55,344.76,"26,030","89,73,994.00","1,333","15,511",59.59
TUBEINVEST,EQ,2015-01-14,341.55,341.55,346.6,338.0,342.0,340.1,342.18,"29,376","1,00,52,004.20",849,"17,750",60.42
TUBEINVEST,EQ,2015-01-15,340.1,341.05,348.0,339.3,340.75,341.0,341.67,"1,23,770","4,22,88,417.95","1,946","1,06,663",86.18
TUBEINVEST,EQ,2015-01-16,341.0,341.5,356.7,341.3,356.0,353.7,346.59,"3,82,222","13,24,76,076.75","2,460","3,46,713",90.71
TUBEINVEST,EQ,2015-01-19,353.7,360.0,367.0,348.5,349.5,349.8,358.31,"1,21,965","4,37,01,857.65","3,834","58,082",47.62
TUBEINVEST,EQ,2015-01-20,349.8,352.7,366.7,350.05,355.0,354.95,358.09,"1,19,993","4,29,67,878.00","2,352","90,774",75.65
TUBEINVEST,EQ,2015-01-21,354.95,355.95,365.0,348.2,352.05,351.45,355.91,"92,809","3,30,31,558.40","1,609","57,673",62.14
TUBEINVEST,EQ,2015-01-22,351.45,354.95,355.0,348.1,350.0,349.7,350.12,"32,871","1,15,08,758.75",833,"27,475",83.58
TUBEINVEST,EQ,2015-01-23,349.7,349.7,355.0,343.0,347.95,347.95,348.28,"51,169","1,78,20,905.35","1,264","37,101",72.51
TUBEINVEST,EQ,2015-01-27,347.95,351.0,363.95,349.1,355.5,355.8,357.73,"1,39,013","4,97,28,465.75","2,130","1,08,595",78.12
TUBEINVEST,EQ,2015-01-28,355.8,353.0,389.0,353.0,370.0,370.1,375.54,"3,46,900","13,02,74,608.10","8,497","1,41,059",40.66
TUBEINVEST,EQ,2015-01-29,370.1,369.8,376.0,361.3,370.25,369.65,367.22,"1,48,074","5,43,75,201.65","2,527","1,02,587",69.28
TUBEINVEST,EQ,2015-01-30,369.65,373.7,383.25,366.0,368.3,368.55,373.49,"90,106","3,36,53,643.20","2,935","52,016",57.73
TUBEINVEST,EQ,2015-02-02,368.55,368.0,375.0,363.25,365.0,368.55,370.08,"57,217","2,11,74,933.25","1,236","46,910",81.99
TUBEINVEST,EQ,2015-02-03,368.55,368.0,373.0,359.6,362.0,361.8,364.62,"63,004","2,29,72,247.10","1,776","43,502",69.05
TUBEINVEST,EQ,2015-02-04,361.8,365.2,374.4,361.45,363.05,364.6,368.13,"1,10,952","4,08,44,996.05","2,064","75,746",68.27
TUBEINVEST,EQ,2015-02-05,364.6,361.05,364.4,348.15,349.0,352.3,357.98,"52,282","1,87,15,766.30","1,292","33,103",63.32
TUBEINVEST,EQ,2015-02-06,352.3,351.05,358.5,345.0,347.0,347.25,348.97,"64,952","2,26,66,289.00","1,754","49,621",76.4
TUBEINVEST,EQ,2015-02-09,347.25,340.05,353.95,340.05,344.9,346.85,348.73,"46,091","1,60,73,145.00","1,933","34,693",75.27
TUBEINVEST,EQ,2015-02-10,346.85,343.0,351.0,343.0,347.0,347.6,348.1,"57,524","2,00,23,860.40","1,412","40,543",70.48
TUBEINVEST,EQ,2015-02-11,347.6,347.5,355.0,347.5,350.15,351.3,352.49,"28,601","1,00,81,664.50",762,"20,354",71.17
TUBEINVEST,EQ,2015-02-12,351.3,354.9,356.5,353.0,354.6,354.15,354.86,"12,692","45,03,848.20",740,"8,826",69.54
TUBEINVEST,EQ,2015-02-13,354.15,354.0,369.0,354.0,365.0,363.65,361.8,"42,237","1,52,81,461.60","1,386","24,744",58.58
TUBEINVEST,EQ,2015-02-16,363.65,365.0,370.9,360.85,366.5,366.55,366.56,"39,353","1,44,25,287.45","1,990","19,999",50.82
TUBEINVEST,EQ,2015-02-18,366.55,364.0,373.9,364.0,366.8,366.6,369.91,"84,617","3,13,00,852.60","1,869","61,040",72.14
TUBEINVEST,EQ,2015-02-19,366.6,369.95,371.0,363.0,363.0,364.9,367.82,"45,887","1,68,78,315.35",758,"34,001",74.1
TUBEINVEST,EQ,2015-02-20,364.9,366.85,366.85,360.0,360.2,361.65,363.21,"16,735","60,78,295.50","1,031","11,736",70.13
TUBEINVEST,EQ,2015-02-23,361.65,359.0,362.75,347.3,350.0,349.7,354.14,"25,110","88,92,570.60","1,008","19,230",76.58
TUBEINVEST,EQ,2015-02-24,349.7,352.0,359.25,348.95,358.0,356.85,354.49,"39,076","1,38,52,221.85","2,100","27,506",70.39
TUBEINVEST,EQ,2015-02-25,356.85,362.0,367.0,343.0,354.7,351.25,354.99,"80,771","2,86,72,599.30","2,213","35,799",44.32
TUBEINVEST,EQ,2015-02-26,351.25,354.95,354.95,350.0,350.1,350.8,351.57,"30,583","1,07,51,928.90",640,"25,657",83.89
TUBEINVEST,EQ,2015-02-27,350.8,347.6,358.45,347.0,356.0,354.2,352.97,"45,348","1,60,06,293.70","1,677","31,616",69.72
TUBEINVEST,EQ,2015-02-28,354.2,357.75,359.0,350.5,351.0,351.35,353.35,"26,857","94,89,987.10",982,"16,468",61.32
TUBEINVEST,EQ,2015-03-02,351.35,352.05,376.8,351.0,368.0,368.05,366.78,"2,47,837","9,09,00,835.70","4,336","1,69,990",68.59
TUBEINVEST,EQ,2015-03-03,368.05,365.5,387.05,364.05,380.05,380.75,378.83,"2,29,275","8,68,57,054.50","4,313","1,48,711",64.86
TUBEINVEST,EQ,2015-03-04,380.75,384.6,389.7,372.05,375.95,375.5,381.97,"1,45,470","5,55,65,163.00","4,458","95,538",65.68
TUBEINVEST,EQ,2015-03-05,375.5,377.9,378.55,371.0,372.4,373.25,373.89,"64,425","2,40,88,007.90",980,"53,158",82.51
TUBEINVEST,EQ,2015-03-09,373.25,373.3,385.0,369.0,381.15,380.65,377.82,"86,770","3,27,83,014.25","2,262","66,481",76.62
TUBEINVEST,EQ,2015-03-10,380.65,386.8,395.0,381.1,389.35,389.3,389.05,"1,30,350","5,07,12,812.60","2,904","86,118",66.07
TUBEINVEST,EQ,2015-03-11,389.3,389.2,393.65,379.5,380.85,382.8,384.92,"47,099","1,81,29,287.15","1,605","22,472",47.71
TUBEINVEST,EQ,2015-03-12,382.8,382.35,393.05,382.35,383.3,387.8,388.74,"1,57,991","6,14,17,811.85","5,311","1,16,928",74.01
TUBEINVEST,EQ,2015-03-13,387.8,396.5,404.4,381.25,383.5,384.2,394.26,"2,33,311","9,19,85,393.10","3,827","1,57,487",67.5
TUBEINVEST,EQ,2015-03-16,384.2,384.1,390.0,371.0,381.0,382.25,381.49,"87,124","3,32,36,670.70","1,594","60,753",69.73
TUBEINVEST,EQ,2015-03-17,382.25,382.3,387.0,375.0,379.0,378.45,380.89,"1,09,452","4,16,89,461.80","1,379","87,049",79.53
TUBEINVEST,EQ,2015-03-18,378.45,387.0,392.5,382.0,384.0,385.0,387.25,"83,227","3,22,29,654.60","1,805","44,851",53.89
TUBEINVEST,EQ,2015-03-19,385.0,387.0,391.0,378.0,380.05,379.7,385.43,"39,063","1,50,56,026.30",674,"25,949",66.43
TUBEINVEST,EQ,2015-03-20,379.7,381.0,381.0,361.1,363.0,365.25,370.39,"64,725","2,39,73,761.45","1,942","47,684",73.67
TUBEINVEST,EQ,2015-03-23,365.25,367.0,376.0,365.05,373.0,371.2,371.55,"66,317","2,46,40,023.10","1,441","56,794",85.64
TUBEINVEST,EQ,2015-03-24,371.2,371.0,382.4,368.0,371.0,373.75,375.85,"37,696","1,41,68,182.70","1,385","23,568",62.52
TUBEINVEST,EQ,2015-03-25,373.75,372.0,377.85,354.0,358.95,360.25,366.78,"50,781","1,86,25,515.20","1,443","35,548",70.0
TUBEINVEST,EQ,2015-03-26,360.25,358.95,363.0,354.9,360.15,360.0,359.16,"81,256","2,91,83,684.80","1,022","70,409",86.65
TUBEINVEST,EQ,2015-03-27,360.0,360.05,368.0,355.1,365.0,365.1,359.64,"48,716","1,75,20,143.00","1,451","36,227",74.36
TUBEINVEST,EQ,2015-03-30,365.1,364.0,371.0,359.2,364.5,365.3,365.9,"45,108","1,65,04,855.25","1,528","30,628",67.9
TUBEINVEST,EQ,2015-03-31,365.3,366.95,375.0,362.05,368.0,365.3,369.17,"45,681","1,68,64,017.05","2,086","31,655",69.3
TUBEINVEST,EQ,2015-04-01,365.3,367.0,380.0,364.0,374.0,374.45,375.72,"1,29,591","4,86,90,137.95","3,804","1,06,254",81.99
TUBEINVEST,EQ,2015-04-06,374.45,374.85,381.85,365.3,367.75,367.9,372.57,"1,15,826","4,31,52,713.85","1,062","1,01,505",87.64
TUBEINVEST,EQ,2015-04-07,367.9,370.5,371.0,363.0,364.95,364.95,366.89,"54,114","1,98,53,813.35",769,"41,287",76.3
TUBEINVEST,EQ,2015-04-08,364.95,374.95,377.9,361.6,367.9,367.8,371.2,"47,581","1,76,61,880.55","1,381","36,567",76.85
TUBEINVEST,EQ,2015-04-09,367.8,370.8,373.5,367.0,368.8,367.9,370.16,"29,178","1,08,00,449.95","1,091","19,084",65.41
TUBEINVEST,EQ,2015-04-10,367.9,370.9,371.0,360.0,367.0,367.55,368.84,"97,270","3,58,77,078.85","2,036","88,913",91.41
TUBEINVEST,EQ,2015-04-13,367.55,367.25,375.0,367.0,371.7,372.3,372.04,"58,523","2,17,72,681.65","1,063","43,492",74.32
TUBEINVEST,EQ,2015-04-15,372.3,375.0,394.0,371.0,384.2,385.75,386.21,"2,20,939","8,53,29,002.40","3,681","1,43,934",65.15
TUBEINVEST,EQ,2015-04-16,385.75,387.5,392.0,379.0,380.15,383.95,384.67,"77,507","2,98,14,354.20","1,653","39,639",51.14
TUBEINVEST,EQ,2015-04-17,383.95,385.0,390.0,375.0,377.0,379.4,385.3,"67,037","2,58,29,549.10","1,583","48,700",72.65
TUBEINVEST,EQ,2015-04-20,379.4,375.55,383.4,368.0,379.0,376.65,375.63,"35,115","1,31,90,376.60","1,359","24,396",69.47
TUBEINVEST,EQ,2015-04-21,376.65,371.5,378.0,369.0,371.15,371.15,373.41,"67,677","2,52,71,355.50","1,260","58,883",87.01
TUBEINVEST,EQ,2015-04-22,371.15,369.25,378.6,363.0,370.0,372.05,371.42,"88,817","3,29,88,794.95","2,087","61,915",69.71
TUBEINVEST,EQ,2015-04-23,372.05,373.1,376.0,371.2,371.2,373.1,373.22,"19,414","72,45,604.05",845,"12,350",63.61
TUBEINVEST,EQ,2015-04-24,373.1,374.45,374.45,364.2,365.0,366.55,367.56,"28,058","1,03,12,983.75","1,897","18,060",64.37
TUBEINVEST,EQ,2015-04-27,366.55,367.95,374.0,355.5,367.0,363.5,363.74,"72,824","2,64,88,760.35","3,050","50,392",69.2
TUBEINVEST,EQ,2015-04-28,363.5,373.5,373.5,351.25,365.0,364.5,362.82,"56,066","2,03,42,053.25","1,048","43,123",76.91
TUBEINVEST,EQ,2015-04-29,364.5,362.1,369.0,359.0,365.55,366.05,364.52,"38,318","1,39,67,656.95","1,646","28,815",75.2
TUBEINVEST,EQ,2015-04-30,366.05,366.4,367.9,361.5,365.0,365.65,364.91,"34,854","1,27,18,646.55","3,063","28,424",81.55
TUBEINVEST,EQ,2015-05-04,365.65,363.3,372.0,363.25,370.45,370.4,368.58,"40,168","1,48,05,121.35","3,165","30,537",76.02
TUBEINVEST,EQ,2015-05-05,370.4,370.4,382.35,370.4,376.0,375.9,377.48,"35,557","1,34,22,111.00","1,812","19,071",53.64
TUBEINVEST,EQ,2015-05-06,375.9,405.0,410.0,378.8,381.0,381.7,395.43,"7,26,063","28,71,09,356.40","18,655","1,80,175",24.82
TUBEINVEST,EQ,2015-05-07,381.7,381.8,398.0,376.0,382.2,382.3,389.15,"3,35,156","13,04,24,729.95","11,425","1,52,438",45.48
TUBEINVEST,EQ,2015-05-08,382.3,386.85,397.85,383.0,384.55,385.45,388.86,"96,920","3,76,88,418.50","3,684","53,951",55.67
TUBEINVEST,EQ,2015-05-11,385.45,388.2,388.25,380.0,382.55,382.15,383.77,"82,915","3,18,19,901.00","1,911","70,297",84.78
TUBEINVEST,EQ,2015-05-12,382.15,382.1,383.4,375.4,377.0,376.85,378.71,"46,929","1,77,72,337.55","2,201","30,535",65.07
TUBEINVEST,EQ,2015-05-13,376.85,376.25,378.4,367.7,371.0,370.35,370.88,"89,009","3,30,11,433.65","2,705","64,150",72.07
TUBEINVEST,EQ,2015-05-14,370.35,370.6,373.6,365.1,367.75,368.3,368.97,"72,123","2,66,11,041.30","2,239","60,319",83.63
TUBEINVEST,EQ,2015-05-15,368.3,368.5,370.0,360.1,360.1,362.75,365.47,"36,306","1,32,68,855.00",879,"26,743",73.66
TUBEINVEST,EQ,2015-05-18,362.75,364.1,372.85,361.5,368.0,370.5,367.81,"45,806","1,68,47,856.45","2,294","26,748",58.39
TUBEINVEST,EQ,2015-05-19,370.5,368.0,377.7,368.0,368.05,369.1,372.28,"47,499","1,76,83,042.00","3,539","24,874",52.37
TUBEINVEST,EQ,2015-05-20,369.1,367.1,375.0,363.15,365.0,365.6,369.52,"27,867","1,02,97,485.65","1,195","18,837",67.6
TUBEINVEST,EQ,2015-05-21,365.6,368.0,371.0,367.0,370.0,369.55,369.55,"27,235","1,00,64,610.00","1,174","21,598",79.3
TUBEINVEST,EQ,2015-05-22,369.55,363.0,369.85,360.0,362.95,365.8,364.56,"88,641","3,23,14,532.00","3,047","61,220",69.07
TUBEINVEST,EQ,2015-05-25,365.8,360.35,363.8,354.9,358.0,358.4,359.12,"54,691","1,96,40,574.85","2,157","37,522",68.61
TUBEINVEST,EQ,2015-05-26,358.4,360.9,361.65,357.1,357.1,358.0,358.75,"23,668","84,90,840.40",750,"19,474",82.28
TUBEINVEST,EQ,2015-05-27,358.0,355.15,359.95,348.4,349.0,349.0,350.86,"45,250","1,58,76,419.75","1,229","33,587",74.23
TUBEINVEST,EQ,2015-05-28,349.0,353.95,354.0,339.15,343.0,342.95,345.33,"4,71,347","16,27,70,642.80","3,232","4,54,845",96.5
TUBEINVEST,EQ,2015-05-29,342.95,344.25,350.75,340.0,344.9,345.0,344.77,"1,63,417","5,63,41,615.30","3,110","1,50,687",92.21
TUBEINVEST,EQ,2015-06-01,345.0,347.0,347.0,339.2,340.0,342.95,342.87,"1,00,919","3,46,01,989.90","1,327","89,545",88.73
TUBEINVEST,EQ,2015-06-02,342.95,342.95,345.0,331.0,336.0,336.25,340.83,"1,11,484","3,79,96,713.40","1,886","90,560",81.23
TUBEINVEST,EQ,2015-06-03,336.25,338.95,351.0,321.9,332.15,333.4,338.91,"1,20,208","4,07,39,267.80","3,862","48,990",40.75
TUBEINVEST,EQ,2015-06-04,333.4,332.7,341.55,331.6,338.0,339.2,336.37,"41,555","1,39,77,873.20","1,695","17,341",41.73
TUBEINVEST,EQ,2015-06-05,339.2,335.05,349.0,335.05,341.7,341.9,344.12,"21,818","75,07,907.45",831,"10,507",48.16
TUBEINVEST,EQ,2015-06-08,341.9,343.5,346.35,330.0,334.0,332.15,336.42,"17,335","58,31,786.05","1,342","10,951",63.17
TUBEINVEST,EQ,2015-06-09,332.15,332.15,343.0,331.6,342.0,342.05,340.67,"25,354","86,37,384.30",886,"13,224",52.16
TUBEINVEST,EQ,2015-06-10,342.05,344.9,355.0,339.75,351.15,351.85,349.44,"29,806","1,04,15,264.20","1,044","18,050",60.56
TUBEINVEST,EQ,2015-06-11,351.85,352.55,355.0,343.0,343.0,344.0,346.13,"27,288","94,45,163.20",739,"19,420",71.17
TUBEINVEST,EQ,2015-06-12,344.0,346.95,351.05,342.45,347.0,348.35,348.34,"13,410","46,71,286.00",485,"9,769",72.85
TUBEINVEST,EQ,2015-06-15,348.35,348.4,350.0,339.0,339.35,340.8,344.13,"9,478","32,61,663.45",476,"5,931",62.58
TUBEINVEST,EQ,2015-06-16,340.8,343.0,343.0,335.7,340.0,340.15,339.35,"9,414","31,94,640.50",519,"4,606",48.93
TUBEINVEST,EQ,2015-06-17,340.15,340.05,346.0,340.05,344.0,344.0,343.91,"48,971","1,68,41,823.25",614,"44,373",90.61
TUBEINVEST,EQ,2015-06-18,344.0,343.7,348.65,342.25,342.5,344.0,345.41,"23,569","81,40,899.30",953,"15,120",64.15
TUBEINVEST,EQ,2015-06-19,344.0,342.85,351.0,342.85,346.0,348.8,346.69,"17,536","60,79,497.80",747,"8,924",50.89
TUBEINVEST,EQ,2015-06-22,348.8,350.0,360.0,346.0,355.5,355.05,355.72,"32,983","1,17,32,859.45","1,088","15,258",46.26
TUBEINVEST,EQ,2015-06-23,355.05,358.9,358.9,349.7,352.7,351.55,353.32,"17,684","62,48,111.70",814,"9,416",53.25
TUBEINVEST,EQ,2015-06-24,351.55,350.95,356.0,340.6,348.1,346.75,347.43,"38,081","1,32,30,440.85","1,383","24,946",65.51
TUBEINVEST,EQ,2015-06-25,346.75,350.95,351.0,339.0,343.9,341.7,340.99,"74,201","2,53,01,883.95","1,117","60,230",81.17
TUBEINVEST,EQ,2015-06-26,341.7,342.45,349.7,340.05,349.0,347.95,344.98,"13,940","48,09,046.65",871,"4,863",34.89
TUBEINVEST,EQ,2015-06-29,347.95,349.45,349.45,336.8,342.0,342.2,339.89,"34,947","1,18,78,066.30","1,399","25,040",71.65
TUBEINVEST,EQ,2015-06-30,342.2,344.0,349.95,342.05,347.75,345.85,345.11,"16,595","57,27,060.05",696,"7,465",44.98
TUBEINVEST,EQ,2015-07-01,345.85,345.9,353.0,345.8,353.0,351.75,351.09,"24,185","84,91,103.60",771,"17,589",72.73
TUBEINVEST,EQ,2015-07-02,351.75,355.0,368.7,350.5,368.65,365.85,359.17,"64,450","2,31,48,220.90","1,473","43,090",66.86
TUBEINVEST,EQ,2015-07-03,365.85,367.7,373.8,362.0,366.9,364.55,367.09,"37,641","1,38,17,752.40","1,384","22,148",58.84
TUBEINVEST,EQ,2015-07-06,364.55,361.0,368.65,356.0,361.5,361.35,362.02,"23,639","85,57,832.40",709,"16,358",69.2
TUBEINVEST,EQ,2015-07-07,361.35,358.0,370.0,356.0,361.0,362.35,364.0,"33,502","1,21,94,661.45",838,"21,696",64.76
TUBEINVEST,EQ,2015-07-08,362.35,355.3,362.85,355.0,356.15,358.0,358.08,"19,123","68,47,511.70","1,786","13,274",69.41
TUBEINVEST,EQ,2015-07-09,358.0,359.0,363.0,355.25,356.25,358.45,358.44,"15,505","55,57,559.95",742,"8,031",51.8
TUBEINVEST,EQ,2015-07-10,358.45,356.65,364.7,356.65,364.3,363.45,358.87,"49,518","1,77,70,723.65",551,"42,862",86.56
TUBEINVEST,EQ,2015-07-13,363.45,361.55,379.85,359.0,375.95,374.85,372.66,"43,913","1,63,64,417.95","1,227","30,550",69.57
TUBEINVEST,EQ,2015-07-14,374.85,379.95,397.7,375.0,392.0,392.4,388.74,"3,01,584","11,72,36,794.85","4,389","2,01,318",66.75
TUBEINVEST,EQ,2015-07-15,392.4,394.55,402.0,385.35,388.0,388.15,393.08,"1,27,304","5,00,40,118.65","2,432","1,04,333",81.96
TUBEINVEST,EQ,2015-07-16,388.15,390.0,395.0,382.0,386.7,386.1,387.32,"39,712","1,53,81,298.95","1,369","23,017",57.96
TUBEINVEST,EQ,2015-07-17,386.1,386.1,387.0,383.0,384.85,384.75,384.98,"48,943","1,88,42,310.85",696,"40,532",82.81
TUBEINVEST,EQ,2015-07-20,384.75,382.0,387.9,381.3,381.3,383.7,384.06,"28,258","1,08,52,681.30","1,588","14,976",53.0
TUBEINVEST,EQ,2015-07-21,383.7,389.8,389.8,371.0,372.7,374.4,379.5,"44,562","1,69,11,374.55",966,"32,652",73.27
TUBEINVEST,EQ,2015-07-22,374.4,378.95,379.0,369.1,372.5,371.05,373.03,"18,702","69,76,317.05",761,"9,943",53.17
TUBEINVEST,EQ,2015-07-23,371.05,374.9,382.2,372.4,375.35,376.0,378.24,"19,861","75,12,293.30",757,"10,100",50.85
TUBEINVEST,EQ,2015-07-24,376.0,375.4,378.95,373.85,377.65,377.6,377.04,"21,951","82,76,369.85",758,"15,465",70.45
TUBEINVEST,EQ,2015-07-27,377.6,375.85,377.95,371.0,377.9,376.75,375.33,"16,264","61,04,319.00",756,"12,932",79.51
TUBEINVEST,EQ,2015-07-28,376.75,374.75,382.0,374.35,377.0,377.0,377.65,"38,491","1,45,36,071.50","1,484","26,216",68.11
TUBEINVEST,EQ,2015-07-29,377.0,377.0,378.95,374.9,377.5,377.55,376.58,"14,880","56,03,511.15",357,"12,135",81.55
TUBEINVEST,EQ,2015-07-30,377.55,376.0,390.0,375.65,386.0,385.6,381.16,"1,01,976","3,88,68,671.30","1,694","68,454",67.13
TUBEINVEST,EQ,2015-07-31,385.6,384.0,399.8,382.95,396.0,395.85,390.34,"58,638","2,28,88,509.25","1,292","48,517",82.74
TUBEINVEST,EQ,2015-08-03,395.85,398.0,409.9,394.2,397.0,396.95,402.48,"1,39,622","5,61,95,184.65","3,534","90,740",64.99
TUBEINVEST,EQ,2015-08-04,396.95,400.0,407.0,394.85,403.1,404.15,401.25,"38,927","1,56,19,572.55","1,219","27,850",71.54
TUBEINVEST,EQ,2015-08-05,404.15,406.0,428.0,400.1,425.2,424.65,418.24,"2,00,823","8,39,93,168.85","5,231","1,10,434",54.99
TUBEINVEST,EQ,2015-08-06,424.65,427.0,431.0,418.4,422.75,423.05,426.03,"65,863","2,80,59,781.25","1,830","47,717",72.45
TUBEINVEST,EQ,2015-08-07,423.05,420.1,425.0,417.0,417.7,419.1,421.04,"35,348","1,48,83,060.70","1,186","24,004",67.91
TUBEINVEST,EQ,2015-08-10,419.1,423.3,439.0,405.05,410.95,409.7,424.38,"1,87,187","7,94,39,014.40","5,498","78,295",41.83
TUBEINVEST,EQ,2015-08-11,409.7,412.05,414.0,401.0,408.0,408.2,407.05,"61,794","2,51,53,023.35","1,725","50,189",81.22
TUBEINVEST,EQ,2015-08-12,408.2,410.7,410.7,398.0,399.0,399.6,402.95,"35,933","1,44,79,037.35","1,225","23,960",66.68
TUBEINVEST,EQ,2015-08-13,399.6,403.95,407.95,395.0,399.0,403.75,402.79,"31,930","1,28,61,010.00","1,739","24,448",76.57
TUBEINVEST,EQ,2015-08-14,403.75,400.05,405.0,395.0,397.0,396.5,398.14,"16,878","67,19,813.55",893,"9,078",53.79
TUBEINVEST,EQ,2015-08-17,396.5,395.1,412.0,395.1,405.0,406.05,405.77,"36,177","1,46,79,377.10","1,342","21,912",60.57
TUBEINVEST,EQ,2015-08-18,406.05,408.95,411.7,399.0,402.5,402.3,404.34,"9,676","39,12,365.25",393,"6,465",66.81
TUBEINVEST,EQ,2015-08-19,402.3,400.05,436.25,400.0,413.7,414.2,425.83,"2,70,604","11,52,31,336.20","8,630","76,171",28.15
TUBEINVEST,EQ,2015-08-20,414.2,410.0,412.0,400.15,404.1,404.2,404.66,"57,584","2,33,02,095.85","3,004","42,461",73.74
TUBEINVEST,EQ,2015-08-21,404.2,400.0,414.0,385.0,413.0,407.2,396.67,"50,363","1,99,77,734.60","2,359","34,922",69.34
TUBEINVEST,EQ,2015-08-24,407.2,403.9,403.9,375.0,380.8,382.9,386.54,"48,361","1,86,93,447.55","1,868","34,781",71.92
TUBEINVEST,EQ,2015-08-25,382.9,380.0,395.0,371.0,393.0,389.1,379.16,"59,140","2,24,23,361.40","4,794","46,057",77.88
TUBEINVEST,EQ,2015-08-26,389.1,384.5,395.0,380.1,382.0,381.9,384.73,"28,452","1,09,46,311.20","1,821","19,659",69.1
TUBEINVEST,EQ,2015-08-27,381.9,386.0,404.8,385.0,400.0,396.95,393.65,"43,837","1,72,56,461.20","1,587","19,538",44.57
TUBEINVEST,EQ,2015-08-28,396.95,415.0,418.8,397.0,401.0,402.95,408.15,"1,10,139","4,49,53,289.80","3,983","24,642",22.37
TUBEINVEST,EQ,2015-08-31,402.95,402.0,415.0,395.1,398.2,402.3,407.25,"81,506","3,31,93,122.20","3,207","29,433",36.11
TUBEINVEST,EQ,2015-09-01,402.3,404.0,408.8,391.0,406.0,404.1,396.92,"49,376","1,95,98,325.50","1,581","36,647",74.22
TUBEINVEST,EQ,2015-09-02,404.1,404.1,415.0,395.0,396.0,397.35,406.55,"66,844","2,71,75,317.75","2,492","38,500",57.6
TUBEINVEST,EQ,2015-09-03,397.35,402.0,406.9,398.1,403.0,403.4,402.73,"33,859","1,36,36,037.30",809,"23,687",69.96
TUBEINVEST,EQ,2015-09-04,403.4,401.7,401.7,388.0,389.0,389.85,392.67,"17,313","67,98,219.40",748,"11,104",64.14
TUBEINVEST,EQ,2015-09-07,389.85,389.85,394.25,383.0,385.0,385.4,385.9,"15,551","60,01,107.90","1,001","10,913",70.18
TUBEINVEST,EQ,2015-09-08,385.4,383.05,388.0,375.0,383.0,383.05,380.65,"31,233","1,18,88,729.65",898,"19,520",62.5
TUBEINVEST,EQ,2015-09-09,383.05,380.1,402.1,380.1,400.0,398.2,396.83,"41,463","1,64,53,888.50","2,341","21,075",50.83
TUBEINVEST,EQ,2015-09-10,398.2,397.0,399.95,390.5,393.05,393.9,395.72,"16,195","64,08,702.60","1,128","10,281",63.48
TUBEINVEST,EQ,2015-09-11,393.9,397.9,401.5,391.1,396.45,398.05,398.53,"20,862","83,14,199.30","2,277","14,783",70.86
TUBEINVEST,EQ,2015-09-14,398.05,403.0,403.0,396.45,398.5,398.6,399.42,"14,492","57,88,383.55",862,"11,489",79.28
TUBEINVEST,EQ,2015-09-15,398.6,398.0,412.9,397.0,405.8,406.15,402.02,"1,49,837","6,02,36,828.50","4,413","1,25,582",83.81
TUBEINVEST,EQ,2015-09-16,406.15,401.0,415.1,395.5,395.55,398.9,405.84,"38,066","1,54,48,617.30","1,787","15,944",41.89
TUBEINVEST,EQ,2015-09-18,398.9,400.0,412.8,395.0,399.9,402.05,401.57,"61,815","2,48,23,354.35","2,705","44,679",72.28
TUBEINVEST,EQ,2015-09-21,402.05,399.5,408.0,397.5,401.25,405.85,402.7,"27,476","1,10,64,637.80","2,625","20,966",76.31
TUBEINVEST,EQ,2015-09-22,405.85,406.6,408.75,395.5,395.5,397.85,400.88,"12,907","51,74,138.65",988,"9,277",71.88
TUBEINVEST,EQ,2015-09-23,397.85,392.0,403.0,392.0,396.0,398.1,398.82,"12,703","50,66,244.55",587,"8,983",70.72
TUBEINVEST,EQ,2015-09-24,398.1,398.95,406.0,396.05,404.0,402.0,400.32,"2,26,934","9,08,45,260.10","1,993","2,09,600",92.36
TUBEINVEST,EQ,2015-09-28,402.0,402.0,403.95,393.0,403.6,403.0,399.68,"31,811","1,27,14,272.75","2,049","20,101",63.19
TUBEINVEST,EQ,2015-09-29,403.0,397.0,418.0,393.25,411.95,410.05,406.22,"69,828","2,83,65,730.25","2,561","56,577",81.02
TUBEINVEST,EQ,2015-09-30,410.05,405.0,419.95,404.1,406.0,408.75,414.23,"91,415","3,78,66,921.10","3,305","24,882",27.22
TUBEINVEST,EQ,2015-10-01,408.75,411.95,418.0,409.0,409.05,412.0,413.64,"31,296","1,29,45,268.55","1,483","19,328",61.76
TUBEINVEST,EQ,2015-10-05,412.0,416.0,416.0,402.1,406.0,406.2,409.96,"20,948","85,87,766.65","1,753","13,308",63.53
TUBEINVEST,EQ,2015-10-06,406.2,406.5,409.0,403.0,408.0,406.9,406.58,"23,940","97,33,516.65","2,098","18,680",78.03
TUBEINVEST,EQ,2015-10-07,406.9,413.8,413.8,404.5,405.0,405.35,406.78,"8,253","33,57,133.70",922,"5,016",60.78
TUBEINVEST,EQ,2015-10-08,405.35,413.6,413.6,398.1,399.95,399.95,403.12,"31,510","1,27,02,164.40","2,209","25,083",79.6
TUBEINVEST,EQ,2015-10-09,399.95,404.0,405.0,396.0,397.0,400.0,400.3,"84,434","3,37,98,807.50","1,523","75,856",89.84
TUBEINVEST,EQ,2015-10-12,400.0,403.0,403.0,391.0,396.0,397.25,397.66,"13,456","53,50,856.95","1,041","7,207",53.56
TUBEINVEST,EQ,2015-10-13,397.25,395.55,401.95,395.55,398.2,400.3,400.91,"56,852","2,27,92,465.45",316,"55,517",97.65
TUBEINVEST,EQ,2015-10-14,400.3,400.0,410.0,400.0,406.0,406.95,405.27,"1,16,643","4,72,71,401.30",593,"1,12,848",96.75
TUBEINVEST,EQ,2015-10-15,406.95,408.95,417.0,408.95,415.0,414.95,414.24,"46,283","1,91,72,127.30","2,402","33,094",71.5
TUBEINVEST,EQ,2015-10-16,414.95,419.0,419.4,414.55,416.25,416.95,417.57,"94,049","3,92,72,106.65","1,482","89,356",95.01
TUBEINVEST,EQ,2015-10-19,416.95,422.0,429.0,417.5,423.5,420.5,423.37,"64,157","2,71,62,298.95","2,270","39,431",61.46
TUBEINVEST,EQ,2015-10-20,420.5,424.3,439.65,421.3,429.0,427.85,432.73,"1,08,448","4,69,28,924.80","5,597","43,021",39.67
TUBEINVEST,EQ,2015-10-21,427.85,429.5,436.0,424.0,426.0,426.1,428.82,"21,202","90,91,904.70","1,542","9,176",43.28
TUBEINVEST,EQ,2015-10-23,426.1,429.0,430.0,414.0,414.0,418.6,423.65,"27,185","1,15,17,015.80","1,928","21,601",79.46
TUBEINVEST,EQ,2015-10-26,418.6,419.0,426.45,415.25,419.2,422.8,423.27,"1,15,644","4,89,48,680.25","7,119","98,399",85.09
TUBEINVEST,EQ,2015-10-27,422.8,419.0,420.8,413.0,413.2,414.5,416.38,"22,140","92,18,581.30",692,"14,186",64.07
TUBEINVEST,EQ,2015-10-28,414.5,417.5,424.0,410.0,410.0,412.0,415.92,"17,057","70,94,362.80",701,"11,158",65.42
TUBEINVEST,EQ,2015-10-29,412.0,416.75,416.75,397.35,397.35,398.65,401.5,"30,305","1,21,67,546.45","1,041","24,303",80.19
TUBEINVEST,EQ,2015-10-30,398.65,399.0,403.5,395.6,396.15,396.9,397.06,"2,12,180","8,42,48,646.00",507,"2,07,810",97.94
TUBEINVEST,EQ,2015-11-02,396.9,397.5,402.0,388.7,395.0,394.8,393.16,"54,692","2,15,02,929.05","1,764","45,082",82.43
TUBEINVEST,EQ,2015-11-03,394.8,397.5,404.9,390.0,403.95,402.4,397.74,"57,510","2,28,74,250.60","2,374","36,318",63.15
TUBEINVEST,EQ,2015-11-04,402.4,402.8,402.8,392.0,393.15,394.3,396.24,"18,493","73,27,718.95","1,550","9,658",52.23
TUBEINVEST,EQ,2015-11-05,394.3,395.5,398.95,383.0,383.0,385.25,388.27,"19,493","75,68,563.40","1,460","16,382",84.04
TUBEINVEST,EQ,2015-11-06,385.25,383.1,387.0,372.0,377.0,376.2,380.75,"38,038","1,44,82,818.35","1,429","34,007",89.4
TUBEINVEST,EQ,2015-11-09,376.2,371.9,400.0,370.05,399.0,393.95,387.48,"25,898","1,00,34,832.85","1,229","16,937",65.4
TUBEINVEST,EQ,2015-11-10,393.95,403.3,409.0,391.0,391.0,393.2,400.54,"37,213","1,49,05,350.60","3,411","27,523",73.96
TUBEINVEST,EQ,2015-11-11,393.2,397.6,408.9,397.1,402.0,405.0,404.76,"30,983","1,25,40,722.25",479,"25,197",81.33
TUBEINVEST,EQ,2015-11-13,405.0,404.9,404.9,395.7,398.5,399.6,399.33,"30,628","1,22,30,720.85","2,219","20,951",68.4
TUBEINVEST,EQ,2015-11-16,399.6,402.0,402.0,393.7,393.95,394.75,395.62,"18,299","72,39,374.80","1,301","14,187",77.53
TUBEINVEST,EQ,2015-11-17,394.75,394.75,397.7,387.0,389.85,389.75,391.76,"59,337","2,32,46,035.75","3,534","38,814",65.41
TUBEINVEST,EQ,2015-11-18,389.75,390.5,397.9,380.55,391.0,390.65,389.96,"6,55,817","25,57,43,597.80","4,802","1,74,305",26.58
TUBEINVEST,EQ,2015-11-19,390.65,394.0,397.95,388.2,392.2,391.75,393.29,"15,724","61,84,023.45","1,201","9,312",59.22
TUBEINVEST,EQ,2015-11-20,391.75,393.95,405.75,391.0,393.95,399.3,398.83,"31,547","1,25,81,791.25","1,705","19,356",61.36
TUBEINVEST,EQ,2015-11-23,399.3,399.9,404.4,393.3,400.0,397.85,398.42,"30,020","1,19,60,694.55","1,330","20,677",68.88
TUBEINVEST,EQ,2015-11-24,397.85,395.55,399.0,391.15,396.0,396.55,395.78,"18,692","73,97,844.60","1,177","8,164",43.68
TUBEINVEST,EQ,2015-11-26,396.55,399.0,400.0,392.5,394.55,394.7,396.69,"12,314","48,84,849.40",617,"8,301",67.41
TUBEINVEST,EQ,2015-11-27,394.7,395.0,400.0,392.55,400.0,398.35,397.47,"12,939","51,42,803.50","1,394","8,935",69.05
TUBEINVEST,EQ,2015-11-30,398.35,398.35,405.0,384.65,403.0,402.0,400.08,"36,872","1,47,51,573.40","4,249","26,205",71.07
TUBEINVEST,EQ,2015-12-01,402.0,406.0,406.0,384.0,392.0,388.25,392.39,"1,88,432","7,39,38,830.50","4,820","1,46,469",77.73
TUBEINVEST,EQ,2015-12-02,388.25,394.95,398.9,385.35,395.0,390.9,391.5,"82,539","3,23,13,990.10","2,519","60,070",72.78
TUBEINVEST,EQ,2015-12-03,390.9,394.9,414.0,391.0,409.45,408.7,405.54,"96,053","3,89,53,801.50","5,905","57,548",59.91
TUBEINVEST,EQ,2015-12-04,408.7,406.0,427.4,404.05,417.0,418.8,419.77,"1,24,696","5,23,43,926.85","4,322","67,453",54.09
TUBEINVEST,EQ,2015-12-07,418.8,415.2,421.8,415.0,416.05,416.95,418.84,"65,518","2,74,41,501.45",979,"60,599",92.49
TUBEINVEST,EQ,2015-12-08,416.95,416.75,418.0,407.5,407.5,410.25,411.9,"14,194","58,46,506.65",828,"12,464",87.81
TUBEINVEST,EQ,2015-12-09,410.25,409.15,409.55,399.0,400.0,400.4,403.69,"38,049","1,53,59,856.40","1,127","33,221",87.31
TUBEINVEST,EQ,2015-12-10,400.4,403.0,403.95,394.95,402.8,400.05,398.28,"31,439","1,25,21,485.80","1,998","19,143",60.89
TUBEINVEST,EQ,2015-12-11,400.05,403.05,406.1,398.0,400.0,401.15,401.3,"33,785","1,35,57,977.55","2,064","24,436",72.33
TUBEINVEST,EQ,2015-12-14,401.15,401.15,415.0,396.45,399.0,403.8,404.1,"1,08,322","4,37,72,975.15","6,447","85,085",78.55
TUBEINVEST,EQ,2015-12-15,403.8,401.5,403.95,396.05,398.0,398.5,398.11,"87,971","3,50,22,346.55","4,854","74,531",84.72
TUBEINVEST,EQ,2015-12-16,398.5,402.35,404.0,395.0,395.0,395.9,400.98,"21,421","85,89,342.85","2,185","12,159",56.76
TUBEINVEST,EQ,2015-12-17,395.9,395.85,404.9,395.85,398.9,399.4,398.77,"1,22,254","4,87,51,600.30","2,163","1,05,941",86.66
TUBEINVEST,EQ,2015-12-18,399.4,400.95,403.0,385.6,386.0,387.95,393.11,"45,366","1,78,33,810.55","1,986","32,724",72.13
TUBEINVEST,EQ,2015-12-21,387.95,398.9,398.9,390.1,395.4,394.2,395.14,"58,805","2,32,35,936.65","1,441","45,112",76.71
TUBEINVEST,EQ,2015-12-22,394.2,398.0,398.0,393.1,396.6,396.9,396.52,"19,246","76,31,449.55","1,559","15,181",78.88
TUBEINVEST,EQ,2015-12-23,396.9,395.05,399.0,393.5,394.1,396.2,397.41,"36,336","1,44,40,380.35",921,"30,781",84.71
TUBEINVEST,EQ,2015-12-24,396.2,394.5,402.0,394.1,399.8,400.15,399.8,"43,089","1,72,26,936.10",881,"34,102",79.14
TUBEINVEST,EQ,2015-12-28,400.15,445.0,467.8,430.1,445.0,446.6,449.68,"13,66,677","61,45,69,097.55","31,823","3,65,743",26.76
TUBEINVEST,EQ,2015-12-29,446.6,443.8,444.0,423.7,431.9,431.55,433.46,"2,67,466","11,59,34,476.55","6,570","76,409",28.57
TUBEINVEST,EQ,2015-12-30,431.55,433.7,438.65,425.05,430.95,427.5,432.39,"99,209","4,28,96,505.75","3,269","39,017",39.33
TUBEINVEST,EQ,2015-12-31,427.5,431.0,431.85,419.0,429.0,427.6,426.57,"60,607","2,58,52,985.65","1,867","29,465",48.62
TUBEINVEST,EQ,2016-01-01,427.6,433.0,438.05,424.7,427.0,427.55,430.44,"65,064","2,80,06,433.80","2,150","35,913",55.2
TUBEINVEST,EQ,2016-01-04,427.55,428.0,434.0,419.0,422.0,420.65,424.52,"88,488","3,75,64,950.40","2,969","64,675",73.09
TUBEINVEST,EQ,2016-01-05,420.65,422.05,436.0,420.0,435.0,433.95,432.97,"1,86,664","8,08,19,721.80","3,505","1,55,004",83.04
TUBEINVEST,EQ,2016-01-06,433.95,434.0,440.7,434.0,437.5,436.9,439.72,"3,98,764","17,53,43,682.60","1,937","3,82,605",95.95
TUBEINVEST,EQ,2016-01-07,436.9,429.25,435.0,429.0,431.65,433.45,432.38,"29,483","1,27,47,944.05","2,734","22,200",75.3
TUBEINVEST,EQ,2016-01-08,433.45,437.9,440.7,432.55,440.05,438.65,438.3,"48,178","2,11,16,380.70","1,272","23,629",49.05
TUBEINVEST,EQ,2016-01-11,438.65,430.1,440.7,430.1,438.8,437.95,437.51,"47,109","2,06,10,626.00","1,746","34,492",73.22
TUBEINVEST,EQ,2016-01-12,437.95,438.05,442.5,430.25,441.0,441.05,439.06,"33,600","1,47,52,425.35","1,227","23,577",70.17
TUBEINVEST,EQ,2016-01-13,441.05,442.5,449.4,430.3,435.0,435.7,440.77,"1,09,774","4,83,84,656.75","5,347","73,944",67.36
TUBEINVEST,EQ,2016-01-14,435.7,434.95,434.95,429.0,430.0,430.65,430.66,"14,832","63,87,574.65",542,"8,341",56.24
TUBEINVEST,EQ,2016-01-15,430.65,430.6,435.0,429.25,433.5,430.75,431.57,"26,350","1,13,71,816.30",971,"22,190",84.21
TUBEINVEST,EQ,2016-01-18,430.75,425.1,428.2,392.0,410.0,411.1,410.94,"31,314","1,28,68,329.70","1,734","18,376",58.68
TUBEINVEST,EQ,2016-01-19,411.1,413.45,419.0,411.0,417.95,417.5,416.17,"10,227","42,56,199.60",605,"6,852",67.0
TUBEINVEST,EQ,2016-01-20,417.5,415.25,417.95,399.0,410.0,410.7,408.7,"26,240","1,07,24,372.30","1,605","18,445",70.29
TUBEINVEST,EQ,2016-01-21,410.7,410.7,433.4,410.7,420.2,421.75,423.48,"79,220","3,35,48,140.35","4,142","50,965",64.33
TUBEINVEST,EQ,2016-01-22,421.75,434.0,434.0,418.8,425.0,422.75,421.8,"85,206","3,59,40,148.00","1,100","80,729",94.75
TUBEINVEST,EQ,2016-01-25,422.75,421.55,427.25,418.05,424.0,421.45,422.51,"15,071","63,67,664.10",882,"8,773",58.21
TUBEINVEST,EQ,2016-01-27,421.45,419.0,427.25,415.5,423.1,421.4,423.97,"20,788","88,13,464.15","1,424","13,983",67.26
TUBEINVEST,EQ,2016-01-28,421.4,426.9,426.9,414.0,417.0,415.05,419.35,"11,698","49,05,505.10","1,278","4,894",41.84
TUBEINVEST,EQ,2016-01-29,415.05,414.95,421.9,414.0,419.0,415.55,417.44,"10,566","44,10,653.10","1,112","6,271",59.35
TUBEINVEST,EQ,2016-02-01,415.55,419.0,425.0,400.0,401.6,402.05,408.41,"54,633","2,23,12,563.90","3,154","33,894",62.04
TUBEINVEST,EQ,2016-02-02,402.05,408.7,419.0,400.0,413.5,407.85,408.64,"61,256","2,50,31,827.70","5,359","34,026",55.55
TUBEINVEST,EQ,2016-02-03,407.85,408.0,417.0,403.0,409.5,407.7,409.16,"19,697","80,59,201.80","1,713","12,331",62.6
TUBEINVEST,EQ,2016-02-04,407.7,415.0,417.0,407.5,417.0,416.8,414.21,"23,076","95,58,240.25","1,033","18,517",80.24
TUBEINVEST,EQ,2016-02-05,416.8,419.0,419.0,410.0,415.0,410.05,410.34,"2,18,840","8,97,99,606.90","1,077","2,13,400",97.51
TUBEINVEST,EQ,2016-02-08,410.05,403.5,413.8,403.5,412.0,410.0,411.4,"13,286","54,65,810.70",732,"8,589",64.65
TUBEINVEST,EQ,2016-02-09,410.0,405.05,415.4,404.8,408.2,408.5,409.85,"13,784","56,49,312.85",446,"10,860",78.79
TUBEINVEST,EQ,2016-02-10,408.5,408.1,414.0,407.55,409.4,410.15,411.53,"61,038","2,51,18,957.60","1,080","57,324",93.92
TUBEINVEST,EQ,2016-02-11,410.15,405.0,409.45,386.0,390.0,391.0,395.9,"1,05,282","4,16,81,618.40","1,047","1,01,300",96.22
TUBEINVEST,EQ,2016-02-12,391.0,391.15,395.6,378.0,385.0,382.8,381.51,"45,456","1,73,41,827.95",735,"40,016",88.03
TUBEINVEST,EQ,2016-02-15,382.8,384.7,396.0,376.2,386.75,388.4,387.77,"23,279","90,26,817.00","1,002","11,678",50.17
TUBEINVEST,EQ,2016-02-16,388.4,390.0,391.0,384.0,384.0,384.45,386.41,"6,318","24,41,307.60",421,"5,386",85.25
TUBEINVEST,EQ,2016-02-17,384.45,379.85,383.05,371.1,371.3,372.85,375.58,"14,097","52,94,548.55","1,167","10,416",73.89
TUBEINVEST,EQ,2016-02-18,372.85,374.4,380.0,367.0,367.8,369.35,374.79,"2,52,529","9,46,45,754.35","2,330","2,47,677",98.08
TUBEINVEST,EQ,2016-02-19,369.35,368.0,372.8,363.0,363.0,364.5,365.66,"20,023","73,21,582.65",678,"14,333",71.58
TUBEINVEST,EQ,2016-02-22,364.5,361.3,372.0,360.0,364.95,364.8,368.93,"43,313","1,59,79,409.35",656,"37,247",85.99
TUBEINVEST,EQ,2016-02-23,364.8,360.05,370.0,360.05,363.25,363.25,364.1,"28,387","1,03,35,802.50","2,131","21,296",75.02
TUBEINVEST,EQ,2016-02-24,363.25,368.0,368.0,356.05,357.15,357.95,360.3,"17,212","62,01,495.20","3,387","9,285",53.94
TUBEINVEST,EQ,2016-02-25,357.95,373.9,373.9,351.1,356.05,357.95,357.71,"24,902","89,07,733.70","2,434","11,399",45.78
TUBEINVEST,EQ,2016-02-26,357.95,355.3,363.0,352.35,356.0,356.35,359.78,"1,31,173","4,71,93,270.25",728,"1,26,747",96.63
TUBEINVEST,EQ,2016-02-29,356.35,363.95,368.25,352.95,364.0,361.7,363.68,"85,442","3,10,73,841.30","8,169","72,292",84.61
TUBEINVEST,EQ,2016-03-01,361.7,369.8,369.8,355.2,368.0,365.05,365.92,"45,716","1,67,28,429.20","1,436","42,374",92.69
TUBEINVEST,EQ,2016-03-02,365.05,365.0,370.05,361.3,365.0,362.7,367.68,"1,12,152","4,12,35,936.45","1,450","1,05,491",94.06
TUBEINVEST,EQ,2016-03-03,362.7,360.05,371.8,360.05,368.25,370.0,369.76,"71,756","2,65,32,788.30","7,387","61,199",85.29
TUBEINVEST,EQ,2016-03-04,370.0,373.95,390.0,370.8,386.8,384.55,385.12,"88,545","3,41,00,884.05","9,867","58,287",65.83
TUBEINVEST,EQ,2016-03-08,384.55,380.0,398.9,380.0,390.0,389.35,392.43,"1,04,867","4,11,52,804.95","5,135","88,348",84.25
TUBEINVEST,EQ,2016-03-09,389.35,394.9,400.8,384.1,386.0,387.35,391.19,"1,60,513","6,27,91,092.05","4,367","1,44,761",90.19
TUBEINVEST,EQ,2016-03-10,387.35,389.0,404.0,389.0,397.2,399.9,397.12,"44,047","1,74,92,152.20","2,349","29,817",67.69
TUBEINVEST,EQ,2016-03-11,399.9,399.1,407.5,399.1,405.0,403.85,403.93,"39,862","1,61,01,339.60","2,037","27,703",69.5
TUBEINVEST,EQ,2016-03-14,403.85,408.95,420.0,405.55,412.0,413.05,416.89,"1,74,159","7,26,05,005.50","7,014","1,49,134",85.63
TUBEINVEST,EQ,2016-03-15,413.05,403.65,415.35,394.0,395.0,395.25,399.26,"1,25,692","5,01,83,753.55","2,985","1,12,596",89.58
TUBEINVEST,EQ,2016-03-16,395.25,399.55,409.45,387.95,389.0,389.2,392.77,"46,034","1,80,80,700.20","2,547","36,388",79.05
TUBEINVEST,EQ,2016-03-17,389.2,393.85,398.0,373.0,373.55,375.65,382.28,"54,212","2,07,24,242.40","2,621","44,442",81.98
TUBEINVEST,EQ,2016-03-18,375.65,375.7,387.5,369.0,375.0,378.9,378.6,"6,35,659","24,06,58,904.05","15,169","5,88,673",92.61
TUBEINVEST,EQ,2016-03-21,378.9,380.0,388.95,372.3,380.0,379.3,377.61,"3,03,968","11,47,80,889.55","6,329","2,60,757",85.78
TUBEINVEST,EQ,2016-03-22,379.3,384.0,385.0,374.0,375.0,374.9,378.52,"64,582","2,44,45,858.90","2,974","44,006",68.14
TUBEINVEST,EQ,2016-03-23,374.9,376.85,380.2,369.0,379.0,378.4,377.77,"1,05,863","3,99,92,248.35","7,156","94,476",89.24
TUBEINVEST,EQ,2016-03-28,378.4,379.9,386.5,378.15,385.0,384.4,382.15,"1,47,631","5,64,17,369.35","18,652","1,37,767",93.32
TUBEINVEST,EQ,2016-03-29,384.4,384.7,384.9,380.25,381.0,382.05,381.07,"1,30,133","4,95,89,839.60","1,896","1,23,518",94.92
TUBEINVEST,EQ,2016-03-30,382.05,384.9,392.0,381.55,391.0,389.15,385.13,"57,871","2,22,87,811.15","2,423","49,198",85.01
TUBEINVEST,EQ,2016-03-31,389.15,388.05,390.8,385.0,390.0,387.05,387.48,"19,956","77,32,483.40","2,792","15,351",76.92
TUBEINVEST,EQ,2016-04-01,387.05,394.0,418.9,387.1,416.5,414.8,411.58,"2,06,454","8,49,72,291.90","4,796","1,31,768",63.82
TUBEINVEST,EQ,2016-04-04,414.8,415.0,418.7,405.0,417.0,416.8,410.05,"2,96,525","12,15,90,637.30","1,899","2,72,427",91.87
TUBEINVEST,EQ,2016-04-05,416.8,415.0,419.0,411.0,417.75,413.9,415.97,"18,209","75,74,488.75","1,944","9,190",50.47
TUBEINVEST,EQ,2016-04-06,413.9,415.0,415.0,404.6,409.0,405.85,410.3,"1,29,415","5,30,99,062.25","1,631","1,20,634",93.21
TUBEINVEST,EQ,2016-04-07,405.85,408.3,411.0,399.0,400.0,401.05,403.28,"19,184","77,36,478.05",499,"13,603",70.91
TUBEINVEST,EQ,2016-04-08,401.05,404.0,410.0,403.1,408.3,407.7,404.3,"59,480","2,40,47,927.50",915,"56,318",94.68
TUBEINVEST,EQ,2016-04-11,407.7,407.25,414.9,404.0,404.5,406.0,406.27,"4,29,135","17,43,45,976.80","1,557","4,11,866",95.98
TUBEINVEST,EQ,2016-04-12,406.0,407.05,409.0,404.0,405.0,404.7,404.16,"4,60,010","18,59,16,644.35","1,695","4,48,598",97.52
TUBEINVEST,EQ,2016-04-13,404.7,407.25,411.5,401.3,403.95,403.95,407.39,"86,317","3,51,64,605.75","2,354","76,821",89.0
TUBEINVEST,EQ,2016-04-18,403.95,402.2,409.75,402.2,408.0,408.05,407.34,"28,446","1,15,87,192.30","2,945","20,811",73.16
TUBEINVEST,EQ,2016-04-20,408.05,406.15,411.0,404.05,405.0,405.0,406.55,"1,27,290","5,17,49,241.30","4,818","1,11,583",87.66
TUBEINVEST,EQ,2016-04-21,405.0,409.8,411.75,404.0,409.0,408.3,405.92,"1,21,362","4,92,62,775.30","6,328","1,08,762",89.62
TUBEINVEST,EQ,2016-04-22,408.3,408.0,414.0,404.65,412.0,410.8,409.29,"60,242","2,46,56,174.35","3,291","48,192",80.0
TUBEINVEST,EQ,2016-04-25,410.8,410.1,418.5,407.5,413.0,409.15,409.67,"56,386","2,30,99,576.60","3,101","50,159",88.96
TUBEINVEST,EQ,2016-04-26,409.15,408.65,411.0,404.0,404.25,405.15,406.76,"80,272","3,26,51,483.05","1,411","69,898",87.08
TUBEINVEST,EQ,2016-04-27,405.15,407.1,411.7,405.0,407.0,406.75,407.75,"37,595","1,53,29,484.45","1,233","32,184",85.61
TUBEINVEST,EQ,2016-04-28,406.75,409.95,412.0,405.25,408.0,409.25,408.22,"60,939","2,48,76,774.45","2,663","53,505",87.8
TUBEINVEST,EQ,2016-04-29,409.25,408.45,413.0,406.85,410.0,410.0,409.37,"50,295","2,05,89,267.70","3,732","42,940",85.38
TUBEINVEST,EQ,2016-05-02,410.0,411.05,427.6,408.0,416.0,415.3,416.81,"1,18,674","4,94,64,188.65","4,931","72,950",61.47
TUBEINVEST,EQ,2016-05-03,415.3,416.5,437.1,415.3,424.0,425.9,425.41,"3,89,001","16,54,85,165.40","14,100","1,01,804",26.17
TUBEINVEST,EQ,2016-05-04,425.9,426.0,435.0,416.1,424.5,425.7,427.11,"1,92,112","8,20,53,384.80","8,580","73,224",38.12
TUBEINVEST,EQ,2016-05-05,425.7,426.0,428.4,418.6,419.5,421.0,424.16,"50,246","2,13,12,442.50","2,840","29,412",58.54
TUBEINVEST,EQ,2016-05-06,421.0,421.0,431.9,420.65,431.0,430.2,428.19,"64,224","2,75,00,047.60","2,214","43,441",67.64
TUBEINVEST,EQ,2016-05-09,430.2,430.0,443.75,430.0,435.15,438.3,437.51,"97,877","4,28,22,536.65","3,763","71,901",73.46
TUBEINVEST,EQ,2016-05-10,438.3,435.95,442.0,434.1,435.0,434.95,436.2,"14,073","61,38,610.50",579,"9,442",67.09
TUBEINVEST,EQ,2016-05-11,434.95,434.0,436.7,430.1,433.0,432.75,433.69,"38,347","1,66,30,838.50","3,550","29,008",75.65
TUBEINVEST,EQ,2016-05-12,432.75,435.0,440.0,434.1,434.8,435.5,437.05,"23,828","1,04,13,939.25","1,049","18,157",76.2
TUBEINVEST,EQ,2016-05-13,435.5,435.7,437.0,433.5,435.0,434.45,435.14,"98,235","4,27,45,658.85","2,821","95,556",97.27
TUBEINVEST,EQ,2016-05-16,434.45,429.05,435.0,429.05,434.0,433.55,433.84,"27,250","1,18,22,041.00","4,353","24,091",88.41
TUBEINVEST,EQ,2016-05-17,433.55,430.05,435.9,430.05,435.9,434.25,434.12,"34,328","1,49,02,419.30","3,160","30,503",88.86
TUBEINVEST,EQ,2016-05-18,434.25,434.85,435.95,427.55,435.95,434.9,434.45,"48,263","2,09,67,691.50","5,761","39,922",82.72
TUBEINVEST,EQ,2016-05-19,434.9,435.9,437.0,431.9,435.0,435.6,435.5,"42,473","1,84,97,090.45","2,016","32,399",76.28
TUBEINVEST,EQ,2016-05-20,435.6,429.05,437.0,429.05,435.3,435.9,435.04,"69,086","3,00,55,206.95","2,946","62,980",91.16
TUBEINVEST,EQ,2016-05-23,435.9,436.9,440.0,435.0,436.85,436.8,437.12,"21,389","93,49,472.45","1,272","15,831",74.01
TUBEINVEST,EQ,2016-05-24,436.8,441.0,442.6,437.0,440.0,440.3,439.79,"56,276","2,47,49,594.60","1,566","52,220",92.79
TUBEINVEST,EQ,2016-05-25,440.3,443.9,443.9,437.5,441.95,440.05,440.78,"30,369","1,33,85,900.55","1,338","26,523",87.34
TUBEINVEST,EQ,2016-05-26,440.05,442.75,443.9,439.95,440.0,440.6,441.4,"95,717","4,22,49,546.50","1,392","92,546",96.69
TUBEINVEST,EQ,2016-05-27,440.6,442.15,444.0,435.35,440.0,440.1,440.08,"26,048","1,14,63,313.15","1,562","19,834",76.14
TUBEINVEST,EQ,2016-05-30,440.1,442.3,443.0,439.9,442.9,441.45,440.69,"44,606","1,96,57,486.80","2,253","39,064",87.58
TUBEINVEST,EQ,2016-05-31,441.45,443.0,443.0,439.75,442.8,441.05,440.71,"1,46,819","6,47,04,139.05","8,762","1,25,563",85.52
TUBEINVEST,EQ,2016-06-01,441.05,466.0,474.0,458.0,465.0,466.3,464.68,"5,92,343","27,52,50,888.25","20,536","1,28,002",21.61
TUBEINVEST,EQ,2016-06-02,466.3,464.0,478.7,459.0,471.0,469.3,469.79,"1,34,442","6,31,59,873.40","7,272","56,426",41.97
TUBEINVEST,EQ,2016-06-03,469.3,468.0,474.7,465.5,466.95,468.15,469.48,"39,093","1,83,53,478.75","2,725","24,354",62.3
TUBEINVEST,EQ,2016-06-06,468.15,469.85,472.2,463.1,465.4,465.15,467.76,"1,11,729","5,22,62,759.60","1,316","1,01,125",90.51
TUBEINVEST,EQ,2016-06-07,465.15,460.0,469.25,460.0,461.0,461.8,465.25,"67,360","3,13,39,468.50","2,508","51,522",76.49
TUBEINVEST,EQ,2016-06-08,461.8,461.1,467.0,450.2,462.0,456.55,459.03,"55,112","2,52,98,212.85","3,720","30,948",56.15
TUBEINVEST,EQ,2016-06-09,456.55,465.35,469.6,452.0,454.25,456.45,461.42,"1,07,506","4,96,05,063.50","7,893","43,694",40.64
TUBEINVEST,EQ,2016-06-10,456.45,450.5,469.9,450.5,456.6,458.15,462.47,"1,49,719","6,92,41,005.30","7,868","87,019",58.12
TUBEINVEST,EQ,2016-06-13,458.15,454.75,456.95,446.95,449.0,449.6,451.9,"39,470","1,78,36,323.10","2,410","16,371",41.48
TUBEINVEST,EQ,2016-06-14,449.6,450.0,457.0,449.45,450.0,451.1,453.18,"35,103","1,59,07,993.30","4,841","18,750",53.41
TUBEINVEST,EQ,2016-06-15,451.1,451.15,458.95,450.0,451.0,451.65,454.89,"49,069","2,23,21,074.25","4,560","28,896",58.89
TUBEINVEST,EQ,2016-06-16,451.65,453.8,455.75,442.95,445.0,445.15,447.43,"35,903","1,60,64,027.80","2,209","24,644",68.64
TUBEINVEST,EQ,2016-06-17,445.15,445.25,451.2,443.5,450.0,448.75,448.92,"59,982","2,69,27,386.15","2,729","50,073",83.48
TUBEINVEST,EQ,2016-06-20,448.75,445.1,450.0,445.0,448.0,449.05,449.76,"1,39,733","6,28,47,007.80","3,494","1,32,914",95.12
TUBEINVEST,EQ,2016-06-21,449.05,449.15,451.1,447.95,449.05,449.45,449.92,"1,02,484","4,61,09,277.80",715,"97,229",94.87
TUBEINVEST,EQ,2016-06-22,449.45,450.7,451.9,444.05,444.65,448.45,448.68,"19,097","85,68,354.40","2,868","11,370",59.54
TUBEINVEST,EQ,2016-06-23,448.45,447.7,464.0,444.8,461.1,461.85,459.04,"1,52,440","6,99,75,816.05","9,058","90,599",59.43
TUBEINVEST,EQ,2016-06-24,461.85,458.0,458.0,433.0,452.15,454.25,451.19,"82,654","3,72,92,351.80","2,514","62,708",75.87
TUBEINVEST,EQ,2016-06-27,454.25,451.0,457.65,449.3,455.85,454.35,454.17,"17,115","77,73,051.10","2,749","11,458",66.95
TUBEINVEST,EQ,2016-06-28,454.35,459.0,468.0,455.0,466.25,466.1,463.04,"50,406","2,33,40,125.60","1,618","29,466",58.46
TUBEINVEST,EQ,2016-06-29,466.1,466.0,479.7,465.45,475.95,476.25,475.36,"1,59,102","7,56,30,722.00","4,349","81,888",51.47
TUBEINVEST,EQ,2016-06-30,476.25,479.9,494.0,478.45,486.25,485.55,486.16,"1,56,112","7,58,95,910.25","6,236","1,01,073",64.74
TUBEINVEST,EQ,2016-07-01,485.55,488.85,495.9,483.5,493.0,493.05,490.82,"49,621","2,43,54,875.70","1,759","28,469",57.37
TUBEINVEST,EQ,2016-07-04,493.05,490.0,494.75,484.0,493.9,492.5,489.1,"34,790","1,70,15,618.95","1,470","22,868",65.73
TUBEINVEST,EQ,2016-07-05,492.5,494.0,494.0,483.2,486.6,486.15,486.44,"18,345","89,23,715.60",803,"14,665",79.94
TUBEINVEST,EQ,2016-07-07,486.15,488.85,501.3,485.5,498.0,497.7,497.86,"74,905","3,72,92,337.90","3,127","56,525",75.46
TUBEINVEST,EQ,2016-07-08,497.7,500.05,518.9,497.5,513.75,514.65,509.89,"1,70,129","8,67,47,177.10","7,302","93,790",55.13
TUBEINVEST,EQ,2016-07-11,514.65,514.65,534.0,514.25,520.0,521.35,527.27,"3,52,669","18,59,52,045.35","13,866","2,77,710",78.75
TUBEINVEST,EQ,2016-07-12,521.35,523.4,534.0,520.6,521.0,522.4,528.36,"1,07,661","5,68,84,166.20","7,619","66,642",61.9
TUBEINVEST,EQ,2016-07-13,522.4,523.1,526.0,517.8,521.85,520.45,521.4,"40,486","2,11,09,544.25","4,156","27,436",67.77
TUBEINVEST,EQ,2016-07-14,520.45,518.15,520.4,510.0,513.95,513.6,515.12,"19,299","99,41,290.40","2,542","12,742",66.02
TUBEINVEST,EQ,2016-07-15,513.6,515.05,518.5,508.8,514.0,511.3,511.66,"15,153","77,53,218.45","1,860","10,427",68.81
TUBEINVEST,EQ,2016-07-18,511.3,510.0,517.4,508.05,509.2,511.0,512.42,"13,829","70,86,298.70","1,187","6,689",48.37
TUBEINVEST,EQ,2016-07-19,511.0,510.6,514.0,502.5,513.75,509.25,508.78,"35,845","1,82,37,088.75",802,"31,711",88.47
TUBEINVEST,EQ,2016-07-20,509.25,510.7,532.0,510.7,522.5,524.1,524.11,"47,776","2,50,40,112.55","1,638","26,987",56.49
TUBEINVEST,EQ,2016-07-21,524.1,526.7,536.9,519.0,535.0,534.9,532.52,"87,149","4,64,08,820.20","4,254","57,898",66.44
TUBEINVEST,EQ,2016-07-22,534.9,534.35,539.0,530.1,533.0,534.45,534.95,"23,406","1,25,20,956.90","1,260","13,901",59.39
TUBEINVEST,EQ,2016-07-25,534.45,534.45,544.4,531.15,534.05,540.4,537.75,"55,615","2,99,06,807.30","2,806","33,614",60.44
TUBEINVEST,EQ,2016-07-26,540.4,542.7,549.7,535.0,542.0,544.15,542.73,"57,812","3,13,76,228.70","2,550","34,625",59.89
TUBEINVEST,EQ,2016-07-27,544.15,543.7,552.25,535.5,546.15,545.1,545.34,"43,066","2,34,85,401.25","2,318","19,823",46.03
TUBEINVEST,EQ,2016-07-28,545.1,546.95,550.6,544.0,545.0,544.7,545.96,"43,417","2,37,03,821.45","2,414","34,650",79.81
TUBEINVEST,EQ,2016-07-29,544.7,546.25,550.0,544.55,550.0,549.45,548.16,"18,904","1,03,62,358.10","1,536","10,954",57.95
TUBEINVEST,EQ,2016-08-01,549.45,552.8,560.0,541.95,553.15,556.2,552.68,"63,975","3,53,57,841.15","5,207","31,619",49.42
TUBEINVEST,EQ,2016-08-02,556.2,558.0,559.0,547.05,557.5,552.05,553.2,"25,675","1,42,03,332.35","1,163","15,545",60.55
TUBEINVEST,EQ,2016-08-03,552.05,550.5,556.0,534.0,542.2,550.3,546.73,"39,473","2,15,80,903.70","3,237","22,717",57.55
TUBEINVEST,EQ,2016-08-04,550.3,553.95,574.95,548.05,554.0,558.05,562.04,"4,00,252","22,49,56,954.45","17,476","72,532",18.12
TUBEINVEST,EQ,2016-08-05,558.05,561.4,567.45,544.25,561.5,562.2,560.16,"96,821","5,42,34,906.35","5,164","42,401",43.79
TUBEINVEST,EQ,2016-08-08,562.2,564.95,569.0,555.0,566.0,565.4,563.96,"74,871","4,22,24,413.70","2,286","57,864",77.28
TUBEINVEST,EQ,2016-08-09,565.4,569.0,569.0,555.3,558.95,559.0,560.62,"27,646","1,54,98,874.25",758,"21,977",79.49
TUBEINVEST,EQ,2016-08-10,559.0,558.95,561.5,544.05,548.0,549.15,549.88,"33,925","1,86,54,545.25","3,387","14,582",42.98
TUBEINVEST,EQ,2016-08-11,549.15,548.65,550.6,539.0,543.0,545.55,544.26,"16,906","92,01,300.55","1,203","8,690",51.4
TUBEINVEST,EQ,2016-08-12,545.55,545.3,573.5,545.3,560.1,562.3,563.33,"44,593","2,51,20,416.60","3,371","25,681",57.59
TUBEINVEST,EQ,2016-08-16,562.3,567.9,576.5,554.0,565.1,564.85,567.68,"54,697","3,10,50,531.30","4,857","25,255",46.17
TUBEINVEST,EQ,2016-08-17,564.85,564.0,565.95,547.75,548.0,549.3,554.62,"24,353","1,35,06,697.15","1,319","16,587",68.11
TUBEINVEST,EQ,2016-08-18,549.3,550.95,554.0,534.0,538.5,536.1,543.34,"36,028","1,95,75,452.40","2,083","24,917",69.16
TUBEINVEST,EQ,2016-08-19,536.1,538.9,542.0,529.0,534.0,535.8,537.98,"22,188","1,19,36,591.75","1,164","10,883",49.05
TUBEINVEST,EQ,2016-08-22,535.8,535.0,539.9,518.35,520.0,522.25,527.55,"29,885","1,57,65,891.20","1,349","21,020",70.34
TUBEINVEST,EQ,2016-08-23,522.25,524.0,529.0,516.5,520.05,521.05,521.99,"22,661","1,18,28,710.30","1,205","15,071",66.51
TUBEINVEST,EQ,2016-08-24,521.05,523.0,547.45,519.25,529.0,527.8,530.95,"1,03,610","5,50,11,229.60","2,951","52,593",50.76
TUBEINVEST,EQ,2016-08-25,527.8,527.8,532.0,523.25,530.0,528.5,527.6,"65,600","3,46,10,389.15","1,622","56,831",86.63
TUBEINVEST,EQ,2016-08-26,528.5,530.5,531.5,521.5,524.0,526.65,527.5,"2,96,269","15,62,81,608.60","1,434","2,85,560",96.39
TUBEINVEST,EQ,2016-08-29,526.65,524.0,537.9,524.0,536.4,535.6,530.62,"38,658","2,05,12,781.65","3,726","22,263",57.59
TUBEINVEST,EQ,2016-08-30,535.6,539.0,553.25,535.0,548.0,547.4,546.17,"32,636","1,78,24,759.20","1,541","20,378",62.44
TUBEINVEST,EQ,2016-08-31,547.4,550.95,563.8,548.0,562.75,559.3,554.55,"48,131","2,66,90,921.35","2,302","38,305",79.58
TUBEINVEST,EQ,2016-09-01,559.3,559.95,564.0,554.0,558.8,558.15,557.75,"20,567","1,14,71,335.80","1,335","9,426",45.83
TUBEINVEST,EQ,2016-09-02,558.15,558.0,564.0,554.0,557.4,557.2,558.29,"12,913","72,09,226.05",782,"7,812",60.5
TUBEINVEST,EQ,2016-09-06,557.2,557.2,575.0,550.2,572.0,571.75,565.61,"49,211","2,78,34,423.80","2,705","33,505",68.08
TUBEINVEST,EQ,2016-09-07,571.75,574.0,583.2,568.4,577.0,575.25,576.01,"1,04,778","6,03,53,352.20","5,900","79,902",76.26
TUBEINVEST,EQ,2016-09-08,575.25,575.25,589.0,572.85,586.6,587.5,584.25,"46,201","2,69,92,964.90","2,140","28,115",60.85
TUBEINVEST,EQ,2016-09-09,587.5,590.0,593.0,572.3,575.55,575.55,575.95,"43,407","2,50,00,252.00","2,432","36,191",83.38
TUBEINVEST,EQ,2016-09-12,575.55,567.0,583.0,557.1,578.0,575.5,575.41,"41,132","2,36,67,732.80","2,348","31,796",77.3
TUBEINVEST,EQ,2016-09-14,575.5,570.0,578.65,570.0,575.05,575.3,576.23,"21,851","1,25,91,213.30",970,"16,715",76.5
TUBEINVEST,EQ,2016-09-15,575.3,577.0,599.7,572.45,580.0,587.45,586.42,"72,508","4,25,20,053.15","2,259","39,644",54.68
TUBEINVEST,EQ,2016-09-16,587.45,594.9,610.0,590.3,598.0,604.6,601.04,"1,59,997","9,61,65,200.45","4,898","1,20,155",75.1
TUBEINVEST,EQ,2016-09-19,604.6,604.95,604.95,590.0,590.25,590.9,592.94,"1,49,723","8,87,76,984.35","1,716","1,38,978",92.82
TUBEINVEST,EQ,2016-09-20,590.9,590.55,596.0,590.0,590.3,593.75,593.37,"2,45,756","14,58,24,684.05","1,411","2,39,731",97.55
TUBEINVEST,EQ,2016-09-21,593.75,594.95,597.7,589.95,590.6,592.5,594.66,"2,17,697","12,94,55,228.70","1,128","2,12,989",97.84
TUBEINVEST,EQ,2016-09-22,592.5,597.95,598.0,590.05,595.7,592.85,594.83,"43,950","2,61,42,843.35","1,244","39,082",88.92
TUBEINVEST,EQ,2016-09-23,592.85,594.15,599.5,590.3,592.8,592.15,595.13,"35,676","2,12,31,798.35","1,414","29,939",83.92
TUBEINVEST,EQ,2016-09-26,592.15,595.1,596.75,584.05,588.75,588.2,589.83,"44,594","2,63,02,830.65","1,322","33,165",74.37
TUBEINVEST,EQ,2016-09-27,588.2,591.7,595.0,589.0,591.4,591.0,590.68,"27,165","1,60,45,787.15","3,142","19,987",73.58
TUBEINVEST,EQ,2016-09-28,591.0,592.9,595.65,590.0,590.65,590.95,590.96,"70,323","4,15,57,868.90","1,153","65,950",93.78
TUBEINVEST,EQ,2016-09-29,590.95,590.05,600.0,576.0,591.0,590.4,590.7,"2,15,537","12,73,17,696.10","1,963","1,85,807",86.21
TUBEINVEST,EQ,2016-09-30,590.4,586.05,599.4,556.1,590.0,590.55,588.22,"53,723","3,16,00,932.70","2,163","42,869",79.8
TUBEINVEST,EQ,2016-10-03,590.55,590.15,593.8,590.0,591.0,591.8,591.73,"23,217","1,37,38,169.25","1,323","18,773",80.86
TUBEINVEST,EQ,2016-10-04,591.8,599.95,614.7,591.45,603.0,605.9,600.66,"2,23,719","13,43,79,753.20","6,151","1,99,274",89.07
TUBEINVEST,EQ,2016-10-05,605.9,609.85,619.0,605.0,613.05,614.55,613.46,"44,241","2,71,40,149.40","2,099","23,137",52.3
TUBEINVEST,EQ,2016-10-06,614.55,617.0,619.7,609.25,611.1,612.95,613.59,"47,896","2,93,88,509.95","4,635","36,450",76.1
TUBEINVEST,EQ,2016-10-07,612.95,615.05,617.05,601.0,611.0,614.0,608.86,"27,052","1,64,70,855.60","1,444","18,856",69.7
TUBEINVEST,EQ,2016-10-10,614.0,614.0,614.0,600.0,600.0,601.1,604.77,"24,895","1,50,55,747.00","1,139","18,130",72.83
TUBEINVEST,EQ,2016-10-13,601.1,601.1,608.05,590.55,594.0,591.45,597.51,"14,098","84,23,684.25","1,863","8,326",59.06
TUBEINVEST,EQ,2016-10-14,591.45,595.35,635.0,595.35,635.0,625.65,616.82,"64,935","4,00,53,517.30","5,227","34,248",52.74
TUBEINVEST,EQ,2016-10-17,625.65,635.0,658.9,619.0,623.0,628.8,638.9,"1,27,628","8,15,40,981.30","7,605","65,051",50.97
TUBEINVEST,EQ,2016-10-18,628.8,640.9,649.9,621.45,647.8,648.5,636.52,"40,981","2,60,85,397.85","2,937","27,322",66.67
TUBEINVEST,EQ,2016-10-19,648.5,654.0,666.0,636.35,655.0,658.2,653.83,"57,333","3,74,86,309.95","2,641","41,506",72.39
TUBEINVEST,EQ,2016-10-20,658.2,669.7,669.7,635.0,640.0,641.8,652.23,"37,777","2,46,39,194.70","2,222","27,858",73.74
TUBEINVEST,EQ,2016-10-21,641.8,640.0,660.0,635.55,653.05,658.6,653.08,"30,512","1,99,26,855.90","3,234","21,831",71.55
TUBEINVEST,EQ,2016-10-24,658.6,660.0,667.55,647.0,662.9,664.3,659.07,"57,394","3,78,26,774.35","5,029","44,898",78.23
TUBEINVEST,EQ,2016-10-25,664.3,666.25,666.25,641.05,648.0,646.85,651.93,"21,038","1,37,15,353.60","1,427","11,524",54.78
TUBEINVEST,EQ,2016-10-26,646.85,648.0,657.9,625.0,628.1,629.65,638.01,"34,480","2,19,98,451.60","5,656","21,416",62.11
TUBEINVEST,EQ,2016-10-27,629.65,626.0,665.0,612.25,618.6,619.9,621.94,"23,492","1,46,10,692.25","2,176","16,261",69.22
TUBEINVEST,EQ,2016-10-28,619.9,619.45,641.95,619.3,628.0,623.9,629.51,"28,555","1,79,75,757.00","2,848","15,499",54.28
TUBEINVEST,EQ,2016-10-30,623.9,638.95,655.85,634.0,648.0,651.6,649.31,"16,482","1,07,01,932.50",740,"12,583",76.34
TUBEINVEST,EQ,2016-11-01,651.6,654.45,663.9,641.0,656.0,650.25,653.95,"43,603","2,85,14,394.10","2,922","31,265",71.7
TUBEINVEST,EQ,2016-11-02,650.25,641.0,678.7,641.0,670.0,670.05,669.35,"1,27,916","8,56,20,093.40","6,458","46,929",36.69
TUBEINVEST,EQ,2016-11-03,670.05,671.0,684.7,640.2,652.0,654.0,668.76,"70,106","4,68,83,889.70","5,039","35,503",50.64
TUBEINVEST,EQ,2016-11-04,654.0,675.0,675.0,608.6,627.15,631.05,636.01,"2,37,529","15,10,69,843.45","6,329","1,49,166",62.8
TUBEINVEST,EQ,2016-11-07,631.05,649.0,650.0,612.25,614.6,615.05,627.92,"32,809","2,06,01,359.05","2,908","22,591",68.86
TUBEINVEST,EQ,2016-11-08,615.05,619.0,630.8,612.25,628.0,626.35,621.06,"77,566","4,81,73,241.15","3,772","65,089",83.91
TUBEINVEST,EQ,2016-11-09,626.35,535.0,624.0,530.0,624.0,612.65,598.23,"52,575","3,14,52,186.85","2,404","36,278",69.0
TUBEINVEST,EQ,2016-11-10,612.65,622.0,639.9,602.0,609.5,614.65,610.77,"2,96,098","18,08,48,026.85","2,409","2,84,016",95.92
TUBEINVEST,EQ,2016-11-11,614.65,609.8,623.0,595.5,600.05,614.0,607.42,"32,544","1,97,67,903.05","2,726","25,262",77.62
TUBEINVEST,EQ,2016-11-15,614.0,600.0,612.85,521.7,590.15,587.2,574.67,"1,74,245","10,01,33,321.75","5,581","1,41,211",81.04
TUBEINVEST,EQ,2016-11-16,587.2,591.0,610.0,563.7,577.8,590.55,593.58,"72,003","4,27,39,604.40","6,314","58,086",80.67
TUBEINVEST,EQ,2016-11-17,590.55,599.6,600.0,575.05,589.95,590.9,584.88,"1,57,989","9,24,04,876.50","3,151","1,44,613",91.53
TUBEINVEST,EQ,2016-11-18,590.9,590.05,594.4,581.0,581.05,589.7,584.71,"1,23,390","7,21,46,932.90","1,270","1,17,981",95.62
TUBEINVEST,EQ,2016-11-21,589.7,590.0,591.95,566.55,576.0,570.2,570.34,"3,40,909","19,44,34,154.70","2,712","3,19,072",93.59
TUBEINVEST,EQ,2016-11-22,570.2,575.95,589.9,565.4,588.0,588.45,584.71,"1,05,194","6,15,07,549.10","3,041","81,555",77.53
TUBEINVEST,EQ,2016-11-23,588.45,588.0,607.2,581.8,593.0,598.85,590.01,"3,32,080","19,59,30,549.55","4,258","3,05,698",92.06
TUBEINVEST,EQ,2016-11-24,598.85,609.35,609.4,581.0,600.0,590.55,589.95,"23,410","1,38,10,647.40",661,"15,988",68.3
TUBEINVEST,EQ,2016-11-25,590.55,595.6,600.0,585.0,585.0,588.7,590.17,"23,456","1,38,42,967.70","1,432","19,028",81.12
TUBEINVEST,EQ,2016-11-28,588.7,591.0,593.65,583.0,587.0,585.05,589.1,"17,778","1,04,72,984.65",544,"14,755",83.0
TUBEINVEST,EQ,2016-11-29,585.05,600.0,600.0,565.0,568.5,569.05,580.16,"30,638","1,77,75,095.25","1,655","21,528",70.27
TUBEINVEST,EQ,2016-11-30,569.05,571.0,585.0,564.85,579.1,580.1,576.63,"93,269","5,37,81,600.70","3,736","82,438",88.39
TUBEINVEST,EQ,2016-12-01,580.1,575.0,590.0,575.0,579.0,581.85,585.33,"9,179","53,72,703.75",872,"5,178",56.41
TUBEINVEST,EQ,2016-12-02,581.85,582.0,582.05,573.4,576.0,576.55,576.06,"1,06,271","6,12,18,534.35",406,"1,04,173",98.03
TUBEINVEST,EQ,2016-12-05,576.55,579.85,584.55,570.6,577.0,575.0,577.78,"5,356","30,94,612.25",553,"3,396",63.41
TUBEINVEST,EQ,2016-12-06,575.0,578.85,578.85,563.55,569.0,567.85,567.9,"33,892","1,92,47,381.95","2,876","24,356",71.86
TUBEINVEST,EQ,2016-12-07,567.85,577.0,585.0,566.0,574.0,578.5,573.25,"37,719","2,16,22,511.55","2,045","25,920",68.72
TUBEINVEST,EQ,2016-12-08,578.5,584.55,585.0,571.55,581.0,583.25,580.02,"27,631","1,60,26,667.70","8,237","20,776",75.19
TUBEINVEST,EQ,2016-12-09,583.25,592.95,592.95,576.5,584.0,579.8,581.03,"9,918","57,62,694.50","1,852","7,223",72.83
TUBEINVEST,EQ,2016-12-12,579.8,580.0,584.4,569.3,580.0,575.9,573.72,"4,556","26,13,847.35","1,080","3,284",72.08
TUBEINVEST,EQ,2016-12-13,575.9,589.0,589.0,573.0,582.0,579.8,580.39,"9,350","54,26,653.95","1,661","6,861",73.38
TUBEINVEST,EQ,2016-12-14,579.8,572.0,584.85,570.4,572.95,574.5,576.97,"26,512","1,52,96,732.20","1,868","19,955",75.27
TUBEINVEST,EQ,2016-12-15,574.5,574.85,583.15,560.1,562.7,563.5,568.52,"17,211","97,84,873.50","2,065","10,362",60.21
TUBEINVEST,EQ,2016-12-16,563.5,565.15,585.0,564.1,584.0,583.05,568.49,"1,97,047","11,20,20,002.15","2,346","1,90,614",96.74
TUBEINVEST,EQ,2016-12-19,583.05,585.0,585.0,570.05,570.05,571.75,574.16,"3,203","18,39,038.90",345,"1,851",57.79
TUBEINVEST,EQ,2016-12-20,571.75,574.55,578.0,560.0,566.5,565.45,564.84,"13,339","75,34,367.25","1,182","10,203",76.49
TUBEINVEST,EQ,2016-12-21,565.45,568.0,572.25,555.2,555.2,559.5,560.7,"9,799","54,94,314.70",737,"7,467",76.2
TUBEINVEST,EQ,2016-12-22,559.5,563.0,569.0,548.2,568.0,562.8,557.38,"8,955","49,91,297.40",845,"6,173",68.93
TUBEINVEST,EQ,2016-12-23,562.8,556.05,576.25,553.8,576.25,569.35,564.91,"7,240","40,89,971.00",542,"4,654",64.28
TUBEINVEST,EQ,2016-12-26,569.35,566.4,569.0,551.25,551.45,554.7,559.55,"5,584","31,24,533.70",560,"3,111",55.71
TUBEINVEST,EQ,2016-12-27,554.7,558.95,576.0,551.4,575.0,571.85,564.78,"5,33,028","30,10,44,351.20","1,557","5,28,198",99.09
TUBEINVEST,EQ,2016-12-28,571.85,579.0,585.0,565.75,581.5,582.7,580.21,"34,206","1,98,46,781.35","4,243","25,750",75.28
TUBEINVEST,EQ,2016-12-29,582.7,572.2,584.0,570.5,584.0,582.25,581.44,"31,089","1,80,76,513.95","2,629","25,907",83.33
TUBEINVEST,EQ,2016-12-30,582.25,584.95,587.0,575.05,580.05,584.8,584.36,"42,957","2,51,02,517.25","2,450","39,524",92.01
TUBEINVEST,EQ,2017-01-02,584.8,581.95,604.0,575.1,577.15,578.9,592.3,"24,777","1,46,75,333.30","1,222","7,956",32.11
TUBEINVEST,EQ,2017-01-03,578.9,590.0,590.0,579.05,583.4,582.8,582.07,"45,799","2,66,58,128.95","2,076","41,618",90.87
TUBEINVEST,EQ,2017-01-04,582.8,580.2,584.0,573.15,579.0,577.0,579.72,"14,777","85,66,581.30","1,642","10,129",68.55
TUBEINVEST,EQ,2017-01-05,577.0,581.55,581.6,572.5,572.7,576.0,579.86,"2,22,129","12,88,02,889.50",722,"2,16,639",97.53
TUBEINVEST,EQ,2017-01-06,576.0,581.95,581.95,564.5,579.1,575.05,570.76,"35,724","2,03,89,668.20","4,280","18,603",52.07
TUBEINVEST,EQ,2017-01-09,575.05,585.0,585.8,575.25,579.0,581.55,582.33,"22,133","1,28,88,653.90","1,484","17,623",79.62
TUBEINVEST,EQ,2017-01-10,581.55,581.25,584.0,576.7,579.1,579.15,579.55,"25,034","1,45,08,335.85","1,124","21,318",85.16
TUBEINVEST,EQ,2017-01-11,579.15,585.0,585.0,566.15,574.0,576.25,576.63,"45,951","2,64,96,714.45","1,690","32,952",71.71
TUBEINVEST,EQ,2017-01-12,576.25,577.1,579.2,571.25,574.5,574.45,576.59,"84,131","4,85,09,245.00","2,719","73,251",87.07
TUBEINVEST,EQ,2017-01-13,574.45,584.7,584.7,570.1,578.1,577.0,575.33,"29,702","1,70,88,392.70","2,807","15,074",50.75
TUBEINVEST,EQ,2017-01-16,577.0,578.0,579.95,570.0,572.05,575.05,574.92,"82,136","4,72,21,273.10","3,171","53,834",65.54
TUBEINVEST,EQ,2017-01-17,575.05,578.85,583.0,570.25,574.0,573.85,577.53,"26,831","1,54,95,740.05","1,671","17,602",65.6
TUBEINVEST,EQ,2017-01-18,573.85,577.95,580.0,570.1,572.0,574.8,574.43,"66,285","3,80,76,193.90","1,535","59,885",90.34
TUBEINVEST,EQ,2017-01-19,574.8,577.5,577.5,570.65,572.0,573.95,573.34,"17,411","99,82,371.60","2,839","13,604",78.13
TUBEINVEST,EQ,2017-01-20,573.95,575.0,579.85,571.0,571.0,573.2,577.03,"22,284","1,28,58,623.55","7,848","12,633",56.69
TUBEINVEST,EQ,2017-01-23,573.2,575.0,584.9,572.2,573.35,575.2,575.3,"1,20,127","6,91,08,985.80","1,365","1,16,875",97.29
TUBEINVEST,EQ,2017-01-24,575.2,572.5,580.0,572.5,574.2,578.45,577.36,"16,917","97,67,200.80","1,745","13,440",79.45
TUBEINVEST,EQ,2017-01-25,578.45,584.0,584.0,566.75,568.0,570.25,572.62,"50,507","2,89,21,227.90","1,503","37,119",73.49
TUBEINVEST,EQ,2017-01-27,570.25,576.0,580.0,572.6,576.0,573.9,577.4,"38,106","2,20,02,304.10","5,255","26,617",69.85
TUBEINVEST,EQ,2017-01-30,573.9,574.95,580.0,569.0,577.0,578.25,574.6,"31,497","1,80,98,294.60","1,533","18,235",57.89
TUBEINVEST,EQ,2017-01-31,578.25,571.5,579.0,571.5,577.85,575.8,576.25,"25,367","1,46,17,748.45","5,128","17,528",69.1
TUBEINVEST,EQ,2017-02-01,575.8,580.0,607.85,575.55,599.95,599.1,592.47,"1,06,525","6,31,13,144.80","7,818","84,060",78.91
TUBEINVEST,EQ,2017-02-02,599.1,610.0,610.95,591.6,600.0,599.95,601.33,"47,324","2,84,57,362.80","2,178","27,017",57.09
TUBEINVEST,EQ,2017-02-03,599.95,619.0,619.0,597.1,601.0,600.45,599.81,"34,562","2,07,30,724.35",856,"22,051",63.8
TUBEINVEST,EQ,2017-02-06,600.45,601.0,620.0,601.0,608.0,607.3,608.06,"65,808","4,00,15,444.85","4,654","30,015",45.61
TUBEINVEST,EQ,2017-02-07,607.3,618.9,627.7,601.1,606.5,608.7,616.49,"1,06,798","6,58,39,702.90","7,359","40,550",37.97
TUBEINVEST,EQ,2017-02-08,608.7,604.2,615.0,602.65,613.0,610.75,607.57,"23,744","1,44,26,212.95","1,372","8,714",36.7
TUBEINVEST,EQ,2017-02-09,610.75,603.0,621.45,603.0,606.15,609.1,612.4,"52,628","3,22,29,320.45","1,937","31,781",60.39
TUBEINVEST,EQ,2017-02-10,609.1,611.0,613.65,603.0,606.3,609.0,609.74,"30,390","1,85,30,141.45","1,600","9,233",30.38
TUBEINVEST,EQ,2017-02-13,609.0,609.8,618.8,605.2,610.0,613.15,610.37,"58,996","3,60,09,323.60","2,075","30,845",52.28
TUBEINVEST,EQ,2017-02-14,613.15,610.05,615.0,605.0,608.0,609.2,608.98,"61,299","3,73,29,835.20","1,699","30,599",49.92
TUBEINVEST,EQ,2017-02-15,609.2,612.0,613.9,605.05,608.1,610.1,609.34,"35,316","2,15,19,367.65","1,819","12,854",36.4
TUBEINVEST,EQ,2017-02-16,610.1,615.0,630.05,606.2,625.0,624.65,620.33,"45,105","2,79,80,168.85","2,433","25,057",55.55
TUBEINVEST,EQ,2017-02-17,624.65,628.0,628.35,611.1,613.0,613.0,613.68,"49,834","3,05,82,033.95","2,885","42,889",86.06
TUBEINVEST,EQ,2017-02-20,613.0,617.45,620.35,610.0,611.5,612.6,613.92,"10,358","63,58,944.65",715,"4,132",39.89
TUBEINVEST,EQ,2017-02-21,612.6,616.2,616.25,603.0,605.05,605.3,606.47,"1,51,339","9,17,82,042.40",966,"1,38,089",91.24
TUBEINVEST,EQ,2017-02-22,605.3,602.05,611.0,602.05,610.9,608.9,607.59,"10,120","61,48,821.85",870,"7,883",77.9
TUBEINVEST,EQ,2017-02-23,608.9,614.85,618.45,605.85,613.85,613.0,612.02,"12,159","74,41,507.15","1,039","7,693",63.27
TUBEINVEST,EQ,2017-02-27,613.0,609.25,624.0,607.7,622.1,620.1,617.55,"85,557","5,28,36,082.50","3,547","74,991",87.65
TUBEINVEST,EQ,2017-02-28,620.1,617.45,627.0,612.05,624.9,622.8,619.29,"36,471","2,25,86,123.60","3,233","24,838",68.1
TUBEINVEST,EQ,2017-03-01,622.8,625.95,631.7,620.1,625.0,622.5,624.31,"20,460","1,27,73,360.80","1,215","11,448",55.95
TUBEINVEST,EQ,2017-03-02,622.5,618.25,628.0,607.65,624.0,625.15,621.01,"28,494","1,76,95,038.85","1,105","23,238",81.55
TUBEINVEST,EQ,2017-03-03,625.15,617.35,627.05,617.35,620.0,620.05,620.54,"35,325","2,19,20,705.85","1,789","25,522",72.25
TUBEINVEST,EQ,2017-03-06,620.05,626.85,626.9,614.55,617.0,617.1,618.7,"36,694","2,27,02,438.65","2,458","28,440",77.51
TUBEINVEST,EQ,2017-03-07,617.1,615.0,625.0,613.25,625.0,624.5,617.88,"38,425","2,37,42,061.80","2,644","30,984",80.64
TUBEINVEST,EQ,2017-03-08,624.5,623.0,640.0,608.05,608.8,612.6,627.7,"91,779","5,76,09,630.20","3,498","24,606",26.81
TUBEINVEST,EQ,2017-03-09,612.6,611.05,617.0,601.0,601.75,603.2,606.86,"13,938","84,58,403.25",698,"8,243",59.14
TUBEINVEST,EQ,2017-03-10,603.2,609.0,609.0,602.25,602.25,603.1,603.76,"12,971","78,31,381.20","1,088","9,585",73.9
TUBEINVEST,EQ,2017-03-14,603.1,605.6,616.0,595.3,601.5,604.15,603.17,"41,705","2,51,55,330.30","8,162","27,736",66.51
TUBEINVEST,EQ,2017-03-15,604.15,603.65,606.9,595.3,596.5,598.15,599.76,"26,584","1,59,43,933.10","1,456","17,109",64.36
TUBEINVEST,EQ,2017-03-16,598.15,604.2,614.5,599.0,609.0,608.55,604.76,"63,232","3,82,40,135.85","2,332","50,099",79.23
TUBEINVEST,EQ,2017-03-17,608.55,611.75,619.3,603.0,610.9,610.05,608.64,"55,646","3,38,68,234.55","2,171","39,966",71.82
TUBEINVEST,EQ,2017-03-20,610.05,606.25,617.0,605.0,608.0,608.45,608.08,"3,58,309","21,78,81,345.45","1,369","3,39,553",94.77
TUBEINVEST,EQ,2017-03-21,608.45,610.85,620.0,608.95,616.55,616.65,615.89,"35,275","2,17,25,632.95","2,633","19,303",54.72
TUBEINVEST,EQ,2017-03-22,616.65,605.5,620.0,605.0,605.0,607.85,614.46,"2,05,491","12,62,66,778.60","2,758","1,90,769",92.84
TUBEINVEST,EQ,2017-03-23,607.85,610.1,614.9,606.35,613.4,610.65,610.46,"33,284","2,03,18,466.10","2,321","26,146",78.55
TUBEINVEST,EQ,2017-03-24,610.65,607.05,618.95,605.0,605.4,605.75,609.53,"34,957","2,13,07,275.90","3,542","25,393",72.64
TUBEINVEST,EQ,2017-03-27,605.75,611.65,611.9,599.05,606.8,606.3,606.39,"46,209","2,80,20,893.30","2,142","24,155",52.27
TUBEINVEST,EQ,2017-03-28,606.3,608.95,610.95,601.75,604.95,603.75,605.2,"18,755","1,13,50,467.65",959,"11,991",63.93
TUBEINVEST,BL,2017-03-28,44.05,605.0,605.0,605.0,605.0,605.0,605.0,"8,90,000","53,84,50,000.00",1,"8,90,000",100.0
TUBEINVEST,EQ,2017-03-29,603.75,605.0,611.5,600.0,608.45,608.25,606.17,"22,517","1,36,49,167.70","1,470","13,080",58.09
TUBEINVEST,EQ,2017-03-30,608.25,612.0,615.0,607.6,608.0,610.4,610.78,"37,060","2,26,35,604.40","2,942","23,281",62.82
TUBEINVEST,EQ,2017-03-31,610.4,610.4,634.9,609.6,634.9,627.65,622.6,"68,792","4,28,29,590.65","3,626","58,358",84.83
TUBEINVEST,EQ,2017-04-03,627.65,635.0,642.5,619.25,620.0,623.75,626.9,"28,403","1,78,05,819.15","1,983","17,673",62.22
TUBEINVEST,EQ,2017-04-05,623.75,633.65,641.85,622.85,635.2,637.3,635.73,"43,208","2,74,68,655.95","4,579","28,277",65.44
TUBEINVEST,EQ,2017-04-06,637.3,643.55,643.55,629.5,636.0,635.15,636.79,"22,256","1,41,72,394.10","1,308","15,996",71.87
TUBEINVEST,EQ,2017-04-07,635.15,630.05,639.4,621.95,635.5,635.0,624.6,"1,44,795","9,04,39,461.90","4,173","1,33,939",92.5
TUBEINVEST,EQ,2017-04-10,635.0,636.0,641.7,622.15,641.0,638.75,635.74,"19,763","1,25,64,167.40","1,230","12,260",62.04
TUBEINVEST,EQ,2017-04-11,638.75,638.8,693.45,631.0,685.0,689.15,672.62,"1,73,135","11,64,53,464.35","8,476","71,046",41.04
TUBEINVEST,EQ,2017-04-12,689.15,690.0,729.7,690.0,712.7,709.2,713.68,"12,69,206","90,58,07,995.70","12,127","10,66,532",84.03
TUBEINVEST,EQ,2017-04-13,709.2,705.0,719.0,668.5,686.0,675.7,689.09,"80,655","5,55,78,232.15","4,283","33,199",41.16
TUBEINVEST,EQ,2017-04-17,675.7,675.7,703.9,675.7,698.95,698.3,690.52,"42,157","2,91,10,049.20","2,587","19,681",46.69
TUBEINVEST,EQ,2017-04-18,698.3,700.0,709.0,676.0,685.0,686.7,696.0,"43,646","3,03,77,546.85","4,400","25,777",59.06
TUBEINVEST,EQ,2017-04-19,686.7,688.0,692.65,672.2,689.0,685.8,680.58,"38,158","2,59,69,494.45","1,360","26,132",68.48
TUBEINVEST,EQ,2017-04-20,685.8,697.0,699.7,685.0,686.0,687.6,694.49,"2,68,290","18,63,25,277.45",921,"2,58,559",96.37
TUBEINVEST,EQ,2017-04-21,687.6,690.0,717.0,690.0,690.05,691.65,704.31,"63,108","4,44,47,700.00","3,064","37,959",60.15
TUBEINVEST,EQ,2017-04-24,691.65,698.8,706.0,687.45,690.55,690.35,698.8,"1,83,952","12,85,46,095.95","2,033","99,594",54.14
TUBEINVEST,EQ,2017-04-25,690.35,697.05,700.0,680.05,688.0,686.0,685.69,"2,62,653","18,00,99,848.10","3,494","2,41,870",92.09
TUBEINVEST,EQ,2017-04-26,686.0,695.0,696.95,682.1,688.85,690.25,689.61,"18,240","1,25,78,442.85",757,"8,385",45.97
TUBEINVEST,EQ,2017-04-27,690.25,690.25,694.55,675.0,678.95,680.6,681.86,"1,47,035","10,02,57,058.30",894,"86,642",58.93
TUBEINVEST,EQ,2017-04-28,680.6,680.9,681.15,673.0,675.0,675.1,677.05,"21,428","1,45,07,817.25","2,764","15,573",72.68
TUBEINVEST,EQ,2017-05-02,675.1,681.9,689.0,666.0,671.6,675.35,676.75,"77,786","5,26,41,665.00","5,917","57,094",73.4
TUBEINVEST,EQ,2017-05-03,675.35,686.95,695.0,668.75,685.0,688.25,679.31,"69,767","4,73,93,120.40","2,913","57,162",81.93
TUBEINVEST,EQ,2017-05-04,688.25,684.1,704.9,681.1,700.0,700.8,698.0,"1,72,300","12,02,64,896.35","5,336","1,05,638",61.31
TUBEINVEST,EQ,2017-05-05,700.8,700.8,706.75,687.9,698.0,700.15,697.59,"41,106","2,86,75,071.00","1,958","24,188",58.84
TUBEINVEST,EQ,2017-05-08,700.15,694.2,702.15,682.1,682.3,684.75,685.97,"1,67,169","11,46,73,292.90","2,688","77,687",46.47
TUBEINVEST,EQ,2017-05-09,684.75,693.15,694.6,684.0,690.0,689.45,688.57,"38,440","2,64,68,535.45","2,554","25,844",67.23
TUBEINVEST,EQ,2017-05-10,689.45,689.45,713.9,682.65,701.0,700.2,699.81,"67,691","4,73,70,501.90","3,707","30,317",44.79
TUBEINVEST,EQ,2017-05-11,700.2,711.35,711.35,685.0,690.0,690.0,690.63,"1,38,091","9,53,69,800.35","1,551","59,953",43.42
TUBEINVEST,EQ,2017-05-12,690.0,697.55,697.65,682.1,687.45,685.65,688.33,"32,433","2,23,24,716.00","4,437","19,192",59.17
TUBEINVEST,EQ,2017-05-15,685.65,690.0,705.0,663.75,703.0,690.05,679.24,"2,47,815","16,83,26,196.70","8,205","61,357",24.76
TUBEINVEST,EQ,2017-05-16,690.05,692.2,703.0,687.1,687.15,693.65,696.0,"51,417","3,57,86,431.10","3,731","23,741",46.17
TUBEINVEST,EQ,2017-05-17,693.65,690.0,700.0,670.05,681.0,676.85,684.57,"88,363","6,04,90,760.25","2,351","47,224",53.44
TUBEINVEST,EQ,2017-05-18,676.85,679.35,683.35,666.7,670.4,673.15,673.89,"73,846","4,97,63,714.35","1,398","54,486",73.78
TUBEINVEST,EQ,2017-05-19,673.15,670.0,682.85,665.4,670.0,669.25,675.5,"30,783","2,07,94,060.10","7,463","19,844",64.46
TUBEINVEST,EQ,2017-05-22,669.25,676.0,680.05,650.55,658.7,654.0,659.14,"21,207","1,39,78,325.10",925,"13,200",62.24
TUBEINVEST,EQ,2017-05-23,654.0,659.95,664.0,630.05,662.4,657.65,645.74,"61,835","3,99,29,549.90","5,850","37,794",61.12
TUBEINVEST,EQ,2017-05-24,657.65,657.05,684.8,648.9,676.0,676.25,659.47,"82,896","5,46,67,357.35","1,966","67,500",81.43
TUBEINVEST,EQ,2017-05-25,676.25,670.0,680.0,663.65,680.0,679.25,672.69,"33,591","2,25,96,348.30","1,625","18,842",56.09
TUBEINVEST,EQ,2017-05-26,679.25,680.0,692.0,676.35,682.0,685.35,684.04,"29,435","2,01,34,840.15","3,796","19,340",65.7
TUBEINVEST,EQ,2017-05-29,685.35,685.4,685.9,667.05,667.55,672.45,678.58,"13,222","89,72,201.00",530,"9,393",71.04
TUBEINVEST,EQ,2017-05-30,672.45,671.95,686.25,666.15,685.0,684.85,680.67,"21,417","1,45,77,949.35","2,617","15,917",74.32
TUBEINVEST,EQ,2017-05-31,684.85,685.0,696.0,679.85,690.0,692.35,690.87,"37,965","2,62,29,054.50","2,097","22,828",60.13
TUBEINVEST,EQ,2017-06-01,692.35,692.4,694.95,679.05,682.0,682.5,685.45,"10,364","71,03,953.75",950,"6,577",63.46
TUBEINVEST,EQ,2017-06-02,682.5,683.05,691.7,649.95,660.0,663.25,667.13,"63,328","4,22,48,224.25","1,834","39,896",63.0
TUBEINVEST,EQ,2017-06-05,663.25,663.95,674.9,663.0,672.0,672.45,668.08,"25,413","1,69,77,813.35","1,036","15,574",61.28
TUBEINVEST,EQ,2017-06-06,672.45,674.7,684.7,670.05,674.8,675.15,678.54,"14,279","96,88,903.65",724,"9,221",64.58
TUBEINVEST,EQ,2017-06-07,675.15,680.9,692.7,671.0,692.0,687.75,680.03,"69,288","4,71,18,214.65","2,837","59,551",85.95
TUBEINVEST,EQ,2017-06-08,687.75,685.0,706.0,684.1,702.0,701.35,695.08,"57,625","4,00,54,252.55","3,530","37,312",64.75
TUBEINVEST,EQ,2017-06-09,701.35,701.35,710.0,690.05,703.0,706.15,701.09,"19,814","1,38,91,434.15","2,406","11,729",59.2
TUBEINVEST,EQ,2017-06-12,706.15,710.0,735.0,695.0,696.1,705.9,723.74,"1,58,337","11,45,94,901.10","5,731","52,120",32.92
TUBEINVEST,EQ,2017-06-13,705.9,703.4,715.0,695.25,707.95,703.1,705.82,"45,255","3,19,41,930.15","3,119","20,957",46.31
TUBEINVEST,EQ,2017-06-14,703.1,704.0,715.0,695.0,697.0,701.2,697.78,"2,69,151","18,78,07,899.65","2,998","2,51,641",93.49
TUBEINVEST,EQ,2017-06-15,701.2,700.0,714.85,695.4,703.0,700.1,703.28,"1,29,890","9,13,49,076.05","5,852","78,933",60.77
TUBEINVEST,EQ,2017-06-16,700.1,700.0,707.25,690.0,691.1,693.6,696.65,"69,102","4,81,40,133.20","2,264","45,103",65.27
TUBEINVEST,EQ,2017-06-19,693.6,698.0,709.4,694.0,706.6,703.4,702.61,"18,508","1,30,03,813.45","2,086","7,757",41.91
TUBEINVEST,EQ,2017-06-20,703.4,691.0,714.0,667.45,675.0,679.6,686.91,"78,691","5,40,53,850.50","4,333","48,552",61.7
TUBEINVEST,EQ,2017-06-21,679.6,675.0,686.85,665.2,671.1,670.45,672.94,"1,47,908","9,95,33,836.95","3,316","67,008",45.3
TUBEINVEST,EQ,2017-06-22,670.45,670.45,684.0,664.1,664.4,666.9,669.86,"1,16,139","7,77,96,880.40","2,735","46,417",39.97
TUBEINVEST,EQ,2017-06-23,666.9,661.05,671.15,655.3,657.0,662.95,661.31,"35,261","2,33,18,467.85","1,193","24,238",68.74
TUBEINVEST,EQ,2017-06-27,662.95,665.0,676.45,647.15,666.0,665.6,664.6,"72,244","4,80,13,664.40","3,060","53,245",73.7
TUBEINVEST,EQ,2017-06-28,665.6,665.3,668.85,643.1,649.95,654.35,655.73,"1,64,873","10,81,11,813.15","4,590","1,18,746",72.02
TUBEINVEST,EQ,2017-06-29,654.35,656.9,662.8,655.0,659.95,659.9,658.81,"1,91,154","12,59,34,663.30","6,213","1,68,027",87.9
TUBEINVEST,EQ,2017-06-30,659.9,664.95,669.0,652.2,667.8,667.5,664.69,"47,764","3,17,48,373.50","2,618","31,632",66.23
TUBEINVEST,EQ,2017-07-03,667.5,666.65,696.0,665.5,689.0,690.35,685.05,"41,866","2,86,80,185.05","3,350","23,223",55.47
TUBEINVEST,EQ,2017-07-04,690.35,699.0,712.0,691.0,702.5,704.05,703.87,"74,397","5,23,66,185.65","3,575","35,517",47.74
TUBEINVEST,EQ,2017-07-05,704.05,702.0,712.0,678.15,694.7,685.65,694.88,"1,15,285","8,01,09,768.85","2,943","75,383",65.39
TUBEINVEST,EQ,2017-07-06,685.65,697.35,708.0,690.05,700.0,701.2,700.53,"78,956","5,53,11,389.30","1,924","59,622",75.51
TUBEINVEST,EQ,2017-07-07,701.2,704.0,756.0,696.5,744.0,745.05,717.75,"6,38,992","45,86,37,597.85","10,505","4,15,033",64.95
TUBEINVEST,EQ,2017-07-10,745.05,750.95,782.45,726.0,776.5,774.7,769.24,"92,704","7,13,11,956.20","3,412","40,175",43.34
TUBEINVEST,EQ,2017-07-11,774.7,774.7,774.7,735.0,735.85,737.9,752.71,"93,025","7,00,20,495.10","5,898","47,008",50.53
TUBEINVEST,EQ,2017-07-12,737.9,739.9,749.15,716.0,732.0,728.05,732.04,"96,366","7,05,43,535.90","5,023","59,052",61.28
TUBEINVEST,EQ,2017-07-13,728.05,735.0,746.0,728.4,733.0,734.15,736.09,"53,310","3,92,41,166.90","3,095","32,182",60.37
TUBEINVEST,EQ,2017-07-14,734.15,735.0,738.0,725.0,729.0,729.15,732.35,"62,907","4,60,70,076.75","4,002","36,574",58.14
TUBEINVEST,EQ,2017-07-17,729.15,730.0,740.0,719.05,739.95,730.7,731.31,"74,239","5,42,91,711.85","4,203","43,362",58.41
TUBEINVEST,EQ,2017-07-18,730.7,737.5,764.9,731.4,741.0,737.0,751.85,"1,25,373","9,42,61,580.35","6,953","49,610",39.57
TUBEINVEST,EQ,2017-07-19,737.0,742.0,754.0,739.35,747.0,741.9,744.21,"1,11,586","8,30,42,994.85","3,883","83,023",74.4
TUBEINVEST,EQ,2017-07-20,741.9,747.0,775.0,742.5,765.05,760.5,758.72,"1,84,002","13,96,06,204.35","2,443","1,56,354",84.97
TUBEINVEST,EQ,2017-07-21,760.5,765.05,765.05,735.8,752.1,750.7,746.8,"79,057","5,90,39,866.10","3,307","49,312",62.38
TUBEINVEST,EQ,2017-07-24,750.7,738.7,796.0,738.7,785.0,782.05,764.81,"1,09,713","8,39,09,682.80","3,370","73,075",66.61
TUBEINVEST,EQ,2017-07-25,782.05,794.0,795.0,765.4,775.0,774.45,775.9,"80,405","6,23,86,003.35","4,360","46,466",57.79
TUBEINVEST,EQ,2017-07-26,774.45,775.0,796.0,769.0,773.5,775.8,779.67,"71,880","5,60,42,732.80","3,878","40,632",56.53
TUBEINVEST,EQ,2017-07-27,775.8,782.75,782.8,762.0,768.2,768.35,765.24,"12,73,800","97,47,62,939.20","8,601","12,22,637",95.98
TUBEINVEST,EQ,2017-07-28,768.35,773.0,783.0,757.0,773.0,771.25,769.98,"41,364","3,18,49,463.00","2,232","25,820",62.42
TUBEINVEST,EQ,2017-07-31,771.25,756.0,784.0,756.0,781.0,775.6,772.79,"19,035","1,47,10,032.45","1,219","11,644",61.17
TUBEINVEST,EQ,2017-08-01,775.6,776.6,779.9,768.8,769.6,776.6,774.75,"20,195","1,56,45,993.40","1,872","12,222",60.52
TUBEINVEST,EQ,2017-08-02,776.6,777.95,790.0,770.35,770.4,774.2,780.18,"46,648","3,63,93,960.15","2,597","19,764",42.37
TUBEINVEST,EQ,2017-08-03,774.2,777.0,779.15,751.6,753.1,758.45,765.22,"1,07,365","8,21,57,941.35","4,454","66,408",61.85
TUBEINVEST,EQ,2017-08-04,758.45,759.0,760.05,747.25,755.75,751.3,751.28,"33,785","2,53,82,090.25","1,417","20,856",61.73
TUBEINVEST,EQ,2017-08-07,751.3,760.0,774.0,751.1,768.0,769.05,757.58,"1,40,554","10,64,81,345.50","1,918","1,12,212",79.84
TUBEINVEST,EQ,2017-08-08,769.05,769.15,775.0,750.1,769.7,768.25,763.17,"51,954","3,96,49,704.05","3,168","24,270",46.71
TUBEINVEST,EQ,2017-08-09,768.25,761.3,770.0,750.05,766.05,766.5,764.3,"21,593","1,65,03,539.40","1,242","10,295",47.68
TUBEINVEST,EQ,2017-08-10,766.5,760.0,760.0,732.05,754.0,753.75,752.19,"95,853","7,20,99,375.70","3,699","59,222",61.78
TUBEINVEST,EQ,2017-08-11,753.75,744.4,770.95,744.0,765.0,766.3,755.53,"73,058","5,51,97,587.25","3,822","36,477",49.93
TUBEINVEST,EQ,2017-08-14,766.3,779.0,824.0,770.0,795.8,796.6,799.66,"2,53,734","20,29,00,447.00","11,256","1,19,716",47.18
TUBEINVEST,EQ,2017-08-16,796.6,809.0,830.0,796.6,823.55,817.1,809.62,"1,20,479","9,75,42,061.60","4,211","85,192",70.71
TUBEINVEST,EQ,2017-08-17,817.1,828.95,862.0,814.0,824.05,821.85,836.93,"2,03,089","16,99,72,269.30","7,493","79,237",39.02
TUBEINVEST,EQ,2017-08-18,821.85,820.0,845.0,807.65,827.2,826.1,830.46,"1,01,352","8,41,68,628.80","4,546","67,873",66.97
TUBEINVEST,EQ,2017-08-21,826.1,835.0,836.4,801.1,804.0,807.85,819.07,"96,610","7,91,30,635.60","5,092","73,873",76.47
TUBEINVEST,EQ,2017-08-22,807.85,815.8,815.8,796.6,796.7,799.35,806.65,"90,330","7,28,64,559.95","3,073","72,986",80.8
TUBEINVEST,EQ,2017-08-23,799.35,799.2,813.85,786.15,808.0,793.2,795.09,"2,03,918","16,21,32,582.75","2,612","1,56,913",76.95
